1,1,18,238,13,11,1,-1,-1,-1
1,2,34,241,4,3,1,-1,-1,-1
1,3,40,247,3,3,1,-1,-1,-1
1,4,38,253,7,7,1,-1,-1,-1
1,5,16,257,4,5,1,-1,-1,-1
2,1,48,233,3,3,1,-1,-1,-1
2,2,16,238,17,10,1,-1,-1,-1
2,3,34,239,4,3,1,-1,-1,-1
2,4,41,245,4,4,1,-1,-1,-1
2,5,36,250,10,12,1,-1,-1,-1
2,6,22,265,3,3,1,-1,-1,-1
3,1,48,233,3,3,1,-1,-1,-1
3,2,16,236,22,12,1,-1,-1,-1
3,3,36,245,10,17,1,-1,-1,-1
3,4,22,265,3,3,1,-1,-1,-1
4,1,49,232,3,3,1,-1,-1,-1
4,2,19,235,17,13,1,-1,-1,-1
4,3,35,238,6,4,1,-1,-1,-1
4,4,42,244,3,3,1,-1,-1,-1
4,5,44,248,3,3,1,-1,-1,-1
4,6,40,253,9,7,1,-1,-1,-1
4,7,23,260,5,6,1,-1,-1,-1
5,1,49,232,3,3,1,-1,-1,-1
5,2,19,235,17,13,1,-1,-1,-1
5,3,35,238,6,4,1,-1,-1,-1
5,4,42,244,3,3,1,-1,-1,-1
5,5,44,248,3,4,1,-1,-1,-1
5,6,40,253,9,7,1,-1,-1,-1
5,7,23,260,5,6,1,-1,-1,-1
6,1,21,235,15,11,1,-1,-1,-1
6,2,36,237,6,3,1,-1,-1,-1
6,3,40,250,8,6,1,-1,-1,-1
6,4,20,253,4,5,1,-1,-1,-1
6,5,24,259,5,5,1,-1,-1,-1
7,1,21,235,15,11,1,-1,-1,-1
7,2,36,237,6,3,1,-1,-1,-1
7,3,39,249,9,7,1,-1,-1,-1
7,4,20,253,4,5,1,-1,-1,-1
7,5,24,259,5,5,1,-1,-1,-1
8,1,22,233,15,11,1,-1,-1,-1
8,2,38,235,5,4,1,-1,-1,-1
8,3,40,246,11,14,1,-1,-1,-1
8,4,24,261,4,3,1,-1,-1,-1
9,1,22,233,15,11,1,-1,-1,-1
9,2,38,235,5,4,1,-1,-1,-1
9,3,40,246,6,8,1,-1,-1,-1
9,4,47,251,3,3,1,-1,-1,-1
9,5,45,256,6,4,1,-1,-1,-1
9,6,24,261,4,3,1,-1,-1,-1
10,1,22,232,17,10,1,-1,-1,-1
10,2,34,234,4,3,1,-1,-1,-1
10,3,39,234,4,3,1,-1,-1,-1
10,4,43,247,9,11,1,-1,-1,-1
10,5,27,257,5,6,1,-1,-1,-1
11,1,22,232,17,11,1,-1,-1,-1
11,2,34,234,4,3,1,-1,-1,-1
11,3,39,234,4,3,1,-1,-1,-1
11,4,41,245,11,13,1,-1,-1,-1
11,5,27,256,5,7,1,-1,-1,-1
12,1,24,231,15,10,1,-1,-1,-1
12,2,40,233,5,3,1,-1,-1,-1
12,3,42,243,11,12,1,-1,-1,-1
12,4,23,249,3,4,1,-1,-1,-1
12,5,28,256,5,5,1,-1,-1,-1
13,1,24,231,15,10,1,-1,-1,-1
13,2,40,233,5,3,1,-1,-1,-1
13,3,42,243,11,12,1,-1,-1,-1
13,4,23,249,3,4,1,-1,-1,-1
13,5,28,256,5,5,1,-1,-1,-1
14,1,25,230,21,10,1,-1,-1,-1
14,2,45,243,9,10,1,-1,-1,-1
14,3,30,253,5,4,1,-1,-1,-1
14,4,50,254,4,3,1,-1,-1,-1
15,1,25,230,23,10,1,-1,-1,-1
15,2,43,242,11,11,1,-1,-1,-1
15,3,30,253,5,5,1,-1,-1,-1
15,4,50,254,4,3,1,-1,-1,-1
16,1,26,228,16,12,1,-1,-1,-1
16,2,42,230,5,3,1,-1,-1,-1
16,3,45,241,11,14,1,-1,-1,-1
16,4,26,249,3,3,1,-1,-1,-1
17,1,27,228,15,12,1,-1,-1,-1
17,2,42,230,5,3,1,-1,-1,-1
17,3,45,241,11,14,1,-1,-1,-1
17,4,24,245,4,3,1,-1,-1,-1
17,5,26,249,3,3,1,-1,-1,-1
18,1,25,226,18,11,1,-1,-1,-1
18,2,45,229,3,3,1,-1,-1,-1
18,3,47,240,10,13,1,-1,-1,-1
18,4,32,253,3,5,1,-1,-1,-1
19,1,25,226,18,12,1,-1,-1,-1
19,2,44,229,4,3,1,-1,-1,-1
19,3,47,240,11,13,1,-1,-1,-1
19,4,22,248,3,3,1,-1,-1,-1
19,5,32,253,3,5,1,-1,-1,-1
20,1,27,226,18,11,1,-1,-1,-1
20,2,45,227,5,3,1,-1,-1,-1
20,3,48,239,10,14,1,-1,-1,-1
20,4,53,238,3,3,1,-1,-1,-1
20,5,27,247,3,3,1,-1,-1,-1
20,6,33,251,3,5,1,-1,-1,-1
21,1,29,225,16,12,1,-1,-1,-1
21,2,45,227,5,3,1,-1,-1,-1
21,3,48,239,10,14,1,-1,-1,-1
21,4,53,238,3,3,1,-1,-1,-1
21,5,27,247,3,3,1,-1,-1,-1
21,6,33,251,3,5,1,-1,-1,-1
22,1,30,224,15,11,1,-1,-1,-1
22,2,46,225,5,4,1,-1,-1,-1
22,3,48,236,12,15,1,-1,-1,-1
22,4,29,242,6,5,1,-1,-1,-1
22,5,34,248,6,5,1,-1,-1,-1
23,1,30,224,15,11,1,-1,-1,-1
23,2,46,225,5,4,1,-1,-1,-1
23,3,48,236,12,15,1,-1,-1,-1
23,4,29,242,6,5,1,-1,-1,-1
23,5,34,248,6,5,1,-1,-1,-1
24,1,33,223,14,11,1,-1,-1,-1
24,2,48,224,5,4,1,-1,-1,-1
24,3,51,236,11,16,1,-1,-1,-1
25,1,33,223,14,11,1,-1,-1,-1
25,2,48,224,5,4,1,-1,-1,-1
25,3,51,236,10,16,1,-1,-1,-1
25,4,26,243,3,3,1,-1,-1,-1
26,1,61,213,3,3,1,-1,-1,-1
26,2,30,221,19,11,1,-1,-1,-1
26,3,49,222,4,4,1,-1,-1,-1
26,4,52,235,9,15,1,-1,-1,-1
26,5,32,240,5,5,1,-1,-1,-1
26,6,37,249,3,3,1,-1,-1,-1
27,1,30,221,19,11,1,-1,-1,-1
27,2,49,222,4,4,1,-1,-1,-1
27,3,52,235,9,15,1,-1,-1,-1
27,4,32,240,5,5,1,-1,-1,-1
27,5,37,249,3,3,1,-1,-1,-1
28,1,64,214,3,5,1,-1,-1,-1
28,2,32,220,17,11,1,-1,-1,-1
28,3,50,221,5,4,1,-1,-1,-1
28,4,53,233,11,15,1,-1,-1,-1
28,5,33,238,3,4,1,-1,-1,-1
28,6,28,240,3,3,1,-1,-1,-1
28,7,40,240,3,3,1,-1,-1,-1
28,8,38,245,5,5,1,-1,-1,-1
29,1,64,214,3,5,1,-1,-1,-1
29,2,32,220,17,11,1,-1,-1,-1
29,3,50,221,5,4,1,-1,-1,-1
29,4,53,233,11,15,1,-1,-1,-1
29,5,33,238,3,4,1,-1,-1,-1
29,6,40,240,3,3,1,-1,-1,-1
29,7,38,245,5,5,1,-1,-1,-1
30,1,33,219,18,10,1,-1,-1,-1
30,2,52,220,4,3,1,-1,-1,-1
30,3,54,231,10,12,1,-1,-1,-1
30,4,39,242,5,6,1,-1,-1,-1
31,1,33,219,18,10,1,-1,-1,-1
31,2,52,220,4,3,1,-1,-1,-1
31,3,54,231,10,12,1,-1,-1,-1
31,4,39,242,5,6,1,-1,-1,-1
32,1,34,217,24,10,1,-1,-1,-1
32,2,56,231,10,12,1,-1,-1,-1
32,3,36,235,4,5,1,-1,-1,-1
32,4,40,243,4,5,1,-1,-1,-1
33,1,34,217,24,10,1,-1,-1,-1
33,2,56,231,10,12,1,-1,-1,-1
33,3,36,235,4,5,1,-1,-1,-1
33,4,40,243,4,5,1,-1,-1,-1
34,1,37,216,15,10,1,-1,-1,-1
34,2,55,217,4,4,1,-1,-1,-1
34,3,61,224,3,3,1,-1,-1,-1
34,4,56,228,11,14,1,-1,-1,-1
34,5,41,241,6,5,1,-1,-1,-1
35,1,37,216,15,10,1,-1,-1,-1
35,2,55,217,4,4,1,-1,-1,-1
35,3,61,224,3,3,1,-1,-1,-1
35,4,56,228,11,14,1,-1,-1,-1
35,5,36,234,3,4,1,-1,-1,-1
35,6,41,241,4,5,1,-1,-1,-1
36,1,39,215,15,11,1,-1,-1,-1
36,2,55,216,4,3,1,-1,-1,-1
36,3,62,223,3,3,1,-1,-1,-1
36,4,59,227,9,12,1,-1,-1,-1
36,5,43,238,5,6,1,-1,-1,-1
37,1,39,214,15,12,1,-1,-1,-1
37,2,55,216,4,3,1,-1,-1,-1
37,3,59,227,8,9,1,-1,-1,-1
37,4,65,236,3,3,1,-1,-1,-1
37,5,43,238,5,6,1,-1,-1,-1
38,1,38,213,24,11,1,-1,-1,-1
38,2,59,226,11,17,1,-1,-1,-1
38,3,41,233,4,3,1,-1,-1,-1
38,4,44,237,5,8,1,-1,-1,-1
39,1,70,209,3,3,1,-1,-1,-1
39,2,38,213,24,11,1,-1,-1,-1
39,3,59,226,11,17,1,-1,-1,-1
39,4,41,233,4,3,1,-1,-1,-1
39,5,44,237,5,8,1,-1,-1,-1
40,1,72,207,3,3,1,-1,-1,-1
40,2,40,212,18,10,1,-1,-1,-1
40,3,59,213,4,4,1,-1,-1,-1
40,4,60,224,11,13,1,-1,-1,-1
40,5,46,239,3,3,1,-1,-1,-1
41,1,72,207,3,3,1,-1,-1,-1
41,2,40,212,18,10,1,-1,-1,-1
41,3,59,213,4,4,1,-1,-1,-1
41,4,60,224,11,13,1,-1,-1,-1
41,5,46,239,3,3,1,-1,-1,-1
42,1,41,211,18,10,1,-1,-1,-1
42,2,59,212,6,4,1,-1,-1,-1
42,3,66,219,3,4,1,-1,-1,-1
42,4,62,224,9,9,1,-1,-1,-1
42,5,69,229,3,6,1,-1,-1,-1
42,6,48,237,3,4,1,-1,-1,-1
43,1,73,205,3,3,1,-1,-1,-1
43,2,41,211,18,10,1,-1,-1,-1
43,3,59,212,6,4,1,-1,-1,-1
43,4,66,219,3,4,1,-1,-1,-1
43,5,62,224,9,9,1,-1,-1,-1
43,6,69,229,3,6,1,-1,-1,-1
43,7,48,237,3,4,1,-1,-1,-1
44,1,44,210,15,10,1,-1,-1,-1
44,2,60,211,5,3,1,-1,-1,-1
44,3,67,217,3,3,1,-1,-1,-1
44,4,65,222,9,14,1,-1,-1,-1
44,5,44,228,10,10,1,-1,-1,-1
45,1,44,210,15,10,1,-1,-1,-1
45,2,60,211,5,3,1,-1,-1,-1
45,3,67,217,3,3,1,-1,-1,-1
45,4,65,222,9,14,1,-1,-1,-1
45,5,44,228,10,10,1,-1,-1,-1
46,1,44,209,17,10,1,-1,-1,-1
46,2,62,210,4,3,1,-1,-1,-1
46,3,68,215,3,3,1,-1,-1,-1
46,4,64,220,11,14,1,-1,-1,-1
46,5,45,226,3,4,1,-1,-1,-1
47,1,44,209,17,10,1,-1,-1,-1
47,2,62,210,4,3,1,-1,-1,-1
47,3,68,215,3,3,1,-1,-1,-1
47,4,64,220,11,14,1,-1,-1,-1
47,5,45,226,3,4,1,-1,-1,-1
48,1,77,201,3,3,1,-1,-1,-1
48,2,46,207,16,10,1,-1,-1,-1
48,3,63,208,4,3,1,-1,-1,-1
48,4,70,213,3,3,1,-1,-1,-1
48,5,65,219,11,13,1,-1,-1,-1
48,6,50,232,3,3,1,-1,-1,-1
49,1,77,201,3,3,1,-1,-1,-1
49,2,46,207,16,10,1,-1,-1,-1
49,3,63,208,4,3,1,-1,-1,-1
49,4,70,213,3,3,1,-1,-1,-1
49,5,65,219,12,13,1,-1,-1,-1
49,6,50,232,3,3,1,-1,-1,-1
50,1,78,200,3,3,1,-1,-1,-1
50,2,47,205,21,11,1,-1,-1,-1
50,3,66,218,11,12,1,-1,-1,-1
50,4,48,226,3,3,1,-1,-1,-1
51,1,78,200,3,3,1,-1,-1,-1
51,2,46,204,22,12,1,-1,-1,-1
51,3,66,218,11,12,1,-1,-1,-1
51,4,47,226,4,3,1,-1,-1,-1
52,1,48,204,17,12,1,-1,-1,-1
52,2,64,206,6,4,1,-1,-1,-1
52,3,67,216,11,13,1,-1,-1,-1
52,4,53,231,3,3,1,-1,-1,-1
52,5,74,230,4,3,1,-1,-1,-1
53,1,46,204,19,12,1,-1,-1,-1
53,2,64,206,6,4,1,-1,-1,-1
53,3,67,216,10,13,1,-1,-1,-1
53,4,53,231,3,3,1,-1,-1,-1
53,5,74,230,4,4,1,-1,-1,-1
54,1,48,203,19,12,1,-1,-1,-1
54,2,67,205,4,3,1,-1,-1,-1
54,3,73,211,3,3,1,-1,-1,-1
54,4,68,215,12,15,1,-1,-1,-1
54,5,52,223,7,10,1,-1,-1,-1
55,1,48,203,19,12,1,-1,-1,-1
55,2,67,205,4,3,1,-1,-1,-1
55,3,73,211,3,3,1,-1,-1,-1
55,4,68,215,11,13,1,-1,-1,-1
55,5,52,223,7,9,1,-1,-1,-1
56,1,50,202,17,10,1,-1,-1,-1
56,2,68,203,4,4,1,-1,-1,-1
56,3,74,209,3,4,1,-1,-1,-1
56,4,70,214,10,14,1,-1,-1,-1
56,5,55,225,5,5,1,-1,-1,-1
57,1,50,202,17,10,1,-1,-1,-1
57,2,68,203,5,4,1,-1,-1,-1
57,3,74,209,3,4,1,-1,-1,-1
57,4,70,214,10,14,1,-1,-1,-1
57,5,55,225,5,5,1,-1,-1,-1
58,1,52,201,23,10,1,-1,-1,-1
58,2,71,213,10,11,1,-1,-1,-1
58,3,51,221,3,4,1,-1,-1,-1
59,1,52,201,23,10,1,-1,-1,-1
59,2,71,213,10,11,1,-1,-1,-1
59,3,51,221,3,4,1,-1,-1,-1
60,1,51,200,20,10,1,-1,-1,-1
60,2,69,201,5,3,1,-1,-1,-1
60,3,314,201,3,3,1,-1,-1,-1
60,4,76,206,3,5,1,-1,-1,-1
60,5,72,212,11,14,1,-1,-1,-1
60,6,54,219,3,3,1,-1,-1,-1
60,7,57,223,6,5,1,-1,-1,-1
61,1,51,200,20,10,1,-1,-1,-1
61,2,69,201,5,3,1,-1,-1,-1
61,3,314,201,3,3,1,-1,-1,-1
61,4,76,206,3,5,1,-1,-1,-1
61,5,72,212,11,14,1,-1,-1,-1
61,6,54,219,3,3,1,-1,-1,-1
61,7,57,223,6,5,1,-1,-1,-1
62,1,53,199,16,10,1,-1,-1,-1
62,2,71,200,4,3,1,-1,-1,-1
62,3,73,211,10,11,1,-1,-1,-1
62,4,81,221,3,3,1,-1,-1,-1
63,1,53,199,16,10,1,-1,-1,-1
63,2,71,200,4,3,1,-1,-1,-1
63,3,73,211,10,11,1,-1,-1,-1
63,4,81,221,3,3,1,-1,-1,-1
64,1,56,197,15,11,1,-1,-1,-1
64,2,71,199,5,3,1,-1,-1,-1
64,3,74,209,10,12,1,-1,-1,-1
64,4,55,216,4,3,1,-1,-1,-1
64,5,81,223,4,3,1,-1,-1,-1
65,1,56,197,15,11,1,-1,-1,-1
65,2,71,199,5,3,1,-1,-1,-1
65,3,74,209,10,12,1,-1,-1,-1
65,4,55,216,4,3,1,-1,-1,-1
65,5,81,223,4,3,1,-1,-1,-1
66,1,457,76,3,3,1,-1,-1,-1
66,2,56,196,16,10,1,-1,-1,-1
66,3,74,198,3,3,1,-1,-1,-1
66,4,75,208,10,13,1,-1,-1,-1
66,5,56,215,3,3,1,-1,-1,-1
66,6,82,222,4,4,1,-1,-1,-1
67,1,56,196,16,10,1,-1,-1,-1
67,2,74,198,3,3,1,-1,-1,-1
67,3,75,208,10,13,1,-1,-1,-1
67,4,56,215,3,3,1,-1,-1,-1
67,5,408,225,3,3,1,-1,-1,-1
68,1,315,192,3,3,1,-1,-1,-1
68,2,57,195,15,10,1,-1,-1,-1
68,3,74,196,4,4,1,-1,-1,-1
68,4,76,207,10,13,1,-1,-1,-1
69,1,315,192,3,3,1,-1,-1,-1
69,2,57,195,15,10,1,-1,-1,-1
69,3,74,196,4,4,1,-1,-1,-1
69,4,76,207,10,13,1,-1,-1,-1
70,1,58,194,17,10,1,-1,-1,-1
70,2,76,196,3,3,1,-1,-1,-1
70,3,77,206,10,10,1,-1,-1,-1
70,4,57,215,3,3,1,-1,-1,-1
70,5,62,219,3,3,1,-1,-1,-1
71,1,58,194,17,10,1,-1,-1,-1
71,2,76,196,3,3,1,-1,-1,-1
71,3,77,206,10,10,1,-1,-1,-1
71,4,57,215,3,3,1,-1,-1,-1
71,5,62,219,3,3,1,-1,-1,-1
72,1,60,193,3,4,1,-1,-1,-1
72,2,64,193,11,10,1,-1,-1,-1
72,3,77,195,3,3,1,-1,-1,-1
72,4,77,205,12,13,1,-1,-1,-1
72,5,59,213,3,3,1,-1,-1,-1
72,6,85,219,3,4,1,-1,-1,-1
73,1,455,80,3,3,1,-1,-1,-1
73,2,60,193,3,4,1,-1,-1,-1
73,3,64,193,11,10,1,-1,-1,-1
73,4,77,195,3,3,1,-1,-1,-1
73,5,77,205,12,13,1,-1,-1,-1
73,6,59,213,3,3,1,-1,-1,-1
73,7,85,219,3,4,1,-1,-1,-1
74,1,58,192,18,10,1,-1,-1,-1
74,2,77,193,5,4,1,-1,-1,-1
74,3,79,204,10,13,1,-1,-1,-1
74,4,60,212,3,3,1,-1,-1,-1
75,1,58,192,18,10,1,-1,-1,-1
75,2,77,193,5,4,1,-1,-1,-1
75,3,79,204,10,13,1,-1,-1,-1
75,4,60,212,3,3,1,-1,-1,-1
76,1,62,191,16,10,1,-1,-1,-1
76,2,78,192,3,3,1,-1,-1,-1
76,3,80,203,11,13,1,-1,-1,-1
76,4,66,218,3,3,1,-1,-1,-1
77,1,62,191,15,10,1,-1,-1,-1
77,2,78,192,4,3,1,-1,-1,-1
77,3,80,203,11,13,1,-1,-1,-1
78,1,456,78,3,3,1,-1,-1,-1
78,2,92,184,3,3,1,-1,-1,-1
78,3,64,190,13,9,1,-1,-1,-1
78,4,73,190,3,3,1,-1,-1,-1
78,5,81,192,3,3,1,-1,-1,-1
78,6,81,202,10,10,1,-1,-1,-1
79,1,456,78,3,3,1,-1,-1,-1
79,2,92,184,3,3,1,-1,-1,-1
79,3,64,190,14,10,1,-1,-1,-1
79,4,76,191,3,3,1,-1,-1,-1
79,5,81,192,3,3,1,-1,-1,-1
79,6,81,202,9,10,1,-1,-1,-1
80,1,64,188,15,11,1,-1,-1,-1
80,2,77,190,7,3,1,-1,-1,-1
80,3,82,201,7,11,1,-1,-1,-1
81,1,94,183,3,3,1,-1,-1,-1
81,2,62,188,17,11,1,-1,-1,-1
81,3,78,190,6,3,1,-1,-1,-1
81,4,82,201,9,11,1,-1,-1,-1
82,1,64,188,16,10,1,-1,-1,-1
82,2,81,189,4,4,1,-1,-1,-1
82,3,83,200,9,11,1,-1,-1,-1
82,4,64,208,3,3,1,-1,-1,-1
82,5,68,212,5,4,1,-1,-1,-1
82,6,90,214,3,3,1,-1,-1,-1
83,1,64,188,16,10,1,-1,-1,-1
83,2,79,189,6,4,1,-1,-1,-1
83,3,83,200,9,11,1,-1,-1,-1
83,4,64,208,3,4,1,-1,-1,-1
83,5,68,212,5,4,1,-1,-1,-1
83,6,90,214,3,3,1,-1,-1,-1
84,1,66,187,12,8,1,-1,-1,-1
84,2,88,194,4,4,1,-1,-1,-1
84,3,84,199,10,11,1,-1,-1,-1
84,4,69,210,6,5,1,-1,-1,-1
85,1,66,187,12,8,1,-1,-1,-1
85,2,84,199,10,11,1,-1,-1,-1
85,3,69,210,6,5,1,-1,-1,-1
86,1,66,186,15,10,1,-1,-1,-1
86,2,85,198,10,12,1,-1,-1,-1
86,3,65,206,4,3,1,-1,-1,-1
86,4,70,210,5,4,1,-1,-1,-1
87,1,66,186,15,10,1,-1,-1,-1
87,2,85,198,10,12,1,-1,-1,-1
87,3,65,206,4,3,1,-1,-1,-1
87,4,70,210,5,4,1,-1,-1,-1
88,1,67,184,15,11,1,-1,-1,-1
88,2,86,197,7,12,1,-1,-1,-1
88,3,71,208,5,5,1,-1,-1,-1
89,1,67,184,15,11,1,-1,-1,-1
89,2,86,197,7,12,1,-1,-1,-1
89,3,71,208,5,5,1,-1,-1,-1
90,1,72,183,13,11,1,-1,-1,-1
90,2,91,191,3,3,1,-1,-1,-1
90,3,88,198,9,15,1,-1,-1,-1
90,4,68,204,3,3,1,-1,-1,-1
91,1,72,183,13,11,1,-1,-1,-1
91,2,91,191,3,3,1,-1,-1,-1
91,3,88,198,9,13,1,-1,-1,-1
91,4,68,204,3,3,1,-1,-1,-1
92,1,69,184,16,9,1,-1,-1,-1
92,2,81,184,3,3,1,-1,-1,-1
92,3,88,196,8,11,1,-1,-1,-1
93,1,69,184,16,9,1,-1,-1,-1
93,2,88,196,10,14,1,-1,-1,-1
94,1,70,182,14,7,1,-1,-1,-1
94,2,87,183,3,3,1,-1,-1,-1
94,3,81,188,3,4,1,-1,-1,-1
94,4,88,194,10,10,1,-1,-1,-1
94,5,76,205,3,3,1,-1,-1,-1
95,1,70,182,14,7,1,-1,-1,-1
95,2,87,183,3,3,1,-1,-1,-1
95,3,81,188,3,4,1,-1,-1,-1
95,4,88,194,10,10,1,-1,-1,-1
95,5,76,205,3,3,1,-1,-1,-1
96,1,69,181,17,10,1,-1,-1,-1
96,2,82,182,3,3,1,-1,-1,-1
96,3,89,193,10,13,1,-1,-1,-1
96,4,75,205,4,3,1,-1,-1,-1
97,1,438,97,3,3,1,-1,-1,-1
97,2,69,181,17,10,1,-1,-1,-1
97,3,82,182,3,3,1,-1,-1,-1
97,4,89,193,10,13,1,-1,-1,-1
98,1,448,89,3,3,1,-1,-1,-1
98,2,71,180,16,10,1,-1,-1,-1
98,3,83,181,3,3,1,-1,-1,-1
98,4,89,181,3,3,1,-1,-1,-1
98,5,90,192,11,17,1,-1,-1,-1
98,6,75,205,3,3,1,-1,-1,-1
99,1,448,89,3,3,1,-1,-1,-1
99,2,71,180,16,10,1,-1,-1,-1
99,3,83,181,3,3,1,-1,-1,-1
99,4,89,181,3,3,1,-1,-1,-1
99,5,90,192,11,17,1,-1,-1,-1
99,6,75,205,3,3,1,-1,-1,-1
100,1,72,179,3,4,1,-1,-1,-1
100,2,78,180,10,9,1,-1,-1,-1
100,3,90,181,3,3,1,-1,-1,-1
100,4,91,191,10,10,1,-1,-1,-1
100,5,71,199,4,4,1,-1,-1,-1
101,1,72,179,3,4,1,-1,-1,-1
101,2,78,180,10,9,1,-1,-1,-1
101,3,90,181,3,3,1,-1,-1,-1
101,4,91,191,10,10,1,-1,-1,-1
101,5,71,199,4,4,1,-1,-1,-1
101,6,76,204,3,3,1,-1,-1,-1
102,1,77,177,12,11,1,-1,-1,-1
102,2,73,178,3,5,1,-1,-1,-1
102,3,92,180,4,3,1,-1,-1,-1
102,4,92,190,10,11,1,-1,-1,-1
102,5,72,198,5,4,1,-1,-1,-1
102,6,77,202,6,4,1,-1,-1,-1
103,1,77,177,12,11,1,-1,-1,-1
103,2,73,178,3,5,1,-1,-1,-1
103,3,92,180,4,3,1,-1,-1,-1
103,4,92,190,10,14,1,-1,-1,-1
103,5,72,198,5,4,1,-1,-1,-1
103,6,77,203,5,3,1,-1,-1,-1
104,1,78,178,12,9,1,-1,-1,-1
104,2,85,178,3,3,1,-1,-1,-1
104,3,91,178,3,3,1,-1,-1,-1
104,4,94,189,9,14,1,-1,-1,-1
104,5,78,200,5,5,1,-1,-1,-1
105,1,90,177,3,4,1,-1,-1,-1
105,2,78,178,6,6,1,-1,-1,-1
105,3,85,178,3,3,1,-1,-1,-1
105,4,87,184,3,3,1,-1,-1,-1
105,5,93,189,10,14,1,-1,-1,-1
105,6,465,188,3,3,1,-1,-1,-1
105,7,78,200,6,5,1,-1,-1,-1
106,1,79,177,11,8,1,-1,-1,-1
106,2,95,189,8,10,1,-1,-1,-1
106,3,75,196,4,4,1,-1,-1,-1
107,1,78,177,12,9,1,-1,-1,-1
107,2,94,188,9,11,1,-1,-1,-1
107,3,75,196,3,4,1,-1,-1,-1
107,4,79,201,3,3,1,-1,-1,-1
108,1,105,168,4,3,1,-1,-1,-1
108,2,77,175,15,10,1,-1,-1,-1
108,3,94,176,3,3,1,-1,-1,-1
108,4,96,189,9,10,1,-1,-1,-1
108,5,77,194,3,4,1,-1,-1,-1
108,6,83,195,3,3,1,-1,-1,-1
108,7,80,200,3,3,1,-1,-1,-1
109,1,77,175,3,5,1,-1,-1,-1
109,2,81,175,11,10,1,-1,-1,-1
109,3,94,176,4,5,1,-1,-1,-1
109,4,99,183,3,3,1,-1,-1,-1
109,5,96,189,9,10,1,-1,-1,-1
109,6,76,194,5,4,1,-1,-1,-1
109,7,83,195,3,3,1,-1,-1,-1
109,8,80,200,3,4,1,-1,-1,-1
110,1,108,168,3,3,1,-1,-1,-1
110,2,82,173,10,10,1,-1,-1,-1
110,3,78,174,3,5,1,-1,-1,-1
110,4,94,175,3,3,1,-1,-1,-1
110,5,97,187,7,9,1,-1,-1,-1
110,6,77,192,4,4,1,-1,-1,-1
110,7,103,194,3,3,1,-1,-1,-1
110,8,102,198,4,3,1,-1,-1,-1
110,9,81,200,3,3,1,-1,-1,-1
111,1,107,168,3,3,1,-1,-1,-1
111,2,82,173,10,10,1,-1,-1,-1
111,3,78,174,3,5,1,-1,-1,-1
111,4,94,175,3,3,1,-1,-1,-1
111,5,97,187,9,14,1,-1,-1,-1
111,6,77,192,4,4,1,-1,-1,-1
111,7,81,200,3,3,1,-1,-1,-1
112,1,79,173,9,7,1,-1,-1,-1
112,2,94,174,4,3,1,-1,-1,-1
112,3,90,179,4,4,1,-1,-1,-1
112,4,98,186,9,11,1,-1,-1,-1
112,5,82,199,3,3,1,-1,-1,-1
112,6,103,198,4,3,1,-1,-1,-1
113,1,79,173,9,7,1,-1,-1,-1
113,2,94,174,4,3,1,-1,-1,-1
113,3,90,179,4,4,1,-1,-1,-1
113,4,98,186,9,11,1,-1,-1,-1
113,5,103,198,4,3,1,-1,-1,-1
114,1,109,166,3,3,1,-1,-1,-1
114,2,83,172,11,10,1,-1,-1,-1
114,3,95,173,5,4,1,-1,-1,-1
114,4,99,185,9,14,1,-1,-1,-1
115,1,109,166,3,3,1,-1,-1,-1
115,2,80,172,14,10,1,-1,-1,-1
115,3,95,173,5,4,1,-1,-1,-1
115,4,99,185,9,13,1,-1,-1,-1
116,1,81,171,9,7,1,-1,-1,-1
116,2,96,172,4,3,1,-1,-1,-1
116,3,91,177,4,4,1,-1,-1,-1
116,4,99,183,9,12,1,-1,-1,-1
117,1,81,171,9,7,1,-1,-1,-1
117,2,96,172,4,3,1,-1,-1,-1
117,3,91,177,4,4,1,-1,-1,-1
117,4,99,183,9,12,1,-1,-1,-1
118,1,82,170,14,9,1,-1,-1,-1
118,2,97,171,4,3,1,-1,-1,-1
118,3,101,183,9,14,1,-1,-1,-1
118,4,82,189,3,3,1,-1,-1,-1
119,1,97,171,4,3,1,-1,-1,-1
119,2,82,172,14,7,1,-1,-1,-1
119,3,100,182,10,15,1,-1,-1,-1
119,4,82,189,3,3,1,-1,-1,-1
119,5,87,189,3,3,1,-1,-1,-1
120,1,112,162,3,3,1,-1,-1,-1
120,2,87,169,12,10,1,-1,-1,-1
120,3,83,171,3,3,1,-1,-1,-1
120,4,98,170,4,3,1,-1,-1,-1
120,5,101,181,10,12,1,-1,-1,-1
120,6,82,188,5,4,1,-1,-1,-1
120,7,85,193,3,3,1,-1,-1,-1
121,1,112,162,3,3,1,-1,-1,-1
121,2,87,169,12,10,1,-1,-1,-1
121,3,83,171,3,3,1,-1,-1,-1
121,4,98,170,4,3,1,-1,-1,-1
121,5,101,181,10,12,1,-1,-1,-1
121,6,82,188,5,4,1,-1,-1,-1
121,7,85,193,3,3,1,-1,-1,-1
122,1,440,107,3,3,1,-1,-1,-1
122,2,113,162,3,3,1,-1,-1,-1
122,3,84,168,3,5,1,-1,-1,-1
122,4,95,169,3,3,1,-1,-1,-1
122,5,99,169,4,3,1,-1,-1,-1
122,6,88,171,11,7,1,-1,-1,-1
122,7,102,181,10,14,1,-1,-1,-1
122,8,86,192,3,3,1,-1,-1,-1
123,1,113,162,3,3,1,-1,-1,-1
123,2,84,168,3,5,1,-1,-1,-1
123,3,95,169,3,3,1,-1,-1,-1
123,4,99,169,4,3,1,-1,-1,-1
123,5,88,171,11,7,1,-1,-1,-1
123,6,102,180,7,12,1,-1,-1,-1
123,7,86,192,3,3,1,-1,-1,-1
124,1,441,103,3,3,1,-1,-1,-1
124,2,100,168,4,3,1,-1,-1,-1
124,3,88,170,11,7,1,-1,-1,-1
124,4,102,179,10,10,1,-1,-1,-1
124,5,84,185,4,3,1,-1,-1,-1
124,6,87,191,3,3,1,-1,-1,-1
125,1,440,108,3,3,1,-1,-1,-1
125,2,114,159,3,4,1,-1,-1,-1
125,3,80,167,3,3,1,-1,-1,-1
125,4,85,167,14,10,1,-1,-1,-1
125,5,100,168,4,3,1,-1,-1,-1
125,6,102,179,11,12,1,-1,-1,-1
125,7,84,185,5,4,1,-1,-1,-1
125,8,87,191,3,3,1,-1,-1,-1
126,1,89,167,5,6,1,-1,-1,-1
126,2,96,172,4,4,1,-1,-1,-1
126,3,104,179,9,15,1,-1,-1,-1
126,4,88,190,3,3,1,-1,-1,-1
127,1,89,167,5,6,1,-1,-1,-1
127,2,96,172,4,4,1,-1,-1,-1
127,3,104,179,9,15,1,-1,-1,-1
127,4,88,190,3,3,1,-1,-1,-1
128,1,89,164,4,7,1,-1,-1,-1
128,2,103,167,3,3,1,-1,-1,-1
128,3,97,172,3,3,1,-1,-1,-1
128,4,104,177,10,10,1,-1,-1,-1
128,5,89,189,3,3,1,-1,-1,-1
129,1,89,164,6,8,1,-1,-1,-1
129,2,103,167,3,3,1,-1,-1,-1
129,3,97,172,3,3,1,-1,-1,-1
129,4,104,177,10,10,1,-1,-1,-1
129,5,89,189,5,3,1,-1,-1,-1
130,1,538,0,3,2,1,-1,-1,-1
130,2,96,165,5,3,1,-1,-1,-1
130,3,90,167,3,3,1,-1,-1,-1
130,4,96,169,5,5,1,-1,-1,-1
130,5,105,176,6,8,1,-1,-1,-1
130,6,86,183,3,5,1,-1,-1,-1
131,1,538,0,3,2,1,-1,-1,-1
131,2,96,165,5,3,1,-1,-1,-1
131,3,90,167,3,3,1,-1,-1,-1
131,4,104,166,4,3,1,-1,-1,-1
131,5,96,169,5,5,1,-1,-1,-1
131,6,105,176,6,8,1,-1,-1,-1
131,7,86,183,4,5,1,-1,-1,-1
132,1,88,162,6,5,1,-1,-1,-1
132,2,97,169,5,4,1,-1,-1,-1
132,3,106,175,9,12,1,-1,-1,-1
133,1,538,0,3,2,1,-1,-1,-1
133,2,91,162,3,3,1,-1,-1,-1
133,3,98,164,3,3,1,-1,-1,-1
133,4,99,170,3,3,1,-1,-1,-1
133,5,106,175,9,12,1,-1,-1,-1
134,1,91,162,12,7,1,-1,-1,-1
134,2,106,164,3,3,1,-1,-1,-1
134,3,99,168,3,3,1,-1,-1,-1
134,4,107,175,10,10,1,-1,-1,-1
134,5,88,182,3,3,1,-1,-1,-1
134,6,113,186,4,4,1,-1,-1,-1
135,1,88,162,3,4,1,-1,-1,-1
135,2,92,162,12,7,1,-1,-1,-1
135,3,106,164,3,3,1,-1,-1,-1
135,4,99,168,4,4,1,-1,-1,-1
135,5,107,175,9,9,1,-1,-1,-1
135,6,113,186,4,4,1,-1,-1,-1
136,1,88,161,16,10,1,-1,-1,-1
136,2,106,163,3,3,1,-1,-1,-1
136,3,107,173,11,15,1,-1,-1,-1
136,4,89,181,3,3,1,-1,-1,-1
136,5,92,185,3,3,1,-1,-1,-1
137,1,88,161,16,10,1,-1,-1,-1
137,2,106,163,4,3,1,-1,-1,-1
137,3,107,173,11,15,1,-1,-1,-1
137,4,89,181,3,3,1,-1,-1,-1
137,5,92,185,3,3,1,-1,-1,-1
138,1,535,0,5,2,1,-1,-1,-1
138,2,111,176,6,4,1,-1,-1,-1
138,3,93,185,3,3,1,-1,-1,-1
139,1,535,0,6,2,1,-1,-1,-1
139,2,267,160,3,3,1,-1,-1,-1
139,3,111,176,6,4,1,-1,-1,-1
139,4,93,185,3,3,1,-1,-1,-1
140,1,89,159,3,4,1,-1,-1,-1
140,2,93,160,12,10,1,-1,-1,-1
140,3,107,161,3,3,1,-1,-1,-1
140,4,110,173,3,3,1,-1,-1,-1
140,5,112,177,4,6,1,-1,-1,-1
141,1,89,159,3,4,1,-1,-1,-1
141,2,93,160,12,10,1,-1,-1,-1
141,3,107,161,3,3,1,-1,-1,-1
141,4,110,173,3,3,1,-1,-1,-1
141,5,112,177,4,6,1,-1,-1,-1
142,1,94,159,12,9,1,-1,-1,-1
142,2,108,160,3,3,1,-1,-1,-1
142,3,111,172,5,9,1,-1,-1,-1
142,4,91,178,3,4,1,-1,-1,-1
143,1,94,159,12,9,1,-1,-1,-1
143,2,108,160,3,3,1,-1,-1,-1
143,3,111,172,5,9,1,-1,-1,-1
143,4,91,178,3,4,1,-1,-1,-1
144,1,123,152,3,3,1,-1,-1,-1
144,2,95,158,12,9,1,-1,-1,-1
144,3,109,159,3,3,1,-1,-1,-1
144,4,110,169,10,11,1,-1,-1,-1
145,1,95,158,12,9,1,-1,-1,-1
145,2,108,159,4,3,1,-1,-1,-1
145,3,110,169,10,11,1,-1,-1,-1
146,1,93,156,14,8,1,-1,-1,-1
146,2,108,158,5,3,1,-1,-1,-1
146,3,111,169,10,10,1,-1,-1,-1
146,4,96,181,3,3,1,-1,-1,-1
146,5,117,180,4,3,1,-1,-1,-1
147,1,456,73,3,3,1,-1,-1,-1
147,2,93,156,14,8,1,-1,-1,-1
147,3,108,158,5,3,1,-1,-1,-1
147,4,111,169,10,10,1,-1,-1,-1
147,5,96,181,3,3,1,-1,-1,-1
147,6,117,180,4,3,1,-1,-1,-1
148,1,439,118,3,3,1,-1,-1,-1
148,2,439,123,3,3,1,-1,-1,-1
148,3,97,156,12,11,1,-1,-1,-1
148,4,110,157,5,3,1,-1,-1,-1
148,5,112,168,8,9,1,-1,-1,-1
148,6,93,175,3,4,1,-1,-1,-1
148,7,119,175,3,4,1,-1,-1,-1
148,8,97,180,5,6,1,-1,-1,-1
148,9,117,180,3,3,1,-1,-1,-1
149,1,439,118,3,3,1,-1,-1,-1
149,2,439,123,3,3,1,-1,-1,-1
149,3,97,156,13,11,1,-1,-1,-1
149,4,110,157,5,3,1,-1,-1,-1
149,5,112,168,6,9,1,-1,-1,-1
149,6,119,176,3,3,1,-1,-1,-1
149,7,98,182,3,4,1,-1,-1,-1
150,1,98,157,7,5,1,-1,-1,-1
150,2,106,161,3,4,1,-1,-1,-1
150,3,113,168,10,12,1,-1,-1,-1
150,4,94,174,3,4,1,-1,-1,-1
150,5,119,181,3,3,1,-1,-1,-1
150,6,347,233,3,3,1,-1,-1,-1
150,7,340,234,3,3,1,-1,-1,-1
151,1,98,155,11,6,1,-1,-1,-1
151,2,111,154,4,5,1,-1,-1,-1
151,3,106,161,4,4,1,-1,-1,-1
151,4,113,168,10,12,1,-1,-1,-1
151,5,94,174,8,11,1,-1,-1,-1
151,6,119,181,4,3,1,-1,-1,-1
151,7,347,233,3,4,1,-1,-1,-1
152,1,454,75,3,3,1,-1,-1,-1
152,2,127,148,3,4,1,-1,-1,-1
152,3,95,153,16,10,1,-1,-1,-1
152,4,112,156,5,3,1,-1,-1,-1
152,5,113,166,10,10,1,-1,-1,-1
152,6,95,173,3,4,1,-1,-1,-1
152,7,118,177,5,3,1,-1,-1,-1
153,1,454,75,3,3,1,-1,-1,-1
153,2,127,148,3,4,1,-1,-1,-1
153,3,95,153,16,10,1,-1,-1,-1
153,4,113,156,4,3,1,-1,-1,-1
153,5,113,166,10,10,1,-1,-1,-1
153,6,95,173,3,4,1,-1,-1,-1
153,7,118,177,5,3,1,-1,-1,-1
154,1,525,7,3,3,1,-1,-1,-1
154,2,104,153,8,10,1,-1,-1,-1
154,3,100,155,3,3,1,-1,-1,-1
154,4,114,155,4,3,1,-1,-1,-1
154,5,114,165,6,9,1,-1,-1,-1
154,6,121,173,3,3,1,-1,-1,-1
155,1,529,5,3,3,1,-1,-1,-1
155,2,525,7,3,3,1,-1,-1,-1
155,3,104,153,8,10,1,-1,-1,-1
155,4,100,155,3,3,1,-1,-1,-1
155,5,114,155,4,3,1,-1,-1,-1
155,6,114,165,10,12,1,-1,-1,-1
156,1,129,147,3,3,1,-1,-1,-1
156,2,96,150,17,12,1,-1,-1,-1
156,3,114,154,4,3,1,-1,-1,-1
156,4,115,164,9,9,1,-1,-1,-1
156,5,119,174,6,3,1,-1,-1,-1
157,1,129,147,3,4,1,-1,-1,-1
157,2,96,150,17,12,1,-1,-1,-1
157,3,114,154,4,3,1,-1,-1,-1
157,4,115,164,9,9,1,-1,-1,-1
157,5,119,174,6,4,1,-1,-1,-1
157,6,343,233,3,3,1,-1,-1,-1
158,1,107,152,6,6,1,-1,-1,-1
158,2,116,153,3,3,1,-1,-1,-1
158,3,111,158,3,4,1,-1,-1,-1
158,4,122,167,3,3,1,-1,-1,-1
158,5,121,175,4,3,1,-1,-1,-1
159,1,100,150,6,5,1,-1,-1,-1
159,2,107,152,6,6,1,-1,-1,-1
159,3,116,153,3,3,1,-1,-1,-1
159,4,111,158,3,4,1,-1,-1,-1
159,5,117,166,3,3,1,-1,-1,-1
159,6,122,167,3,3,1,-1,-1,-1
159,7,121,175,4,3,1,-1,-1,-1
160,1,104,151,11,10,1,-1,-1,-1
160,2,117,163,8,11,1,-1,-1,-1
160,3,96,169,3,3,1,-1,-1,-1
160,4,122,176,4,3,1,-1,-1,-1
161,1,522,10,3,3,1,-1,-1,-1
161,2,100,148,15,13,1,-1,-1,-1
161,3,117,163,8,11,1,-1,-1,-1
161,4,96,169,3,3,1,-1,-1,-1
161,5,122,176,4,3,1,-1,-1,-1
162,1,101,149,3,3,1,-1,-1,-1
162,2,105,149,7,6,1,-1,-1,-1
162,3,113,150,3,3,1,-1,-1,-1
162,4,118,151,4,4,1,-1,-1,-1
162,5,112,156,3,3,1,-1,-1,-1
162,6,118,162,8,13,1,-1,-1,-1
163,1,105,149,7,6,1,-1,-1,-1
163,2,113,150,3,3,1,-1,-1,-1
163,3,118,151,4,4,1,-1,-1,-1
163,4,112,156,3,3,1,-1,-1,-1
163,5,118,162,8,13,1,-1,-1,-1
164,1,438,132,3,3,1,-1,-1,-1
164,2,103,146,15,12,1,-1,-1,-1
164,3,135,147,3,3,1,-1,-1,-1
164,4,119,148,5,6,1,-1,-1,-1
164,5,119,161,9,15,1,-1,-1,-1
164,6,102,170,4,7,1,-1,-1,-1
165,1,438,132,3,3,1,-1,-1,-1
165,2,103,146,15,12,1,-1,-1,-1
165,3,119,148,5,6,1,-1,-1,-1
165,4,119,161,9,15,1,-1,-1,-1
165,5,102,170,4,7,1,-1,-1,-1
166,1,107,143,3,3,1,-1,-1,-1
166,2,115,147,5,4,1,-1,-1,-1
166,3,109,148,3,3,1,-1,-1,-1
166,4,121,149,5,4,1,-1,-1,-1
166,5,115,153,3,3,1,-1,-1,-1
166,6,121,161,4,6,1,-1,-1,-1
166,7,123,168,3,3,1,-1,-1,-1
167,1,107,143,3,3,1,-1,-1,-1
167,2,115,147,5,4,1,-1,-1,-1
167,3,109,148,3,3,1,-1,-1,-1
167,4,121,149,5,4,1,-1,-1,-1
167,5,115,153,3,3,1,-1,-1,-1
167,6,121,161,4,6,1,-1,-1,-1
167,7,123,168,3,3,1,-1,-1,-1
168,1,109,144,12,11,1,-1,-1,-1
168,2,138,146,3,3,1,-1,-1,-1
168,3,123,148,4,4,1,-1,-1,-1
168,4,121,159,5,12,1,-1,-1,-1
168,5,127,164,3,4,1,-1,-1,-1
168,6,104,168,5,4,1,-1,-1,-1
169,1,109,144,12,11,1,-1,-1,-1
169,2,138,146,3,3,1,-1,-1,-1
169,3,123,148,4,4,1,-1,-1,-1
169,4,121,159,5,12,1,-1,-1,-1
169,5,127,164,3,4,1,-1,-1,-1
169,6,104,168,5,4,1,-1,-1,-1
170,1,114,144,8,10,1,-1,-1,-1
170,2,124,148,3,4,1,-1,-1,-1
170,3,122,159,4,6,1,-1,-1,-1
170,4,124,168,3,4,1,-1,-1,-1
171,1,112,144,10,10,1,-1,-1,-1
171,2,124,148,3,4,1,-1,-1,-1
171,3,122,159,5,13,1,-1,-1,-1
172,1,112,142,17,9,1,-1,-1,-1
172,2,119,151,3,4,1,-1,-1,-1
172,3,101,159,9,6,1,-1,-1,-1
172,4,123,158,7,10,1,-1,-1,-1
173,1,437,138,3,3,1,-1,-1,-1
173,2,112,142,17,9,1,-1,-1,-1
173,3,119,151,3,4,1,-1,-1,-1
173,4,101,159,9,6,1,-1,-1,-1
173,5,123,158,7,10,1,-1,-1,-1
174,1,111,139,14,15,1,-1,-1,-1
174,2,127,146,3,5,1,-1,-1,-1
174,3,124,157,4,13,1,-1,-1,-1
174,4,102,159,5,5,1,-1,-1,-1
174,5,108,160,3,4,1,-1,-1,-1
174,6,113,161,3,3,1,-1,-1,-1
174,7,106,165,3,3,1,-1,-1,-1
175,1,111,139,14,15,1,-1,-1,-1
175,2,127,146,3,5,1,-1,-1,-1
175,3,124,157,4,13,1,-1,-1,-1
175,4,102,159,5,5,1,-1,-1,-1
175,5,108,160,3,4,1,-1,-1,-1
175,6,113,161,3,3,1,-1,-1,-1
175,7,106,165,3,3,1,-1,-1,-1
176,1,514,17,3,3,1,-1,-1,-1
176,2,110,138,3,3,1,-1,-1,-1
176,3,118,145,4,4,1,-1,-1,-1
176,4,123,144,3,3,1,-1,-1,-1
176,5,128,146,3,4,1,-1,-1,-1
176,6,142,146,4,3,1,-1,-1,-1
176,7,121,150,3,3,1,-1,-1,-1
176,8,132,153,3,3,1,-1,-1,-1
176,9,125,158,3,3,1,-1,-1,-1
176,10,126,163,3,5,1,-1,-1,-1
177,1,514,17,3,3,1,-1,-1,-1
177,2,110,138,4,5,1,-1,-1,-1
177,3,118,145,4,4,1,-1,-1,-1
177,4,123,144,3,3,1,-1,-1,-1
177,5,128,146,3,4,1,-1,-1,-1
177,6,142,146,4,3,1,-1,-1,-1
177,7,121,150,3,3,1,-1,-1,-1
177,8,132,153,3,3,1,-1,-1,-1
177,9,125,158,3,3,1,-1,-1,-1
177,10,126,163,3,6,1,-1,-1,-1
178,1,115,139,6,6,1,-1,-1,-1
178,2,435,141,3,3,1,-1,-1,-1
178,3,122,142,3,3,1,-1,-1,-1
178,4,129,144,4,6,1,-1,-1,-1
178,5,121,146,5,7,1,-1,-1,-1
178,6,142,146,5,5,1,-1,-1,-1
178,7,125,156,5,12,1,-1,-1,-1
178,8,106,159,4,8,1,-1,-1,-1
179,1,115,139,6,6,1,-1,-1,-1
179,2,122,142,3,3,1,-1,-1,-1
179,3,129,144,4,6,1,-1,-1,-1
179,4,121,146,5,7,1,-1,-1,-1
179,5,142,146,5,5,1,-1,-1,-1
179,6,106,156,6,11,1,-1,-1,-1
179,7,125,156,5,12,1,-1,-1,-1
180,1,115,138,3,4,1,-1,-1,-1
180,2,119,140,7,6,1,-1,-1,-1
180,3,131,147,3,3,1,-1,-1,-1
180,4,146,146,3,3,1,-1,-1,-1
180,5,106,154,7,7,1,-1,-1,-1
180,6,125,156,6,12,1,-1,-1,-1
180,7,108,162,3,6,1,-1,-1,-1
181,1,115,138,3,4,1,-1,-1,-1
181,2,119,140,7,6,1,-1,-1,-1
181,3,123,147,3,3,1,-1,-1,-1
181,4,131,147,3,3,1,-1,-1,-1
181,5,146,146,3,3,1,-1,-1,-1
181,6,106,154,7,6,1,-1,-1,-1
181,7,125,156,6,12,1,-1,-1,-1
181,8,108,162,3,4,1,-1,-1,-1
182,1,114,136,5,5,1,-1,-1,-1
182,2,121,137,9,15,1,-1,-1,-1
182,3,132,145,3,4,1,-1,-1,-1
182,4,145,146,6,5,1,-1,-1,-1
182,5,106,154,4,4,1,-1,-1,-1
182,6,111,155,4,4,1,-1,-1,-1
182,7,117,157,3,3,1,-1,-1,-1
182,8,128,156,3,9,1,-1,-1,-1
183,1,114,136,5,5,1,-1,-1,-1
183,2,120,137,10,8,1,-1,-1,-1
183,3,131,145,4,4,1,-1,-1,-1
183,4,124,146,4,6,1,-1,-1,-1
183,5,145,146,6,5,1,-1,-1,-1
183,6,136,151,4,3,1,-1,-1,-1
183,7,106,154,4,4,1,-1,-1,-1
183,8,111,155,4,4,1,-1,-1,-1
183,9,117,157,3,3,1,-1,-1,-1
183,10,128,156,3,9,1,-1,-1,-1
184,1,120,136,10,15,1,-1,-1,-1
184,2,133,145,4,4,1,-1,-1,-1
184,3,145,149,3,3,1,-1,-1,-1
184,4,108,154,7,7,1,-1,-1,-1
184,5,128,155,5,13,1,-1,-1,-1
185,1,120,137,10,14,1,-1,-1,-1
185,2,133,145,4,4,1,-1,-1,-1
185,3,145,149,3,3,1,-1,-1,-1
185,4,108,154,7,7,1,-1,-1,-1
185,5,128,155,5,13,1,-1,-1,-1
186,1,119,134,14,17,1,-1,-1,-1
186,2,135,144,4,5,1,-1,-1,-1
186,3,145,146,9,6,1,-1,-1,-1
186,4,108,151,3,3,1,-1,-1,-1
186,5,137,153,3,3,1,-1,-1,-1
186,6,110,155,3,5,1,-1,-1,-1
186,7,129,155,5,12,1,-1,-1,-1
187,1,119,134,14,17,1,-1,-1,-1
187,2,135,144,4,5,1,-1,-1,-1
187,3,145,146,9,6,1,-1,-1,-1
187,4,108,151,3,3,1,-1,-1,-1
187,5,140,151,3,3,1,-1,-1,-1
187,6,110,155,3,5,1,-1,-1,-1
187,7,129,155,5,12,1,-1,-1,-1
187,8,320,232,3,3,1,-1,-1,-1
188,1,122,134,6,5,1,-1,-1,-1
188,2,126,140,14,10,1,-1,-1,-1
188,3,151,148,3,3,1,-1,-1,-1
188,4,113,151,3,3,1,-1,-1,-1
188,5,118,155,4,3,1,-1,-1,-1
188,6,130,154,4,5,1,-1,-1,-1
188,7,138,154,3,3,1,-1,-1,-1
188,8,111,160,3,3,1,-1,-1,-1
188,9,130,161,3,4,1,-1,-1,-1
188,10,145,212,3,3,1,-1,-1,-1
189,1,122,134,6,5,1,-1,-1,-1
189,2,126,140,14,10,1,-1,-1,-1
189,3,151,148,3,3,1,-1,-1,-1
189,4,113,151,3,3,1,-1,-1,-1
189,5,118,155,4,3,1,-1,-1,-1
189,6,130,154,4,5,1,-1,-1,-1
189,7,138,154,3,3,1,-1,-1,-1
189,8,130,161,3,4,1,-1,-1,-1
189,9,145,212,3,3,1,-1,-1,-1
190,1,124,135,12,14,1,-1,-1,-1
190,2,137,145,4,4,1,-1,-1,-1
190,3,152,148,4,3,1,-1,-1,-1
190,4,111,150,6,5,1,-1,-1,-1
190,5,131,155,4,10,1,-1,-1,-1
190,6,112,156,3,6,1,-1,-1,-1
190,7,130,168,4,3,1,-1,-1,-1
191,1,124,135,12,14,1,-1,-1,-1
191,2,137,145,4,4,1,-1,-1,-1
191,3,152,148,4,3,1,-1,-1,-1
191,4,111,150,6,5,1,-1,-1,-1
191,5,131,155,4,10,1,-1,-1,-1
191,6,112,156,3,6,1,-1,-1,-1
191,7,130,168,4,3,1,-1,-1,-1
192,1,126,134,9,15,1,-1,-1,-1
192,2,139,145,3,4,1,-1,-1,-1
192,3,434,144,3,3,1,-1,-1,-1
192,4,112,148,6,5,1,-1,-1,-1
192,5,132,154,3,3,1,-1,-1,-1
192,6,113,158,3,3,1,-1,-1,-1
192,7,132,158,4,6,1,-1,-1,-1
192,8,144,215,4,6,1,-1,-1,-1
193,1,126,134,9,15,1,-1,-1,-1
193,2,139,145,3,4,1,-1,-1,-1
193,3,434,144,3,3,1,-1,-1,-1
193,4,112,148,6,5,1,-1,-1,-1
193,5,152,150,3,3,1,-1,-1,-1
193,6,132,154,3,3,1,-1,-1,-1
193,7,113,158,3,3,1,-1,-1,-1
193,8,132,158,4,6,1,-1,-1,-1
193,9,130,167,3,3,1,-1,-1,-1
193,10,144,214,5,7,1,-1,-1,-1
194,1,128,134,11,16,1,-1,-1,-1
194,2,140,145,3,4,1,-1,-1,-1
194,3,113,148,3,4,1,-1,-1,-1
194,4,155,149,3,3,1,-1,-1,-1
194,5,118,150,3,3,1,-1,-1,-1
194,6,114,155,3,5,1,-1,-1,-1
194,7,132,154,5,11,1,-1,-1,-1
194,8,142,219,3,3,1,-1,-1,-1
195,1,128,134,11,16,1,-1,-1,-1
195,2,140,145,3,4,1,-1,-1,-1
195,3,113,148,3,4,1,-1,-1,-1
195,4,155,149,3,3,1,-1,-1,-1
195,5,118,150,3,3,1,-1,-1,-1
195,6,114,155,3,5,1,-1,-1,-1
195,7,132,154,5,11,1,-1,-1,-1
196,1,130,135,10,15,1,-1,-1,-1
196,2,141,145,4,4,1,-1,-1,-1
196,3,115,147,5,11,1,-1,-1,-1
196,4,156,150,3,3,1,-1,-1,-1
196,5,133,153,5,12,1,-1,-1,-1
196,6,145,212,3,4,1,-1,-1,-1
197,1,130,135,10,15,1,-1,-1,-1
197,2,141,145,4,4,1,-1,-1,-1
197,3,115,147,5,11,1,-1,-1,-1
197,4,156,150,3,3,1,-1,-1,-1
197,5,133,153,5,12,1,-1,-1,-1
197,6,145,212,3,4,1,-1,-1,-1
198,1,132,134,10,15,1,-1,-1,-1
198,2,142,143,5,6,1,-1,-1,-1
198,3,116,146,7,6,1,-1,-1,-1
198,4,156,151,3,3,1,-1,-1,-1
198,5,135,153,5,9,1,-1,-1,-1
198,6,116,154,3,5,1,-1,-1,-1
198,7,133,164,3,3,1,-1,-1,-1
198,8,145,216,3,3,1,-1,-1,-1
199,1,132,134,10,15,1,-1,-1,-1
199,2,142,143,5,6,1,-1,-1,-1
199,3,116,146,7,6,1,-1,-1,-1
199,4,156,151,3,3,1,-1,-1,-1
199,5,135,153,5,9,1,-1,-1,-1
199,6,116,154,3,5,1,-1,-1,-1
199,7,133,164,3,3,1,-1,-1,-1
199,8,145,216,3,3,1,-1,-1,-1
200,1,131,134,4,4,1,-1,-1,-1
200,2,135,134,6,14,1,-1,-1,-1
200,3,144,144,4,5,1,-1,-1,-1
200,4,118,147,3,4,1,-1,-1,-1
200,5,158,151,3,3,1,-1,-1,-1
200,6,117,155,3,3,1,-1,-1,-1
200,7,136,154,4,8,1,-1,-1,-1
200,8,144,216,4,4,1,-1,-1,-1
201,1,504,27,3,3,1,-1,-1,-1
201,2,131,134,10,14,1,-1,-1,-1
201,3,144,144,4,5,1,-1,-1,-1
201,4,118,147,3,4,1,-1,-1,-1
201,5,158,151,3,3,1,-1,-1,-1
201,6,117,155,3,3,1,-1,-1,-1
201,7,136,154,4,8,1,-1,-1,-1
201,8,144,155,3,3,1,-1,-1,-1
201,9,144,216,4,5,1,-1,-1,-1
202,1,135,134,10,15,1,-1,-1,-1
202,2,145,145,4,4,1,-1,-1,-1
202,3,118,146,7,11,1,-1,-1,-1
202,4,160,151,3,3,1,-1,-1,-1
202,5,136,153,6,11,1,-1,-1,-1
202,6,143,220,3,3,1,-1,-1,-1
202,7,308,229,3,3,1,-1,-1,-1
203,1,135,134,10,15,1,-1,-1,-1
203,2,145,145,4,4,1,-1,-1,-1
203,3,118,146,7,11,1,-1,-1,-1
203,4,160,151,3,3,1,-1,-1,-1
203,5,136,153,6,11,1,-1,-1,-1
203,6,143,220,3,3,1,-1,-1,-1
203,7,308,229,3,3,1,-1,-1,-1
204,1,503,28,3,3,1,-1,-1,-1
204,2,137,137,9,12,1,-1,-1,-1
204,3,146,145,4,5,1,-1,-1,-1
204,4,120,148,3,6,1,-1,-1,-1
204,5,161,151,4,3,1,-1,-1,-1
204,6,138,153,5,9,1,-1,-1,-1
205,1,137,137,9,12,1,-1,-1,-1
205,2,146,145,4,5,1,-1,-1,-1
205,3,120,148,3,6,1,-1,-1,-1
205,4,161,151,4,3,1,-1,-1,-1
205,5,138,153,5,9,1,-1,-1,-1
205,6,300,226,3,3,1,-1,-1,-1
206,1,134,133,13,16,1,-1,-1,-1
206,2,147,144,5,6,1,-1,-1,-1
206,3,118,147,10,10,1,-1,-1,-1
206,4,163,151,4,3,1,-1,-1,-1
206,5,138,153,8,11,1,-1,-1,-1
206,6,147,154,4,4,1,-1,-1,-1
206,7,134,169,3,3,1,-1,-1,-1
207,1,134,133,13,16,1,-1,-1,-1
207,2,147,144,5,6,1,-1,-1,-1
207,3,118,147,10,10,1,-1,-1,-1
207,4,163,151,3,3,1,-1,-1,-1
207,5,138,153,8,11,1,-1,-1,-1
207,6,147,154,4,4,1,-1,-1,-1
207,7,134,169,3,3,1,-1,-1,-1
208,1,140,138,5,11,1,-1,-1,-1
208,2,148,144,6,6,1,-1,-1,-1
208,3,123,146,6,6,1,-1,-1,-1
208,4,140,153,5,9,1,-1,-1,-1
209,1,501,30,3,3,1,-1,-1,-1
209,2,140,138,5,11,1,-1,-1,-1
209,3,148,144,6,6,1,-1,-1,-1
209,4,123,146,6,6,1,-1,-1,-1
209,5,164,151,3,3,1,-1,-1,-1
209,6,140,153,5,9,1,-1,-1,-1
210,1,141,135,6,15,1,-1,-1,-1
210,2,147,141,3,4,1,-1,-1,-1
210,3,150,146,4,5,1,-1,-1,-1
210,4,124,148,3,6,1,-1,-1,-1
210,5,138,153,8,15,1,-1,-1,-1
210,6,150,153,4,5,1,-1,-1,-1
210,7,165,152,3,3,1,-1,-1,-1
211,1,141,135,6,15,1,-1,-1,-1
211,2,147,141,3,4,1,-1,-1,-1
211,3,150,146,4,4,1,-1,-1,-1
211,4,124,148,3,6,1,-1,-1,-1
211,5,138,153,8,15,1,-1,-1,-1
211,6,150,153,4,5,1,-1,-1,-1
211,7,165,152,3,3,1,-1,-1,-1
212,1,141,132,5,4,1,-1,-1,-1
212,2,142,137,9,13,1,-1,-1,-1
212,3,125,147,6,7,1,-1,-1,-1
212,4,151,146,4,4,1,-1,-1,-1
212,5,140,153,7,14,1,-1,-1,-1
212,6,166,152,3,3,1,-1,-1,-1
212,7,151,155,3,3,1,-1,-1,-1
213,1,142,137,9,13,1,-1,-1,-1
213,2,125,147,6,7,1,-1,-1,-1
213,3,151,146,4,4,1,-1,-1,-1
213,4,140,153,7,14,1,-1,-1,-1
213,5,166,152,4,3,1,-1,-1,-1
213,6,151,155,3,3,1,-1,-1,-1
214,1,141,130,4,3,1,-1,-1,-1
214,2,144,138,7,11,1,-1,-1,-1
214,3,152,145,5,5,1,-1,-1,-1
214,4,125,146,7,8,1,-1,-1,-1
214,5,143,153,6,10,1,-1,-1,-1
214,6,167,152,3,3,1,-1,-1,-1
214,7,140,165,3,3,1,-1,-1,-1
215,1,141,130,4,3,1,-1,-1,-1
215,2,144,138,7,11,1,-1,-1,-1
215,3,153,145,4,5,1,-1,-1,-1
215,4,125,147,7,7,1,-1,-1,-1
215,5,143,153,6,10,1,-1,-1,-1
215,6,167,152,4,3,1,-1,-1,-1
215,7,140,165,5,5,1,-1,-1,-1
216,1,498,33,3,3,1,-1,-1,-1
216,2,145,138,5,13,1,-1,-1,-1
216,3,151,142,3,3,1,-1,-1,-1
216,4,127,146,7,7,1,-1,-1,-1
216,5,153,146,4,4,1,-1,-1,-1
216,6,168,152,4,4,1,-1,-1,-1
216,7,144,154,5,9,1,-1,-1,-1
216,8,154,154,3,3,1,-1,-1,-1
216,9,141,165,3,3,1,-1,-1,-1
217,1,498,33,3,3,1,-1,-1,-1
217,2,145,138,5,13,1,-1,-1,-1
217,3,127,146,7,7,1,-1,-1,-1
217,4,154,146,3,4,1,-1,-1,-1
217,5,168,153,3,3,1,-1,-1,-1
217,6,143,155,6,8,1,-1,-1,-1
217,7,154,154,3,3,1,-1,-1,-1
218,1,485,40,3,3,1,-1,-1,-1
218,2,145,135,10,15,1,-1,-1,-1
218,3,127,145,8,11,1,-1,-1,-1
218,4,155,146,4,5,1,-1,-1,-1
218,5,144,153,7,12,1,-1,-1,-1
218,6,169,152,4,4,1,-1,-1,-1
218,7,154,155,4,4,1,-1,-1,-1
218,8,142,166,5,4,1,-1,-1,-1
219,1,485,40,3,3,1,-1,-1,-1
219,2,145,135,10,15,1,-1,-1,-1
219,3,127,145,8,11,1,-1,-1,-1
219,4,155,146,4,5,1,-1,-1,-1
219,5,144,153,7,12,1,-1,-1,-1
219,6,169,152,4,4,1,-1,-1,-1
219,7,154,155,4,4,1,-1,-1,-1
219,8,142,166,5,4,1,-1,-1,-1
220,1,147,137,10,13,1,-1,-1,-1
220,2,129,144,6,11,1,-1,-1,-1
220,3,156,146,4,5,1,-1,-1,-1
220,4,170,152,4,4,1,-1,-1,-1
220,5,143,154,9,16,1,-1,-1,-1
220,6,155,156,3,3,1,-1,-1,-1
221,1,147,137,10,13,1,-1,-1,-1
221,2,129,144,6,11,1,-1,-1,-1
221,3,156,146,4,5,1,-1,-1,-1
221,4,170,152,4,4,1,-1,-1,-1
221,5,143,154,9,16,1,-1,-1,-1
221,6,155,156,3,3,1,-1,-1,-1
222,1,147,132,7,18,1,-1,-1,-1
222,2,131,146,4,7,1,-1,-1,-1
222,3,157,146,4,5,1,-1,-1,-1
222,4,172,152,3,4,1,-1,-1,-1
222,5,145,154,8,13,1,-1,-1,-1
223,1,147,132,7,18,1,-1,-1,-1
223,2,131,146,4,7,1,-1,-1,-1
223,3,157,146,4,5,1,-1,-1,-1
223,4,172,153,3,3,1,-1,-1,-1
223,5,146,154,7,13,1,-1,-1,-1
224,1,148,134,7,16,1,-1,-1,-1
224,2,159,147,4,4,1,-1,-1,-1
224,3,132,149,5,7,1,-1,-1,-1
224,4,146,155,8,14,1,-1,-1,-1
224,5,158,156,3,3,1,-1,-1,-1
225,1,148,134,7,16,1,-1,-1,-1
225,2,159,147,4,4,1,-1,-1,-1
225,3,132,149,5,7,1,-1,-1,-1
225,4,146,155,8,14,1,-1,-1,-1
225,5,158,156,3,3,1,-1,-1,-1
226,1,488,36,3,3,1,-1,-1,-1
226,2,150,134,9,16,1,-1,-1,-1
226,3,132,145,7,10,1,-1,-1,-1
226,4,160,147,4,4,1,-1,-1,-1
226,5,146,154,9,17,1,-1,-1,-1
227,1,488,36,3,3,1,-1,-1,-1
227,2,150,134,8,16,1,-1,-1,-1
227,3,132,145,7,10,1,-1,-1,-1
227,4,160,147,4,4,1,-1,-1,-1
227,5,146,154,9,17,1,-1,-1,-1
228,1,151,134,8,16,1,-1,-1,-1
228,2,135,149,3,4,1,-1,-1,-1
228,3,152,154,4,9,1,-1,-1,-1
228,4,151,166,3,3,1,-1,-1,-1
228,5,457,219,3,3,1,-1,-1,-1
229,1,151,134,8,16,1,-1,-1,-1
229,2,135,149,3,4,1,-1,-1,-1
229,3,175,152,3,3,1,-1,-1,-1
229,4,152,154,4,9,1,-1,-1,-1
229,5,161,155,3,4,1,-1,-1,-1
229,6,149,165,5,4,1,-1,-1,-1
229,7,457,219,3,3,1,-1,-1,-1
230,1,153,138,5,13,1,-1,-1,-1
230,2,159,142,3,3,1,-1,-1,-1
230,3,162,146,4,5,1,-1,-1,-1
230,4,135,148,7,8,1,-1,-1,-1
230,5,177,153,3,3,1,-1,-1,-1
230,6,148,155,10,17,1,-1,-1,-1
230,7,161,157,3,3,1,-1,-1,-1
231,1,153,138,5,13,1,-1,-1,-1
231,2,159,142,3,3,1,-1,-1,-1
231,3,134,145,8,11,1,-1,-1,-1
231,4,162,146,4,5,1,-1,-1,-1
231,5,177,153,3,3,1,-1,-1,-1
231,6,148,155,10,17,1,-1,-1,-1
231,7,161,156,4,4,1,-1,-1,-1
232,1,155,140,5,11,1,-1,-1,-1
232,2,163,147,4,4,1,-1,-1,-1
232,3,137,148,6,8,1,-1,-1,-1
232,4,178,153,3,3,1,-1,-1,-1
232,5,150,155,9,17,1,-1,-1,-1
232,6,162,156,4,5,1,-1,-1,-1
233,1,155,140,5,11,1,-1,-1,-1
233,2,163,147,4,4,1,-1,-1,-1
233,3,137,148,6,8,1,-1,-1,-1
233,4,178,153,3,3,1,-1,-1,-1
233,5,150,155,9,17,1,-1,-1,-1
233,6,162,156,4,5,1,-1,-1,-1
234,1,156,140,5,10,1,-1,-1,-1
234,2,165,147,3,4,1,-1,-1,-1
234,3,138,150,6,8,1,-1,-1,-1
234,4,180,153,3,3,1,-1,-1,-1
234,5,152,156,11,15,1,-1,-1,-1
235,1,156,140,5,11,1,-1,-1,-1
235,2,165,147,4,4,1,-1,-1,-1
235,3,138,150,6,8,1,-1,-1,-1
235,4,179,152,4,4,1,-1,-1,-1
235,5,152,156,11,16,1,-1,-1,-1
236,1,157,140,5,11,1,-1,-1,-1
236,2,166,148,3,3,1,-1,-1,-1
236,3,139,150,4,8,1,-1,-1,-1
236,4,153,155,9,18,1,-1,-1,-1
236,5,166,156,4,5,1,-1,-1,-1
237,1,157,140,5,11,1,-1,-1,-1
237,2,166,148,3,3,1,-1,-1,-1
237,3,139,150,4,8,1,-1,-1,-1
237,4,153,155,9,18,1,-1,-1,-1
237,5,166,156,4,5,1,-1,-1,-1
238,1,158,140,5,11,1,-1,-1,-1
238,2,167,147,3,4,1,-1,-1,-1
238,3,141,151,5,7,1,-1,-1,-1
238,4,182,152,4,3,1,-1,-1,-1
238,5,156,155,9,14,1,-1,-1,-1
238,6,167,154,5,6,1,-1,-1,-1
238,7,154,170,3,3,1,-1,-1,-1
239,1,156,134,4,4,1,-1,-1,-1
239,2,158,140,5,11,1,-1,-1,-1
239,3,140,146,3,4,1,-1,-1,-1
239,4,167,147,4,4,1,-1,-1,-1
239,5,141,151,5,7,1,-1,-1,-1
239,6,182,152,4,3,1,-1,-1,-1
239,7,156,155,9,14,1,-1,-1,-1
239,8,167,154,5,6,1,-1,-1,-1
239,9,154,170,3,3,1,-1,-1,-1
240,1,157,134,6,6,1,-1,-1,-1
240,2,165,143,3,3,1,-1,-1,-1
240,3,161,145,3,6,1,-1,-1,-1
240,4,168,148,4,4,1,-1,-1,-1
240,5,141,150,5,8,1,-1,-1,-1
240,6,183,151,3,3,1,-1,-1,-1
240,7,156,155,9,16,1,-1,-1,-1
240,8,169,156,3,5,1,-1,-1,-1
240,9,407,160,3,3,1,-1,-1,-1
240,10,0,283,2,2,1,-1,-1,-1
241,1,157,134,6,6,1,-1,-1,-1
241,2,165,143,3,3,1,-1,-1,-1
241,3,161,145,3,6,1,-1,-1,-1
241,4,141,147,5,11,1,-1,-1,-1
241,5,168,148,4,4,1,-1,-1,-1
241,6,183,151,3,3,1,-1,-1,-1
241,7,156,155,9,16,1,-1,-1,-1
241,8,169,156,3,5,1,-1,-1,-1
241,9,412,159,3,3,1,-1,-1,-1
241,10,407,160,3,3,1,-1,-1,-1
241,11,0,283,2,2,1,-1,-1,-1
242,1,161,142,5,9,1,-1,-1,-1
242,2,166,143,3,3,1,-1,-1,-1
242,3,169,148,4,3,1,-1,-1,-1
242,4,184,151,4,3,1,-1,-1,-1
242,5,142,152,7,8,1,-1,-1,-1
242,6,160,155,7,12,1,-1,-1,-1
242,7,169,156,4,4,1,-1,-1,-1
242,8,156,168,4,5,1,-1,-1,-1
243,1,161,142,5,9,1,-1,-1,-1
243,2,166,143,3,3,1,-1,-1,-1
243,3,169,148,4,3,1,-1,-1,-1
243,4,185,151,3,3,1,-1,-1,-1
243,5,142,152,7,8,1,-1,-1,-1
243,6,160,155,7,12,1,-1,-1,-1
243,7,169,156,4,4,1,-1,-1,-1
243,8,156,168,4,5,1,-1,-1,-1
244,1,160,137,10,14,1,-1,-1,-1
244,2,171,147,3,4,1,-1,-1,-1
244,3,147,148,3,3,1,-1,-1,-1
244,4,186,150,3,3,1,-1,-1,-1
244,5,145,153,6,5,1,-1,-1,-1
244,6,181,153,3,3,1,-1,-1,-1
244,7,160,155,8,16,1,-1,-1,-1
244,8,143,157,3,3,1,-1,-1,-1
244,9,171,156,3,3,1,-1,-1,-1
245,1,160,137,3,3,1,-1,-1,-1
245,2,162,141,7,10,1,-1,-1,-1
245,3,147,148,3,3,1,-1,-1,-1
245,4,171,148,3,3,1,-1,-1,-1
245,5,186,150,4,3,1,-1,-1,-1
245,6,145,153,6,5,1,-1,-1,-1
245,7,181,153,3,3,1,-1,-1,-1
245,8,160,155,8,16,1,-1,-1,-1
245,9,171,156,3,4,1,-1,-1,-1
246,1,163,142,4,9,1,-1,-1,-1
246,2,172,148,3,3,1,-1,-1,-1
246,3,152,151,3,3,1,-1,-1,-1
246,4,145,152,4,7,1,-1,-1,-1
246,5,162,155,7,15,1,-1,-1,-1
246,6,172,156,3,3,1,-1,-1,-1
246,7,160,171,4,3,1,-1,-1,-1
247,1,163,142,4,9,1,-1,-1,-1
247,2,171,146,4,5,1,-1,-1,-1
247,3,145,152,4,7,1,-1,-1,-1
247,4,162,155,6,15,1,-1,-1,-1
247,5,172,156,3,3,1,-1,-1,-1
247,6,160,171,4,3,1,-1,-1,-1
248,1,165,144,3,5,1,-1,-1,-1
248,2,173,147,3,3,1,-1,-1,-1
248,3,188,149,4,3,1,-1,-1,-1
248,4,146,152,7,8,1,-1,-1,-1
248,5,163,155,10,17,1,-1,-1,-1
249,1,163,140,5,9,1,-1,-1,-1
249,2,169,142,3,3,1,-1,-1,-1
249,3,173,147,3,3,1,-1,-1,-1
249,4,188,149,4,3,1,-1,-1,-1
249,5,146,152,7,8,1,-1,-1,-1
249,6,163,155,10,17,1,-1,-1,-1
249,7,407,160,3,3,1,-1,-1,-1
250,1,165,142,3,4,1,-1,-1,-1
250,2,174,147,3,3,1,-1,-1,-1
250,3,167,148,3,4,1,-1,-1,-1
250,4,189,149,4,3,1,-1,-1,-1
250,5,148,154,4,5,1,-1,-1,-1
250,6,175,155,3,3,1,-1,-1,-1
250,7,166,156,5,11,1,-1,-1,-1
250,8,172,160,3,3,1,-1,-1,-1
250,9,5,281,3,3,1,-1,-1,-1
251,1,164,141,4,5,1,-1,-1,-1
251,2,174,147,3,3,1,-1,-1,-1
251,3,167,148,3,4,1,-1,-1,-1
251,4,189,149,4,3,1,-1,-1,-1
251,5,148,152,4,7,1,-1,-1,-1
251,6,166,155,5,12,1,-1,-1,-1
251,7,175,155,3,3,1,-1,-1,-1
251,8,172,160,3,3,1,-1,-1,-1
251,9,5,281,3,3,1,-1,-1,-1
252,1,164,139,7,12,1,-1,-1,-1
252,2,175,147,3,3,1,-1,-1,-1
252,3,190,148,3,3,1,-1,-1,-1
252,4,150,154,3,4,1,-1,-1,-1
252,5,168,155,6,14,1,-1,-1,-1
252,6,176,156,4,3,1,-1,-1,-1
252,7,173,160,3,3,1,-1,-1,-1
253,1,164,139,7,12,1,-1,-1,-1
253,2,175,147,3,3,1,-1,-1,-1
253,3,190,148,3,3,1,-1,-1,-1
253,4,150,154,3,4,1,-1,-1,-1
253,5,168,155,6,14,1,-1,-1,-1
253,6,176,156,4,3,1,-1,-1,-1
253,7,173,160,3,3,1,-1,-1,-1
254,1,483,48,3,3,1,-1,-1,-1
254,2,166,141,6,10,1,-1,-1,-1
254,3,176,146,4,4,1,-1,-1,-1
254,4,149,149,3,3,1,-1,-1,-1
254,5,150,154,6,8,1,-1,-1,-1
254,6,168,155,6,17,1,-1,-1,-1
254,7,178,154,3,3,1,-1,-1,-1
255,1,483,48,3,3,1,-1,-1,-1
255,2,166,141,6,10,1,-1,-1,-1
255,3,176,146,4,4,1,-1,-1,-1
255,4,149,149,3,3,1,-1,-1,-1
255,5,150,154,6,8,1,-1,-1,-1
255,6,168,155,6,17,1,-1,-1,-1
255,7,178,154,3,3,1,-1,-1,-1
256,1,167,141,6,11,1,-1,-1,-1
256,2,178,147,3,3,1,-1,-1,-1
256,3,193,147,3,3,1,-1,-1,-1
256,4,152,155,6,5,1,-1,-1,-1
256,5,171,155,5,13,1,-1,-1,-1
257,1,170,145,3,6,1,-1,-1,-1
257,2,177,145,4,5,1,-1,-1,-1
257,3,193,147,3,3,1,-1,-1,-1
257,4,152,155,7,5,1,-1,-1,-1
257,5,171,156,5,12,1,-1,-1,-1
258,1,481,49,3,3,1,-1,-1,-1
258,2,165,136,3,3,1,-1,-1,-1
258,3,171,146,3,5,1,-1,-1,-1
258,4,179,146,3,3,1,-1,-1,-1
258,5,194,146,3,3,1,-1,-1,-1
258,6,154,155,3,4,1,-1,-1,-1
258,7,171,154,5,13,1,-1,-1,-1
258,8,180,154,3,3,1,-1,-1,-1
258,9,177,160,3,3,1,-1,-1,-1
258,10,0,283,2,2,1,-1,-1,-1
258,11,11,283,3,2,1,-1,-1,-1
259,1,481,49,3,3,1,-1,-1,-1
259,2,165,136,3,3,1,-1,-1,-1
259,3,171,146,3,5,1,-1,-1,-1
259,4,179,146,3,3,1,-1,-1,-1
259,5,194,146,3,3,1,-1,-1,-1
259,6,153,154,4,5,1,-1,-1,-1
259,7,172,154,4,13,1,-1,-1,-1
259,8,180,154,3,3,1,-1,-1,-1
259,9,177,160,3,3,1,-1,-1,-1
259,10,0,283,2,2,1,-1,-1,-1
259,11,11,283,3,2,1,-1,-1,-1
260,1,170,142,5,8,1,-1,-1,-1
260,2,195,145,3,3,1,-1,-1,-1
260,3,154,152,4,8,1,-1,-1,-1
260,4,172,154,9,15,1,-1,-1,-1
260,5,172,170,4,3,1,-1,-1,-1
261,1,170,142,5,8,1,-1,-1,-1
261,2,195,145,3,3,1,-1,-1,-1
261,3,154,152,4,8,1,-1,-1,-1
261,4,172,154,9,15,1,-1,-1,-1
261,5,172,170,4,3,1,-1,-1,-1
262,1,171,142,5,9,1,-1,-1,-1
262,2,180,144,4,5,1,-1,-1,-1
262,3,154,151,3,3,1,-1,-1,-1
262,4,156,155,3,7,1,-1,-1,-1
262,5,174,155,9,16,1,-1,-1,-1
262,6,182,154,3,3,1,-1,-1,-1
262,7,6,283,3,2,1,-1,-1,-1
263,1,171,142,5,9,1,-1,-1,-1
263,2,180,144,4,5,1,-1,-1,-1
263,3,154,151,3,3,1,-1,-1,-1
263,4,156,155,3,7,1,-1,-1,-1
263,5,174,155,9,16,1,-1,-1,-1
263,6,182,154,6,4,1,-1,-1,-1
263,7,6,283,3,2,1,-1,-1,-1
264,1,174,145,3,6,1,-1,-1,-1
264,2,182,145,3,3,1,-1,-1,-1
264,3,155,151,3,3,1,-1,-1,-1
264,4,184,152,3,4,1,-1,-1,-1
264,5,177,154,7,12,1,-1,-1,-1
264,6,158,156,5,7,1,-1,-1,-1
264,7,176,167,6,3,1,-1,-1,-1
265,1,174,145,3,6,1,-1,-1,-1
265,2,182,145,3,3,1,-1,-1,-1
265,3,155,151,3,3,1,-1,-1,-1
265,4,184,152,3,4,1,-1,-1,-1
265,5,177,154,7,12,1,-1,-1,-1
265,6,158,156,5,7,1,-1,-1,-1
265,7,393,163,3,3,1,-1,-1,-1
265,8,176,167,6,3,1,-1,-1,-1
266,1,481,49,3,3,1,-1,-1,-1
266,2,477,53,3,3,1,-1,-1,-1
266,3,174,140,5,8,1,-1,-1,-1
266,4,183,144,3,3,1,-1,-1,-1
266,5,156,151,4,4,1,-1,-1,-1
266,6,185,151,3,5,1,-1,-1,-1
266,7,176,153,9,16,1,-1,-1,-1
266,8,159,156,5,7,1,-1,-1,-1
266,9,178,170,4,3,1,-1,-1,-1
267,1,481,49,3,3,1,-1,-1,-1
267,2,174,140,5,8,1,-1,-1,-1
267,3,183,144,3,3,1,-1,-1,-1
267,4,156,151,4,4,1,-1,-1,-1
267,5,185,151,3,5,1,-1,-1,-1
267,6,176,153,9,16,1,-1,-1,-1
267,7,159,156,5,7,1,-1,-1,-1
267,8,178,170,4,3,1,-1,-1,-1
268,1,176,144,3,3,1,-1,-1,-1
268,2,184,144,3,3,1,-1,-1,-1
268,3,158,152,3,3,1,-1,-1,-1
268,4,179,153,8,13,1,-1,-1,-1
268,5,186,152,3,3,1,-1,-1,-1
268,6,161,156,3,4,1,-1,-1,-1
268,7,179,168,5,4,1,-1,-1,-1
269,1,115,37,3,3,1,-1,-1,-1
269,2,176,144,3,3,1,-1,-1,-1
269,3,184,144,3,3,1,-1,-1,-1
269,4,158,152,3,3,1,-1,-1,-1
269,5,179,153,8,19,1,-1,-1,-1
269,6,186,152,3,3,1,-1,-1,-1
269,7,161,156,6,4,1,-1,-1,-1
270,1,173,139,3,3,1,-1,-1,-1
270,2,177,145,4,4,1,-1,-1,-1
270,3,188,149,3,3,1,-1,-1,-1
270,4,177,153,3,3,1,-1,-1,-1
270,5,179,153,10,17,1,-1,-1,-1
270,6,171,155,3,3,1,-1,-1,-1
270,7,162,156,5,7,1,-1,-1,-1
271,1,541,90,2,3,1,-1,-1,-1
271,2,173,139,3,3,1,-1,-1,-1
271,3,200,141,3,3,1,-1,-1,-1
271,4,177,145,4,4,1,-1,-1,-1
271,5,188,149,3,3,1,-1,-1,-1
271,6,177,153,3,3,1,-1,-1,-1
271,7,179,153,10,17,1,-1,-1,-1
271,8,171,155,3,3,1,-1,-1,-1
271,9,162,156,5,7,1,-1,-1,-1
272,1,175,140,8,9,1,-1,-1,-1
272,2,184,141,3,3,1,-1,-1,-1
272,3,182,152,8,15,1,-1,-1,-1
272,4,163,156,6,4,1,-1,-1,-1
272,5,31,281,3,3,1,-1,-1,-1
273,1,175,140,8,9,1,-1,-1,-1
273,2,184,141,3,3,1,-1,-1,-1
273,3,182,152,8,15,1,-1,-1,-1
273,4,163,156,6,4,1,-1,-1,-1
274,1,176,140,7,8,1,-1,-1,-1
274,2,186,140,4,6,1,-1,-1,-1
274,3,182,152,9,18,1,-1,-1,-1
274,4,165,156,6,7,1,-1,-1,-1
274,5,18,272,4,3,1,-1,-1,-1
274,6,19,277,4,3,1,-1,-1,-1
275,1,176,140,7,8,1,-1,-1,-1
275,2,186,140,4,6,1,-1,-1,-1
275,3,182,152,9,18,1,-1,-1,-1
275,4,165,156,6,7,1,-1,-1,-1
275,5,18,272,4,3,1,-1,-1,-1
275,6,19,277,4,3,1,-1,-1,-1
276,1,473,57,3,3,1,-1,-1,-1
276,2,179,141,4,5,1,-1,-1,-1
276,3,191,149,3,3,1,-1,-1,-1
276,4,184,151,8,18,1,-1,-1,-1
276,5,163,152,3,3,1,-1,-1,-1
276,6,167,152,3,3,1,-1,-1,-1
276,7,166,156,6,8,1,-1,-1,-1
276,8,432,223,3,3,1,-1,-1,-1
276,9,20,273,4,4,1,-1,-1,-1
276,10,33,283,3,2,1,-1,-1,-1
277,1,179,141,4,5,1,-1,-1,-1
277,2,191,149,3,3,1,-1,-1,-1
277,3,184,151,8,19,1,-1,-1,-1
277,4,163,153,9,11,1,-1,-1,-1
277,5,386,164,3,3,1,-1,-1,-1
277,6,432,223,3,3,1,-1,-1,-1
277,7,20,273,4,4,1,-1,-1,-1
277,8,33,283,3,2,1,-1,-1,-1
278,1,176,135,10,14,1,-1,-1,-1
278,2,183,138,3,3,1,-1,-1,-1
278,3,189,141,3,3,1,-1,-1,-1
278,4,192,148,6,4,1,-1,-1,-1
278,5,185,151,9,13,1,-1,-1,-1
278,6,167,156,7,7,1,-1,-1,-1
278,7,22,275,4,3,1,-1,-1,-1
278,8,23,282,3,3,1,-1,-1,-1
278,9,35,283,3,2,1,-1,-1,-1
279,1,176,135,10,14,1,-1,-1,-1
279,2,183,138,3,3,1,-1,-1,-1
279,3,189,141,3,3,1,-1,-1,-1
279,4,192,148,6,4,1,-1,-1,-1
279,5,186,151,8,12,1,-1,-1,-1
279,6,167,153,7,10,1,-1,-1,-1
279,7,22,275,4,3,1,-1,-1,-1
279,8,35,283,3,2,1,-1,-1,-1
280,1,189,139,4,4,1,-1,-1,-1
280,2,183,143,3,3,1,-1,-1,-1
280,3,193,148,3,3,1,-1,-1,-1
280,4,187,150,8,18,1,-1,-1,-1
280,5,170,152,3,3,1,-1,-1,-1
280,6,169,156,3,4,1,-1,-1,-1
280,7,23,283,3,2,1,-1,-1,-1
281,1,189,139,4,4,1,-1,-1,-1
281,2,183,143,3,3,1,-1,-1,-1
281,3,193,148,3,3,1,-1,-1,-1
281,4,187,150,8,18,1,-1,-1,-1
281,5,170,152,3,3,1,-1,-1,-1
281,6,169,156,3,4,1,-1,-1,-1
281,7,23,283,3,2,1,-1,-1,-1
281,8,29,283,3,2,1,-1,-1,-1
282,1,176,133,11,9,1,-1,-1,-1
282,2,192,140,3,3,1,-1,-1,-1
282,3,184,143,3,3,1,-1,-1,-1
282,4,194,147,3,3,1,-1,-1,-1
282,5,188,149,9,16,1,-1,-1,-1
282,6,171,156,6,7,1,-1,-1,-1
282,7,25,273,4,7,1,-1,-1,-1
282,8,25,283,3,2,1,-1,-1,-1
283,1,179,135,8,11,1,-1,-1,-1
283,2,192,140,3,3,1,-1,-1,-1
283,3,194,147,3,3,1,-1,-1,-1
283,4,188,149,9,17,1,-1,-1,-1
283,5,171,156,6,7,1,-1,-1,-1
283,6,25,272,4,8,1,-1,-1,-1
283,7,25,282,3,3,1,-1,-1,-1
284,1,473,57,3,3,1,-1,-1,-1
284,2,181,138,8,9,1,-1,-1,-1
284,3,191,138,4,4,1,-1,-1,-1
284,4,196,144,6,6,1,-1,-1,-1
284,5,190,149,8,16,1,-1,-1,-1
284,6,169,153,10,9,1,-1,-1,-1
285,1,473,57,3,3,1,-1,-1,-1
285,2,181,138,8,9,1,-1,-1,-1
285,3,191,138,4,4,1,-1,-1,-1
285,4,196,144,3,5,1,-1,-1,-1
285,5,190,149,8,16,1,-1,-1,-1
285,6,169,153,10,9,1,-1,-1,-1
286,1,207,132,3,3,1,-1,-1,-1
286,2,184,139,3,3,1,-1,-1,-1
286,3,193,139,3,3,1,-1,-1,-1
286,4,197,145,3,3,1,-1,-1,-1
286,5,191,148,5,11,1,-1,-1,-1
286,6,173,155,6,8,1,-1,-1,-1
286,7,194,162,5,4,1,-1,-1,-1
286,8,426,224,3,3,1,-1,-1,-1
287,1,207,132,3,3,1,-1,-1,-1
287,2,184,139,3,3,1,-1,-1,-1
287,3,193,139,3,3,1,-1,-1,-1
287,4,197,145,3,3,1,-1,-1,-1
287,5,191,148,5,11,1,-1,-1,-1
287,6,173,155,6,8,1,-1,-1,-1
287,7,194,162,5,4,1,-1,-1,-1
287,8,426,224,3,3,1,-1,-1,-1
288,1,188,135,3,3,1,-1,-1,-1
288,2,182,136,3,3,1,-1,-1,-1
288,3,187,141,4,4,1,-1,-1,-1
288,4,198,144,3,3,1,-1,-1,-1
288,5,192,148,9,15,1,-1,-1,-1
288,6,174,155,7,6,1,-1,-1,-1
288,7,30,275,4,3,1,-1,-1,-1
289,1,188,135,3,3,1,-1,-1,-1
289,2,182,136,3,3,1,-1,-1,-1
289,3,193,137,3,3,1,-1,-1,-1
289,4,186,140,5,5,1,-1,-1,-1
289,5,198,143,3,4,1,-1,-1,-1
289,6,192,147,9,16,1,-1,-1,-1
289,7,174,154,7,8,1,-1,-1,-1
289,8,30,275,4,3,1,-1,-1,-1
290,1,209,130,3,3,1,-1,-1,-1
290,2,379,131,3,3,1,-1,-1,-1
290,3,182,135,9,8,1,-1,-1,-1
290,4,190,135,3,3,1,-1,-1,-1
290,5,194,136,3,3,1,-1,-1,-1
290,6,193,147,9,18,1,-1,-1,-1
290,7,172,151,7,7,1,-1,-1,-1
291,1,209,130,3,3,1,-1,-1,-1
291,2,379,131,3,3,1,-1,-1,-1
291,3,182,135,9,8,1,-1,-1,-1
291,4,194,134,3,5,1,-1,-1,-1
291,5,193,147,9,18,1,-1,-1,-1
291,6,172,151,7,7,1,-1,-1,-1
291,7,177,159,3,3,1,-1,-1,-1
292,1,210,129,3,3,1,-1,-1,-1
292,2,379,131,3,3,1,-1,-1,-1
292,3,189,133,3,3,1,-1,-1,-1
292,4,184,135,8,7,1,-1,-1,-1
292,5,196,136,3,3,1,-1,-1,-1
292,6,200,142,3,3,1,-1,-1,-1
292,7,194,146,6,10,1,-1,-1,-1
292,8,177,153,7,7,1,-1,-1,-1
292,9,198,158,5,6,1,-1,-1,-1
292,10,21,277,3,4,1,-1,-1,-1
292,11,33,276,4,4,1,-1,-1,-1
293,1,210,129,3,3,1,-1,-1,-1
293,2,379,131,3,3,1,-1,-1,-1
293,3,189,133,3,3,1,-1,-1,-1
293,4,184,135,8,7,1,-1,-1,-1
293,5,196,136,3,3,1,-1,-1,-1
293,6,200,142,3,3,1,-1,-1,-1
293,7,194,146,6,10,1,-1,-1,-1
293,8,177,153,7,7,1,-1,-1,-1
293,9,198,158,5,6,1,-1,-1,-1
293,10,21,277,3,3,1,-1,-1,-1
293,11,33,276,4,4,1,-1,-1,-1
294,1,186,135,8,7,1,-1,-1,-1
294,2,201,141,3,4,1,-1,-1,-1
294,3,195,145,10,16,1,-1,-1,-1
294,4,178,149,4,3,1,-1,-1,-1
294,5,178,153,7,6,1,-1,-1,-1
294,6,22,278,3,3,1,-1,-1,-1
295,1,186,135,8,7,1,-1,-1,-1
295,2,201,141,3,4,1,-1,-1,-1
295,3,195,145,10,16,1,-1,-1,-1
295,4,178,149,4,3,1,-1,-1,-1
295,5,178,153,7,6,1,-1,-1,-1
295,6,22,278,3,3,1,-1,-1,-1
296,1,185,133,10,9,1,-1,-1,-1
296,2,196,144,10,18,1,-1,-1,-1
296,3,180,153,3,5,1,-1,-1,-1
297,1,185,133,10,9,1,-1,-1,-1
297,2,196,144,10,18,1,-1,-1,-1
297,3,180,153,3,5,1,-1,-1,-1
298,1,182,128,4,5,1,-1,-1,-1
298,2,187,130,8,7,1,-1,-1,-1
298,3,196,132,5,4,1,-1,-1,-1
298,4,203,139,3,4,1,-1,-1,-1
298,5,198,144,9,17,1,-1,-1,-1
298,6,181,152,6,6,1,-1,-1,-1
298,7,413,226,3,3,1,-1,-1,-1
299,1,182,128,4,5,1,-1,-1,-1
299,2,187,130,8,7,1,-1,-1,-1
299,3,197,132,3,3,1,-1,-1,-1
299,4,203,139,3,4,1,-1,-1,-1
299,5,198,144,9,16,1,-1,-1,-1
299,6,181,152,6,6,1,-1,-1,-1
299,7,413,226,3,3,1,-1,-1,-1
300,1,213,125,3,3,1,-1,-1,-1
300,2,194,131,3,3,1,-1,-1,-1
300,3,199,131,4,4,1,-1,-1,-1
300,4,187,132,4,3,1,-1,-1,-1
300,5,193,136,3,3,1,-1,-1,-1
300,6,199,143,9,14,1,-1,-1,-1
300,7,182,147,3,3,1,-1,-1,-1
300,8,178,148,3,3,1,-1,-1,-1
300,9,182,151,7,6,1,-1,-1,-1
300,10,29,283,4,2,1,-1,-1,-1
301,1,213,125,3,3,1,-1,-1,-1
301,2,194,131,3,3,1,-1,-1,-1
301,3,199,131,4,4,1,-1,-1,-1
301,4,187,132,4,3,1,-1,-1,-1
301,5,193,136,3,3,1,-1,-1,-1
301,6,199,143,9,14,1,-1,-1,-1
301,7,182,147,3,3,1,-1,-1,-1
301,8,178,148,3,3,1,-1,-1,-1
301,9,182,151,6,6,1,-1,-1,-1
301,10,29,283,4,2,1,-1,-1,-1
302,1,213,124,4,3,1,-1,-1,-1
302,2,186,130,13,9,1,-1,-1,-1
302,3,199,131,5,4,1,-1,-1,-1
302,4,205,137,3,4,1,-1,-1,-1
302,5,200,141,9,14,1,-1,-1,-1
302,6,183,150,7,6,1,-1,-1,-1
303,1,214,124,3,3,1,-1,-1,-1
303,2,186,130,13,9,1,-1,-1,-1
303,3,199,131,5,4,1,-1,-1,-1
303,4,205,137,3,4,1,-1,-1,-1
303,5,200,141,9,14,1,-1,-1,-1
303,6,183,150,7,6,1,-1,-1,-1
304,1,196,129,3,3,1,-1,-1,-1
304,2,201,130,4,3,1,-1,-1,-1
304,3,192,132,7,7,1,-1,-1,-1
304,4,201,141,10,16,1,-1,-1,-1
304,5,185,150,4,7,1,-1,-1,-1
304,6,33,283,3,2,1,-1,-1,-1
305,1,192,132,7,6,1,-1,-1,-1
305,2,201,141,10,16,1,-1,-1,-1
305,3,185,150,3,4,1,-1,-1,-1
306,1,216,122,3,4,1,-1,-1,-1
306,2,187,126,13,12,1,-1,-1,-1
306,3,202,140,10,15,1,-1,-1,-1
306,4,186,149,7,7,1,-1,-1,-1
307,1,216,122,3,4,1,-1,-1,-1
307,2,187,126,13,12,1,-1,-1,-1
307,3,202,140,10,15,1,-1,-1,-1
307,4,186,149,7,7,1,-1,-1,-1
308,1,216,121,3,3,1,-1,-1,-1
308,2,193,127,7,9,1,-1,-1,-1
308,3,189,128,3,3,1,-1,-1,-1
308,4,203,139,10,14,1,-1,-1,-1
308,5,187,149,7,5,1,-1,-1,-1
308,6,368,167,3,3,1,-1,-1,-1
309,1,216,121,3,3,1,-1,-1,-1
309,2,193,127,7,9,1,-1,-1,-1
309,3,189,128,3,3,1,-1,-1,-1
309,4,203,139,10,14,1,-1,-1,-1
309,5,187,149,7,5,1,-1,-1,-1
310,1,192,125,10,11,1,-1,-1,-1
310,2,204,128,4,3,1,-1,-1,-1
310,3,209,133,3,4,1,-1,-1,-1
310,4,204,138,10,17,1,-1,-1,-1
310,5,184,144,11,10,1,-1,-1,-1
311,1,218,120,3,3,1,-1,-1,-1
311,2,192,125,10,11,1,-1,-1,-1
311,3,204,128,4,3,1,-1,-1,-1
311,4,209,133,3,4,1,-1,-1,-1
311,5,204,138,10,17,1,-1,-1,-1
311,6,184,144,11,10,1,-1,-1,-1
312,1,219,119,3,3,1,-1,-1,-1
312,2,192,125,11,10,1,-1,-1,-1
312,3,205,127,4,3,1,-1,-1,-1
312,4,210,131,3,6,1,-1,-1,-1
312,5,205,137,9,14,1,-1,-1,-1
312,6,186,143,10,10,1,-1,-1,-1
313,1,192,125,11,10,1,-1,-1,-1
313,2,205,127,3,3,1,-1,-1,-1
313,3,210,131,3,5,1,-1,-1,-1
313,4,205,137,8,14,1,-1,-1,-1
313,5,186,145,10,7,1,-1,-1,-1
314,1,194,124,9,10,1,-1,-1,-1
314,2,206,126,3,3,1,-1,-1,-1
314,3,211,130,3,5,1,-1,-1,-1
314,4,206,136,9,17,1,-1,-1,-1
314,5,190,146,4,5,1,-1,-1,-1
314,6,408,227,3,3,1,-1,-1,-1
315,1,220,118,3,3,1,-1,-1,-1
315,2,194,124,10,12,1,-1,-1,-1
315,3,206,126,3,3,1,-1,-1,-1
315,4,211,130,3,5,1,-1,-1,-1
315,5,206,137,9,16,1,-1,-1,-1
315,6,186,144,3,3,1,-1,-1,-1
315,7,190,147,4,4,1,-1,-1,-1
316,1,220,117,3,3,1,-1,-1,-1
316,2,195,123,10,10,1,-1,-1,-1
316,3,206,125,5,3,1,-1,-1,-1
316,4,212,130,3,5,1,-1,-1,-1
316,5,208,135,8,17,1,-1,-1,-1
316,6,187,141,11,9,1,-1,-1,-1
317,1,220,117,3,3,1,-1,-1,-1
317,2,195,123,10,10,1,-1,-1,-1
317,3,206,125,5,3,1,-1,-1,-1
317,4,212,130,3,5,1,-1,-1,-1
317,5,208,135,10,17,1,-1,-1,-1
317,6,187,141,11,9,1,-1,-1,-1
318,1,221,116,3,3,1,-1,-1,-1
318,2,207,124,4,3,1,-1,-1,-1
318,3,199,126,6,6,1,-1,-1,-1
318,4,213,128,3,5,1,-1,-1,-1
318,5,208,134,9,17,1,-1,-1,-1
318,6,192,144,4,5,1,-1,-1,-1
319,1,221,116,3,3,1,-1,-1,-1
319,2,207,124,4,3,1,-1,-1,-1
319,3,199,126,6,6,1,-1,-1,-1
319,4,213,128,3,5,1,-1,-1,-1
319,5,208,134,8,14,1,-1,-1,-1
319,6,192,144,4,5,1,-1,-1,-1
320,1,222,115,3,3,1,-1,-1,-1
320,2,194,121,13,10,1,-1,-1,-1
320,3,209,133,10,14,1,-1,-1,-1
320,4,193,143,4,5,1,-1,-1,-1
321,1,222,115,3,3,1,-1,-1,-1
321,2,194,121,13,10,1,-1,-1,-1
321,3,208,123,3,3,1,-1,-1,-1
321,4,217,130,3,3,1,-1,-1,-1
321,5,209,133,10,14,1,-1,-1,-1
321,6,193,143,4,5,1,-1,-1,-1
322,1,222,114,4,3,1,-1,-1,-1
322,2,197,121,11,10,1,-1,-1,-1
322,3,218,129,3,3,1,-1,-1,-1
322,4,210,132,8,14,1,-1,-1,-1
322,5,195,144,3,4,1,-1,-1,-1
323,1,222,114,4,3,1,-1,-1,-1
323,2,197,121,11,10,1,-1,-1,-1
323,3,218,129,3,3,1,-1,-1,-1
323,4,209,133,9,13,1,-1,-1,-1
323,5,194,139,3,3,1,-1,-1,-1
323,6,195,144,3,3,1,-1,-1,-1
324,1,223,113,4,3,1,-1,-1,-1
324,2,195,118,3,5,1,-1,-1,-1
324,3,199,119,3,3,1,-1,-1,-1
324,4,200,120,8,9,1,-1,-1,-1
324,5,210,121,3,3,1,-1,-1,-1
324,6,211,132,10,14,1,-1,-1,-1
324,7,195,138,3,3,1,-1,-1,-1
324,8,195,142,4,5,1,-1,-1,-1
324,9,364,167,3,3,1,-1,-1,-1
325,1,223,113,4,3,1,-1,-1,-1
325,2,195,118,3,5,1,-1,-1,-1
325,3,199,119,3,3,1,-1,-1,-1
325,4,200,120,8,9,1,-1,-1,-1
325,5,210,121,3,3,1,-1,-1,-1
325,6,211,132,10,14,1,-1,-1,-1
325,7,195,138,3,3,1,-1,-1,-1
325,8,195,142,4,5,1,-1,-1,-1
326,1,199,118,10,10,1,-1,-1,-1
326,2,211,120,3,4,1,-1,-1,-1
326,3,220,127,3,3,1,-1,-1,-1
326,4,211,131,11,13,1,-1,-1,-1
326,5,196,137,3,3,1,-1,-1,-1
326,6,196,141,4,5,1,-1,-1,-1
327,1,199,118,10,10,1,-1,-1,-1
327,2,211,120,3,4,1,-1,-1,-1
327,3,217,124,6,6,1,-1,-1,-1
327,4,211,131,10,13,1,-1,-1,-1
327,5,196,137,3,3,1,-1,-1,-1
327,6,192,139,3,3,1,-1,-1,-1
327,7,196,141,7,5,1,-1,-1,-1
328,1,199,118,10,9,1,-1,-1,-1
328,2,211,118,5,5,1,-1,-1,-1
328,3,219,119,6,6,1,-1,-1,-1
328,4,214,130,6,11,1,-1,-1,-1
328,5,197,140,4,5,1,-1,-1,-1
329,1,199,118,10,9,1,-1,-1,-1
329,2,211,118,5,5,1,-1,-1,-1
329,3,219,119,6,6,1,-1,-1,-1
329,4,214,130,6,11,1,-1,-1,-1
329,5,197,140,4,5,1,-1,-1,-1
330,1,199,117,11,8,1,-1,-1,-1
330,2,212,118,4,4,1,-1,-1,-1
330,3,216,132,7,9,1,-1,-1,-1
330,4,198,140,6,6,1,-1,-1,-1
330,5,360,168,3,3,1,-1,-1,-1
331,1,199,117,11,8,1,-1,-1,-1
331,2,212,118,4,4,1,-1,-1,-1
331,3,216,132,7,9,1,-1,-1,-1
331,4,198,140,6,6,1,-1,-1,-1
332,1,197,115,15,11,1,-1,-1,-1
332,2,215,129,7,11,1,-1,-1,-1
332,3,199,139,3,3,1,-1,-1,-1
333,1,197,115,15,11,1,-1,-1,-1
333,2,215,129,7,11,1,-1,-1,-1
333,3,199,139,3,3,1,-1,-1,-1
334,1,228,109,3,3,1,-1,-1,-1
334,2,200,115,8,7,1,-1,-1,-1
334,3,214,117,3,3,1,-1,-1,-1
334,4,209,122,4,4,1,-1,-1,-1
334,5,216,128,7,11,1,-1,-1,-1
334,6,196,136,3,3,1,-1,-1,-1
334,7,200,138,3,3,1,-1,-1,-1
335,1,228,109,3,3,1,-1,-1,-1
335,2,200,115,13,11,1,-1,-1,-1
335,3,213,116,5,4,1,-1,-1,-1
335,4,224,123,3,3,1,-1,-1,-1
335,5,216,128,9,11,1,-1,-1,-1
335,6,196,136,3,3,1,-1,-1,-1
335,7,200,138,3,3,1,-1,-1,-1
336,1,448,85,3,3,1,-1,-1,-1
336,2,229,108,3,3,1,-1,-1,-1
336,3,197,113,16,11,1,-1,-1,-1
336,4,214,116,6,3,1,-1,-1,-1
336,5,214,127,12,13,1,-1,-1,-1
336,6,200,133,6,11,1,-1,-1,-1
337,1,448,85,3,3,1,-1,-1,-1
337,2,229,108,3,3,1,-1,-1,-1
337,3,197,113,14,8,1,-1,-1,-1
337,4,215,116,3,3,1,-1,-1,-1
337,5,209,120,4,4,1,-1,-1,-1
337,6,224,123,3,3,1,-1,-1,-1
337,7,215,127,11,13,1,-1,-1,-1
337,8,201,137,5,5,1,-1,-1,-1
338,1,229,107,3,3,1,-1,-1,-1
338,2,203,113,11,11,1,-1,-1,-1
338,3,215,113,4,5,1,-1,-1,-1
338,4,217,126,9,8,1,-1,-1,-1
338,5,199,132,8,10,1,-1,-1,-1
338,6,224,132,3,3,1,-1,-1,-1
338,7,222,137,3,3,1,-1,-1,-1
338,8,356,168,3,3,1,-1,-1,-1
339,1,229,107,3,3,1,-1,-1,-1
339,2,200,113,13,10,1,-1,-1,-1
339,3,215,115,5,3,1,-1,-1,-1
339,4,217,126,10,14,1,-1,-1,-1
339,5,201,137,6,5,1,-1,-1,-1
339,6,356,168,3,3,1,-1,-1,-1
340,1,230,106,4,4,1,-1,-1,-1
340,2,198,112,16,10,1,-1,-1,-1
340,3,216,114,4,4,1,-1,-1,-1
340,4,216,125,8,9,1,-1,-1,-1
340,5,197,133,3,3,1,-1,-1,-1
340,6,202,136,4,5,1,-1,-1,-1
340,7,223,136,3,4,1,-1,-1,-1
341,1,230,106,3,4,1,-1,-1,-1
341,2,198,112,16,10,1,-1,-1,-1
341,3,216,114,4,4,1,-1,-1,-1
341,4,218,126,6,8,1,-1,-1,-1
341,5,201,131,3,3,1,-1,-1,-1
341,6,197,133,3,3,1,-1,-1,-1
341,7,202,136,4,5,1,-1,-1,-1
341,8,223,136,3,4,1,-1,-1,-1
341,9,392,229,3,3,1,-1,-1,-1
342,1,231,105,3,3,1,-1,-1,-1
342,2,204,111,11,11,1,-1,-1,-1
342,3,212,113,3,3,1,-1,-1,-1
342,4,223,118,3,5,1,-1,-1,-1
342,5,219,125,7,11,1,-1,-1,-1
342,6,198,131,8,8,1,-1,-1,-1
343,1,231,105,3,3,1,-1,-1,-1
343,2,204,111,11,11,1,-1,-1,-1
343,3,212,113,3,3,1,-1,-1,-1
343,4,223,118,3,5,1,-1,-1,-1
343,5,219,125,7,11,1,-1,-1,-1
343,6,198,131,8,8,1,-1,-1,-1
344,1,201,110,3,4,1,-1,-1,-1
344,2,205,110,11,11,1,-1,-1,-1
344,3,219,113,3,3,1,-1,-1,-1
344,4,219,123,10,9,1,-1,-1,-1
344,5,204,134,3,4,1,-1,-1,-1
345,1,232,104,3,3,1,-1,-1,-1
345,2,201,110,3,4,1,-1,-1,-1
345,3,205,110,11,11,1,-1,-1,-1
345,4,218,113,4,3,1,-1,-1,-1
345,5,224,119,3,3,1,-1,-1,-1
345,6,219,123,10,9,1,-1,-1,-1
345,7,204,134,6,6,1,-1,-1,-1
346,1,444,90,3,3,1,-1,-1,-1
346,2,208,110,3,3,1,-1,-1,-1
346,3,209,111,7,6,1,-1,-1,-1
346,4,218,111,4,4,1,-1,-1,-1
346,5,214,118,3,3,1,-1,-1,-1
346,6,222,124,7,9,1,-1,-1,-1
346,7,204,133,4,5,1,-1,-1,-1
346,8,225,134,3,3,1,-1,-1,-1
347,1,444,87,6,6,1,-1,-1,-1
347,2,201,109,3,4,1,-1,-1,-1
347,3,208,110,9,11,1,-1,-1,-1
347,4,218,111,4,4,1,-1,-1,-1
347,5,222,124,8,9,1,-1,-1,-1
347,6,204,133,4,5,1,-1,-1,-1
347,7,225,134,3,3,1,-1,-1,-1
348,1,233,103,3,3,1,-1,-1,-1
348,2,206,109,12,11,1,-1,-1,-1
348,3,219,109,5,5,1,-1,-1,-1
348,4,220,122,8,11,1,-1,-1,-1
348,5,200,130,3,3,1,-1,-1,-1
348,6,205,133,3,3,1,-1,-1,-1
349,1,233,103,3,3,1,-1,-1,-1
349,2,206,109,12,11,1,-1,-1,-1
349,3,219,109,5,5,1,-1,-1,-1
349,4,220,122,8,11,1,-1,-1,-1
349,5,200,130,3,3,1,-1,-1,-1
349,6,205,133,3,3,1,-1,-1,-1
350,1,446,88,3,3,1,-1,-1,-1
350,2,207,108,10,8,1,-1,-1,-1
350,3,220,110,3,3,1,-1,-1,-1
350,4,222,122,7,10,1,-1,-1,-1
350,5,206,132,4,5,1,-1,-1,-1
351,1,446,88,3,3,1,-1,-1,-1
351,2,207,108,10,8,1,-1,-1,-1
351,3,220,110,3,3,1,-1,-1,-1
351,4,222,122,7,10,1,-1,-1,-1
351,5,206,132,3,3,1,-1,-1,-1
351,6,381,231,3,3,1,-1,-1,-1
352,1,445,89,3,3,1,-1,-1,-1
352,2,234,101,4,3,1,-1,-1,-1
352,3,209,108,10,10,1,-1,-1,-1
352,4,221,108,4,5,1,-1,-1,-1
352,5,223,121,7,11,1,-1,-1,-1
352,6,202,128,8,7,1,-1,-1,-1
353,1,234,101,4,3,1,-1,-1,-1
353,2,209,108,10,10,1,-1,-1,-1
353,3,222,110,3,3,1,-1,-1,-1
353,4,223,121,7,11,1,-1,-1,-1
353,5,202,127,8,8,1,-1,-1,-1
354,1,444,90,3,3,1,-1,-1,-1
354,2,235,100,3,3,1,-1,-1,-1
354,3,204,106,16,12,1,-1,-1,-1
354,4,222,109,4,3,1,-1,-1,-1
354,5,222,120,11,9,1,-1,-1,-1
354,6,203,127,4,4,1,-1,-1,-1
354,7,208,130,6,4,1,-1,-1,-1
354,8,229,132,3,3,1,-1,-1,-1
355,1,444,90,3,3,1,-1,-1,-1
355,2,235,100,3,3,1,-1,-1,-1
355,3,207,107,13,10,1,-1,-1,-1
355,4,221,106,5,7,1,-1,-1,-1
355,5,223,120,11,15,1,-1,-1,-1
355,6,203,127,4,4,1,-1,-1,-1
355,7,208,130,6,4,1,-1,-1,-1
