1,1,526,662,3,3,1,-1,-1,-1
1,2,548,667,3,3,1,-1,-1,-1
1,3,816,796,3,3,1,-1,-1,-1
1,4,854,812,3,3,1,-1,-1,-1
1,5,985,820,3,3,1,-1,-1,-1
2,1,547,666,4,4,1,-1,-1,-1
2,2,704,730,3,3,1,-1,-1,-1
2,3,709,732,3,3,1,-1,-1,-1
2,4,839,807,3,4,1,-1,-1,-1
2,5,975,817,3,4,1,-1,-1,-1
2,6,984,820,3,3,1,-1,-1,-1
3,1,650,265,6,8,1,-1,-1,-1
3,2,340,444,3,3,1,-1,-1,-1
3,3,582,689,3,3,1,-1,-1,-1
3,4,628,703,3,3,1,-1,-1,-1
3,5,872,792,3,3,1,-1,-1,-1
3,6,840,808,3,3,1,-1,-1,-1
3,7,983,819,3,3,1,-1,-1,-1
3,8,388,953,3,4,1,-1,-1,-1
4,1,495,250,3,4,1,-1,-1,-1
4,2,650,265,6,7,1,-1,-1,-1
4,3,546,666,3,3,1,-1,-1,-1
4,4,707,731,3,3,1,-1,-1,-1
4,5,933,807,3,3,1,-1,-1,-1
5,1,653,266,3,4,1,-1,-1,-1
5,2,405,357,3,3,1,-1,-1,-1
5,3,451,652,3,3,1,-1,-1,-1
5,4,545,665,3,4,1,-1,-1,-1
5,5,701,729,3,3,1,-1,-1,-1
5,6,706,731,3,3,1,-1,-1,-1
5,7,842,808,3,3,1,-1,-1,-1
5,8,856,813,5,4,1,-1,-1,-1
5,9,973,817,3,4,1,-1,-1,-1
6,1,405,358,3,3,1,-1,-1,-1
6,2,451,653,3,3,1,-1,-1,-1
6,3,700,729,4,3,1,-1,-1,-1
6,4,705,730,3,3,1,-1,-1,-1
6,5,858,813,3,3,1,-1,-1,-1
7,1,543,664,4,4,1,-1,-1,-1
7,2,843,809,4,3,1,-1,-1,-1
7,3,859,814,3,3,1,-1,-1,-1
7,4,971,817,3,3,1,-1,-1,-1
7,5,981,819,3,3,1,-1,-1,-1
8,1,844,809,3,4,1,-1,-1,-1
9,1,542,664,3,3,1,-1,-1,-1
9,2,970,816,3,3,1,-1,-1,-1
10,1,701,729,3,3,1,-1,-1,-1
11,1,453,653,3,4,1,-1,-1,-1
11,2,540,664,3,3,1,-1,-1,-1
11,3,700,729,3,3,1,-1,-1,-1
11,4,846,809,4,4,1,-1,-1,-1
12,1,453,311,3,3,1,-1,-1,-1
12,2,526,658,3,3,1,-1,-1,-1
12,3,539,663,5,4,1,-1,-1,-1
12,4,619,701,3,3,1,-1,-1,-1
12,5,694,727,4,3,1,-1,-1,-1
12,6,699,729,5,4,1,-1,-1,-1
12,7,688,779,4,3,1,-1,-1,-1
12,8,865,790,3,3,1,-1,-1,-1
12,9,932,807,3,3,1,-1,-1,-1
12,10,847,810,4,4,1,-1,-1,-1
12,11,863,815,4,3,1,-1,-1,-1
12,12,968,815,4,4,1,-1,-1,-1
12,13,977,818,3,4,1,-1,-1,-1
13,1,1019,177,3,3,1,-1,-1,-1
13,2,441,627,3,4,1,-1,-1,-1
13,3,455,655,3,3,1,-1,-1,-1
13,4,459,656,3,4,1,-1,-1,-1
13,5,524,657,3,3,1,-1,-1,-1
13,6,570,684,3,3,1,-1,-1,-1
13,7,931,807,3,3,1,-1,-1,-1
13,8,976,818,4,4,1,-1,-1,-1
14,1,524,657,3,3,1,-1,-1,-1
14,2,538,663,3,3,1,-1,-1,-1
15,1,35,486,3,3,1,-1,-1,-1
15,2,523,657,3,3,1,-1,-1,-1
15,3,537,662,4,3,1,-1,-1,-1
15,4,696,728,4,4,1,-1,-1,-1
15,5,850,811,3,3,1,-1,-1,-1
15,6,864,815,5,5,1,-1,-1,-1
15,7,966,815,4,4,1,-1,-1,-1
16,1,537,662,3,3,1,-1,-1,-1
16,2,563,681,3,3,1,-1,-1,-1
16,3,696,728,3,3,1,-1,-1,-1
17,1,498,249,3,4,1,-1,-1,-1
17,2,959,346,3,3,1,-1,-1,-1
17,3,535,661,4,4,1,-1,-1,-1
17,4,690,726,3,3,1,-1,-1,-1
17,5,695,728,3,3,1,-1,-1,-1
17,6,850,812,4,3,1,-1,-1,-1
17,7,965,816,3,3,1,-1,-1,-1
18,1,509,235,3,3,1,-1,-1,-1
18,2,498,250,4,3,1,-1,-1,-1
18,3,340,447,3,4,1,-1,-1,-1
18,4,520,656,3,3,1,-1,-1,-1
18,5,535,662,3,3,1,-1,-1,-1
18,6,564,682,3,3,1,-1,-1,-1
18,7,694,727,3,3,1,-1,-1,-1
18,8,852,812,3,3,1,-1,-1,-1
18,9,964,815,3,3,1,-1,-1,-1
18,10,868,817,4,3,1,-1,-1,-1
18,11,973,818,3,3,1,-1,-1,-1
19,1,651,268,4,3,1,-1,-1,-1
19,2,32,486,5,4,1,-1,-1,-1
19,3,440,627,3,3,1,-1,-1,-1
19,4,534,661,3,3,1,-1,-1,-1
19,5,853,812,3,3,1,-1,-1,-1
19,6,869,817,3,3,1,-1,-1,-1
20,1,653,268,3,3,1,-1,-1,-1
20,2,533,661,3,4,1,-1,-1,-1
20,3,693,726,3,3,1,-1,-1,-1
20,4,923,804,3,3,1,-1,-1,-1
20,5,854,812,3,3,1,-1,-1,-1
20,6,972,817,3,4,1,-1,-1,-1
21,1,459,296,3,3,1,-1,-1,-1
21,2,533,660,3,3,1,-1,-1,-1
21,3,871,818,3,3,1,-1,-1,-1
22,1,494,251,3,3,1,-1,-1,-1
22,2,532,660,3,4,1,-1,-1,-1
22,3,686,724,3,3,1,-1,-1,-1
22,4,871,818,4,3,1,-1,-1,-1
22,5,521,1014,3,3,1,-1,-1,-1
23,1,483,209,3,3,1,-1,-1,-1
23,2,525,213,4,5,1,-1,-1,-1
23,3,508,237,4,5,1,-1,-1,-1
23,4,494,251,3,3,1,-1,-1,-1
23,5,517,654,3,3,1,-1,-1,-1
23,6,531,660,4,3,1,-1,-1,-1
23,7,685,724,3,3,1,-1,-1,-1
23,8,856,813,4,4,1,-1,-1,-1
23,9,970,817,3,3,1,-1,-1,-1
23,10,872,818,3,3,1,-1,-1,-1
23,11,1022,829,2,3,1,-1,-1,-1
23,12,520,1014,4,3,1,-1,-1,-1
24,1,507,240,3,3,1,-1,-1,-1
24,2,516,654,3,3,1,-1,-1,-1
24,3,530,660,3,3,1,-1,-1,-1
24,4,685,724,3,3,1,-1,-1,-1
24,5,969,817,3,3,1,-1,-1,-1
24,6,520,1014,4,3,1,-1,-1,-1
25,1,508,240,3,3,1,-1,-1,-1
25,2,969,816,3,3,1,-1,-1,-1
25,3,874,819,3,3,1,-1,-1,-1
26,1,529,660,3,3,1,-1,-1,-1
27,1,27,485,3,3,1,-1,-1,-1
27,2,34,487,4,3,1,-1,-1,-1
27,3,515,654,3,3,1,-1,-1,-1
27,4,527,659,4,4,1,-1,-1,-1
27,5,859,814,4,4,1,-1,-1,-1
27,6,958,814,3,3,1,-1,-1,-1
27,7,875,819,4,3,1,-1,-1,-1
27,8,1019,829,3,3,1,-1,-1,-1
28,1,541,455,4,5,1,-1,-1,-1
28,2,34,487,3,3,1,-1,-1,-1
28,3,685,725,3,3,1,-1,-1,-1
28,4,860,815,3,3,1,-1,-1,-1
29,1,523,217,4,3,1,-1,-1,-1
29,2,500,248,3,3,1,-1,-1,-1
29,3,540,455,3,3,1,-1,-1,-1
29,4,526,658,4,4,1,-1,-1,-1
29,5,680,722,3,3,1,-1,-1,-1
29,6,685,724,3,4,1,-1,-1,-1
29,7,860,815,4,3,1,-1,-1,-1
30,1,549,187,3,3,1,-1,-1,-1
30,2,543,189,3,3,1,-1,-1,-1
30,3,505,242,3,3,1,-1,-1,-1
30,4,458,298,3,3,1,-1,-1,-1
30,5,32,486,3,3,1,-1,-1,-1
30,6,0,498,2,3,1,-1,-1,-1
30,7,424,621,3,3,1,-1,-1,-1
30,8,511,652,3,3,1,-1,-1,-1
30,9,525,658,4,3,1,-1,-1,-1
30,10,684,724,3,3,1,-1,-1,-1
30,11,956,814,3,3,1,-1,-1,-1
30,12,862,816,3,3,1,-1,-1,-1
31,1,550,185,3,4,1,-1,-1,-1
31,2,504,242,4,5,1,-1,-1,-1
31,3,458,298,3,3,1,-1,-1,-1
31,4,32,486,3,3,1,-1,-1,-1
31,5,495,650,4,3,1,-1,-1,-1
31,6,510,652,3,3,1,-1,-1,-1
31,7,525,658,3,3,1,-1,-1,-1
32,1,504,242,4,4,1,-1,-1,-1
32,2,652,270,3,3,1,-1,-1,-1
32,3,22,484,3,3,1,-1,-1,-1
32,4,31,486,4,3,1,-1,-1,-1
32,5,523,658,5,3,1,-1,-1,-1
32,6,506,681,3,3,1,-1,-1,-1
32,7,598,693,3,3,1,-1,-1,-1
32,8,676,721,4,3,1,-1,-1,-1
32,9,683,723,3,3,1,-1,-1,-1
32,10,955,813,4,4,1,-1,-1,-1
32,11,863,816,4,3,1,-1,-1,-1
32,12,964,816,3,3,1,-1,-1,-1
33,1,650,267,6,6,1,-1,-1,-1
33,2,458,298,3,4,1,-1,-1,-1
33,3,30,486,3,3,1,-1,-1,-1
33,4,676,721,3,3,1,-1,-1,-1
33,5,680,723,3,3,1,-1,-1,-1
33,6,954,813,3,3,1,-1,-1,-1
33,7,864,817,3,3,1,-1,-1,-1
34,1,541,193,3,4,1,-1,-1,-1
34,2,512,227,4,3,1,-1,-1,-1
34,3,651,267,5,6,1,-1,-1,-1
34,4,458,298,4,4,1,-1,-1,-1
34,5,30,486,3,3,1,-1,-1,-1
34,6,424,622,3,3,1,-1,-1,-1
34,7,522,657,4,3,1,-1,-1,-1
34,8,680,722,4,3,1,-1,-1,-1
34,9,954,813,3,3,1,-1,-1,-1
34,10,864,816,4,4,1,-1,-1,-1
34,11,880,821,5,4,1,-1,-1,-1
35,1,540,195,4,4,1,-1,-1,-1
35,2,504,243,4,3,1,-1,-1,-1
35,3,651,268,4,3,1,-1,-1,-1
35,4,29,485,3,4,1,-1,-1,-1
35,5,5,500,3,3,1,-1,-1,-1
35,6,507,651,3,3,1,-1,-1,-1
35,7,521,658,3,3,1,-1,-1,-1
35,8,595,692,3,3,1,-1,-1,-1
35,9,678,722,4,3,1,-1,-1,-1
35,10,963,815,3,3,1,-1,-1,-1
35,11,866,816,3,4,1,-1,-1,-1
35,12,881,822,4,3,1,-1,-1,-1
36,1,541,195,4,4,1,-1,-1,-1
36,2,503,243,5,5,1,-1,-1,-1
36,3,345,443,3,3,1,-1,-1,-1
36,4,29,485,3,4,1,-1,-1,-1
36,5,1,497,6,6,1,-1,-1,-1
36,6,521,656,4,4,1,-1,-1,-1
36,7,678,721,4,4,1,-1,-1,-1
36,8,882,822,3,3,1,-1,-1,-1
37,1,536,202,4,3,1,-1,-1,-1
37,2,27,485,4,4,1,-1,-1,-1
37,3,8,497,3,3,1,-1,-1,-1
37,4,520,656,3,3,1,-1,-1,-1
37,5,672,720,4,3,1,-1,-1,-1
37,6,677,721,3,4,1,-1,-1,-1
37,7,952,813,3,3,1,-1,-1,-1
37,8,868,817,3,4,1,-1,-1,-1
37,9,882,822,3,3,1,-1,-1,-1
38,1,498,246,6,6,1,-1,-1,-1
38,2,676,721,3,3,1,-1,-1,-1
38,3,869,818,3,3,1,-1,-1,-1
39,1,499,247,4,4,1,-1,-1,-1
39,2,9,497,3,3,1,-1,-1,-1
39,3,518,655,3,3,1,-1,-1,-1
39,4,676,721,3,3,1,-1,-1,-1
40,1,561,165,3,4,1,-1,-1,-1
40,2,558,176,4,3,1,-1,-1,-1
40,3,498,247,4,3,1,-1,-1,-1
40,4,9,497,6,6,1,-1,-1,-1
40,5,886,823,3,3,1,-1,-1,-1
41,1,560,164,8,6,1,-1,-1,-1
41,2,556,176,6,5,1,-1,-1,-1
41,3,541,198,3,4,1,-1,-1,-1
41,4,528,213,3,3,1,-1,-1,-1
41,5,504,245,3,3,1,-1,-1,-1
41,6,499,247,3,4,1,-1,-1,-1
41,7,497,254,3,3,1,-1,-1,-1
41,8,7,497,9,6,1,-1,-1,-1
41,9,517,655,3,3,1,-1,-1,-1
41,10,959,814,3,3,1,-1,-1,-1
41,11,871,819,3,3,1,-1,-1,-1
41,12,886,823,4,4,1,-1,-1,-1
41,13,972,826,4,3,1,-1,-1,-1
42,1,557,176,5,4,1,-1,-1,-1
42,2,552,183,3,3,1,-1,-1,-1
42,3,511,233,3,3,1,-1,-1,-1
42,4,14,482,5,3,1,-1,-1,-1
42,5,24,485,4,3,1,-1,-1,-1
42,6,12,498,6,5,1,-1,-1,-1
42,7,412,616,3,3,1,-1,-1,-1
42,8,502,649,4,3,1,-1,-1,-1
42,9,516,654,4,4,1,-1,-1,-1
42,10,588,689,4,3,1,-1,-1,-1
42,11,667,718,5,3,1,-1,-1,-1
42,12,673,720,3,3,1,-1,-1,-1
42,13,948,812,3,3,1,-1,-1,-1
42,14,958,814,3,3,1,-1,-1,-1
42,15,872,818,4,4,1,-1,-1,-1
42,16,888,823,4,4,1,-1,-1,-1
42,17,524,872,3,3,1,-1,-1,-1
43,1,552,182,4,4,1,-1,-1,-1
43,2,528,213,3,3,1,-1,-1,-1
43,3,8,497,5,6,1,-1,-1,-1
43,4,14,498,4,3,1,-1,-1,-1
43,5,523,872,4,3,1,-1,-1,-1
44,1,528,213,3,3,1,-1,-1,-1
44,2,10,498,3,3,1,-1,-1,-1
44,3,874,819,3,3,1,-1,-1,-1
45,1,522,221,4,4,1,-1,-1,-1
45,2,21,483,3,4,1,-1,-1,-1
45,3,10,498,6,5,1,-1,-1,-1
45,4,17,499,3,3,1,-1,-1,-1
45,5,499,648,4,3,1,-1,-1,-1
45,6,514,653,3,3,1,-1,-1,-1
45,7,525,689,3,3,1,-1,-1,-1
45,8,585,688,4,3,1,-1,-1,-1
45,9,671,719,3,3,1,-1,-1,-1
45,10,838,782,3,3,1,-1,-1,-1
45,11,947,811,4,4,1,-1,-1,-1
45,12,956,813,4,4,1,-1,-1,-1
45,13,875,820,4,3,1,-1,-1,-1
45,14,891,824,3,3,1,-1,-1,-1
45,15,617,947,3,4,1,-1,-1,-1
46,1,540,197,3,3,1,-1,-1,-1
46,2,523,221,3,4,1,-1,-1,-1
46,3,21,483,3,4,1,-1,-1,-1
46,4,18,499,3,3,1,-1,-1,-1
46,5,514,653,3,3,1,-1,-1,-1
46,6,595,692,3,3,1,-1,-1,-1
46,7,665,717,3,3,1,-1,-1,-1
46,8,670,718,3,3,1,-1,-1,-1
46,9,875,820,3,3,1,-1,-1,-1
46,10,891,824,4,4,1,-1,-1,-1
46,11,967,824,3,3,1,-1,-1,-1
47,1,553,184,3,3,1,-1,-1,-1
47,2,549,191,3,3,1,-1,-1,-1
47,3,540,201,4,4,1,-1,-1,-1
47,4,11,481,3,3,1,-1,-1,-1
47,5,21,483,3,4,1,-1,-1,-1
47,6,14,498,3,3,1,-1,-1,-1
47,7,15,499,8,6,1,-1,-1,-1
47,8,512,653,4,4,1,-1,-1,-1
47,9,669,718,4,4,1,-1,-1,-1
47,10,955,813,3,3,1,-1,-1,-1
48,1,989,147,3,3,1,-1,-1,-1
48,2,552,182,5,5,1,-1,-1,-1
48,3,547,191,5,4,1,-1,-1,-1
48,4,534,200,9,6,1,-1,-1,-1
48,5,519,225,3,4,1,-1,-1,-1
48,6,19,483,4,4,1,-1,-1,-1
48,7,16,498,3,3,1,-1,-1,-1
48,8,20,499,4,5,1,-1,-1,-1
48,9,512,653,3,3,1,-1,-1,-1
48,10,667,717,4,4,1,-1,-1,-1
48,11,210,810,4,3,1,-1,-1,-1
48,12,945,811,3,3,1,-1,-1,-1
49,1,553,182,3,3,1,-1,-1,-1
49,2,538,201,5,5,1,-1,-1,-1
49,3,519,226,3,3,1,-1,-1,-1
49,4,0,482,3,3,1,-1,-1,-1
49,5,16,499,3,3,1,-1,-1,-1
49,6,497,647,3,3,1,-1,-1,-1
49,7,211,810,3,3,1,-1,-1,-1
50,1,558,170,6,7,1,-1,-1,-1
50,2,547,187,5,4,1,-1,-1,-1
50,3,370,415,4,4,1,-1,-1,-1
50,4,9,481,3,3,1,-1,-1,-1
50,5,18,499,3,3,1,-1,-1,-1
50,6,14,501,3,3,1,-1,-1,-1
50,7,22,500,5,4,1,-1,-1,-1
50,8,496,646,4,3,1,-1,-1,-1
50,9,510,652,3,4,1,-1,-1,-1
50,10,660,715,5,3,1,-1,-1,-1
50,11,666,717,3,3,1,-1,-1,-1
50,12,944,810,3,4,1,-1,-1,-1
50,13,879,820,3,3,1,-1,-1,-1
50,14,894,825,4,4,1,-1,-1,-1
51,1,866,23,3,3,1,-1,-1,-1
51,2,558,174,6,5,1,-1,-1,-1
51,3,548,187,4,3,1,-1,-1,-1
51,4,371,416,3,3,1,-1,-1,-1
51,5,24,500,3,3,1,-1,-1,-1
51,6,225,555,3,3,1,-1,-1,-1
51,7,496,646,3,3,1,-1,-1,-1
51,8,661,715,3,3,1,-1,-1,-1
51,9,880,821,3,4,1,-1,-1,-1
52,1,866,23,3,3,1,-1,-1,-1
52,2,561,171,3,4,1,-1,-1,-1
52,3,371,416,3,3,1,-1,-1,-1
52,4,8,480,3,3,1,-1,-1,-1
52,5,26,501,3,3,1,-1,-1,-1
52,6,238,545,3,3,1,-1,-1,-1
52,7,509,652,3,3,1,-1,-1,-1
52,8,659,715,4,3,1,-1,-1,-1
52,9,665,717,3,3,1,-1,-1,-1
52,10,943,810,3,3,1,-1,-1,-1
52,11,881,821,3,3,1,-1,-1,-1
52,12,896,826,3,3,1,-1,-1,-1
53,1,533,208,3,3,1,-1,-1,-1
53,2,16,482,3,3,1,-1,-1,-1
53,3,17,500,8,6,1,-1,-1,-1
53,4,26,501,4,4,1,-1,-1,-1
53,5,468,640,3,3,1,-1,-1,-1
53,6,473,641,3,4,1,-1,-1,-1
53,7,508,651,3,4,1,-1,-1,-1
53,8,578,684,3,3,1,-1,-1,-1
53,9,659,714,3,3,1,-1,-1,-1
53,10,663,717,3,4,1,-1,-1,-1
53,11,836,781,3,4,1,-1,-1,-1
53,12,897,827,4,3,1,-1,-1,-1
53,13,372,913,3,4,1,-1,-1,-1
54,1,533,205,3,3,1,-1,-1,-1
54,2,531,210,3,3,1,-1,-1,-1
54,3,22,501,3,3,1,-1,-1,-1
54,4,26,501,4,4,1,-1,-1,-1
54,5,17,502,3,3,1,-1,-1,-1
54,6,472,641,4,3,1,-1,-1,-1
54,7,493,646,3,3,1,-1,-1,-1
54,8,507,652,3,3,1,-1,-1,-1
54,9,663,716,3,3,1,-1,-1,-1
54,10,941,810,3,3,1,-1,-1,-1
54,11,951,812,3,3,1,-1,-1,-1
54,12,898,827,3,3,1,-1,-1,-1
55,1,14,482,3,3,1,-1,-1,-1
55,2,18,502,3,3,1,-1,-1,-1
55,3,492,645,3,3,1,-1,-1,-1
55,4,507,651,3,3,1,-1,-1,-1
55,5,575,684,3,3,1,-1,-1,-1
55,6,656,714,3,3,1,-1,-1,-1
55,7,661,715,4,4,1,-1,-1,-1
56,1,365,418,3,4,1,-1,-1,-1
56,2,22,501,10,6,1,-1,-1,-1
56,3,18,503,3,3,1,-1,-1,-1
56,4,465,638,3,4,1,-1,-1,-1
56,5,506,651,3,3,1,-1,-1,-1
56,6,574,684,3,3,1,-1,-1,-1
56,7,656,714,3,3,1,-1,-1,-1
56,8,660,715,4,5,1,-1,-1,-1
56,9,940,809,4,4,1,-1,-1,-1
56,10,949,813,3,3,1,-1,-1,-1
56,11,950,820,3,4,1,-1,-1,-1
56,12,884,822,3,3,1,-1,-1,-1
56,13,899,827,4,3,1,-1,-1,-1
57,1,362,418,6,6,1,-1,-1,-1
57,2,13,482,3,3,1,-1,-1,-1
57,3,26,501,3,3,1,-1,-1,-1
57,4,490,644,3,3,1,-1,-1,-1
57,5,505,650,3,4,1,-1,-1,-1
57,6,660,715,3,3,1,-1,-1,-1
57,7,939,809,3,4,1,-1,-1,-1
57,8,205,813,3,3,1,-1,-1,-1
57,9,884,823,4,3,1,-1,-1,-1
57,10,899,827,4,3,1,-1,-1,-1
58,1,3,479,3,3,1,-1,-1,-1
58,2,21,503,6,4,1,-1,-1,-1
58,3,28,502,3,3,1,-1,-1,-1
58,4,56,708,3,3,1,-1,-1,-1
58,5,654,712,3,3,1,-1,-1,-1
58,6,204,813,4,3,1,-1,-1,-1
58,7,948,812,3,3,1,-1,-1,-1
58,8,872,814,3,3,1,-1,-1,-1
59,1,476,277,4,4,1,-1,-1,-1
59,2,28,501,4,4,1,-1,-1,-1
59,3,21,503,3,3,1,-1,-1,-1
59,4,504,649,3,4,1,-1,-1,-1
59,5,572,682,3,3,1,-1,-1,-1
59,6,204,813,4,4,1,-1,-1,-1
59,7,886,823,3,3,1,-1,-1,-1
59,8,901,828,3,3,1,-1,-1,-1
60,1,560,174,3,5,1,-1,-1,-1
60,2,515,230,3,3,1,-1,-1,-1
60,3,362,419,3,3,1,-1,-1,-1
60,4,1,479,3,3,1,-1,-1,-1
60,5,10,481,3,3,1,-1,-1,-1
60,6,502,650,4,3,1,-1,-1,-1
60,7,656,714,4,4,1,-1,-1,-1
60,8,937,809,3,3,1,-1,-1,-1
60,9,887,823,3,4,1,-1,-1,-1
60,10,903,828,3,3,1,-1,-1,-1
61,1,558,174,4,3,1,-1,-1,-1
61,2,550,188,3,3,1,-1,-1,-1
61,3,27,505,3,3,1,-1,-1,-1
61,4,399,612,3,3,1,-1,-1,-1
61,5,502,649,3,3,1,-1,-1,-1
61,6,507,659,3,3,1,-1,-1,-1
61,7,651,712,3,3,1,-1,-1,-1
61,8,656,714,4,3,1,-1,-1,-1
61,9,888,824,3,4,1,-1,-1,-1
61,10,117,864,3,3,1,-1,-1,-1
61,11,24,930,3,3,1,-1,-1,-1
62,1,523,220,3,3,1,-1,-1,-1
62,2,9,481,3,3,1,-1,-1,-1
62,3,651,711,3,3,1,-1,-1,-1
62,4,655,714,4,3,1,-1,-1,-1
62,5,888,824,3,3,1,-1,-1,-1
63,1,997,156,3,3,1,-1,-1,-1
63,2,558,173,6,7,1,-1,-1,-1
63,3,547,193,3,4,1,-1,-1,-1
63,4,522,220,4,4,1,-1,-1,-1
63,5,642,352,5,5,1,-1,-1,-1
63,6,8,481,4,3,1,-1,-1,-1
63,7,457,635,3,4,1,-1,-1,-1
63,8,500,649,3,3,1,-1,-1,-1
63,9,649,711,3,4,1,-1,-1,-1
63,10,654,713,3,3,1,-1,-1,-1
63,11,824,778,3,3,1,-1,-1,-1
63,12,941,817,3,4,1,-1,-1,-1
63,13,889,825,3,3,1,-1,-1,-1
63,14,905,828,4,5,1,-1,-1,-1
64,1,986,144,4,3,1,-1,-1,-1
64,2,558,173,6,6,1,-1,-1,-1
64,3,642,353,3,3,1,-1,-1,-1
64,4,8,480,3,3,1,-1,-1,-1
64,5,935,808,3,3,1,-1,-1,-1
64,6,906,829,3,3,1,-1,-1,-1
65,1,7,481,3,3,1,-1,-1,-1
65,2,27,505,4,3,1,-1,-1,-1
65,3,459,636,4,3,1,-1,-1,-1
65,4,533,692,3,3,1,-1,-1,-1
65,5,647,711,3,3,1,-1,-1,-1
65,6,653,712,3,3,1,-1,-1,-1
65,7,822,777,3,3,1,-1,-1,-1
65,8,944,811,3,3,1,-1,-1,-1
65,9,205,813,3,4,1,-1,-1,-1
65,10,890,825,4,3,1,-1,-1,-1
65,11,907,829,3,3,1,-1,-1,-1
66,1,560,169,3,3,1,-1,-1,-1
66,2,522,220,5,4,1,-1,-1,-1
66,3,28,505,3,3,1,-1,-1,-1
66,4,498,648,3,3,1,-1,-1,-1
66,5,647,711,3,3,1,-1,-1,-1
66,6,822,777,3,3,1,-1,-1,-1
66,7,943,811,3,3,1,-1,-1,-1
66,8,892,825,3,3,1,-1,-1,-1
66,9,907,830,4,3,1,-1,-1,-1
67,1,992,152,3,3,1,-1,-1,-1
67,2,523,220,3,4,1,-1,-1,-1
67,3,645,710,3,3,1,-1,-1,-1
67,4,820,777,4,3,1,-1,-1,-1
67,5,892,825,4,3,1,-1,-1,-1
67,6,908,829,4,4,1,-1,-1,-1
68,1,564,172,4,4,1,-1,-1,-1
68,2,932,808,3,3,1,-1,-1,-1
69,1,649,711,3,3,1,-1,-1,-1
70,1,560,169,3,3,1,-1,-1,-1
70,2,495,646,4,4,1,-1,-1,-1
70,3,643,709,3,3,1,-1,-1,-1
70,4,647,711,3,3,1,-1,-1,-1
70,5,931,807,3,4,1,-1,-1,-1
71,1,480,641,3,3,1,-1,-1,-1
71,2,494,646,4,4,1,-1,-1,-1
71,3,642,709,3,3,1,-1,-1,-1
71,4,647,709,3,5,1,-1,-1,-1
71,5,930,807,3,4,1,-1,-1,-1
71,6,940,809,3,4,1,-1,-1,-1
72,1,872,31,5,3,1,-1,-1,-1
72,2,0,479,6,4,1,-1,-1,-1
72,3,480,640,3,3,1,-1,-1,-1
72,4,493,646,3,3,1,-1,-1,-1
72,5,558,678,3,3,1,-1,-1,-1
72,6,640,708,4,5,1,-1,-1,-1
72,7,646,710,4,4,1,-1,-1,-1
72,8,821,777,3,3,1,-1,-1,-1
72,9,929,807,5,4,1,-1,-1,-1
72,10,938,809,5,4,1,-1,-1,-1
72,11,980,820,3,3,1,-1,-1,-1
72,12,896,826,4,4,1,-1,-1,-1
72,13,912,831,5,4,1,-1,-1,-1
73,1,450,633,3,3,1,-1,-1,-1
73,2,557,677,3,3,1,-1,-1,-1
73,3,568,681,3,3,1,-1,-1,-1
73,4,539,696,3,3,1,-1,-1,-1
73,5,640,708,3,3,1,-1,-1,-1
73,6,645,710,3,3,1,-1,-1,-1
73,7,816,775,3,3,1,-1,-1,-1
73,8,929,806,3,3,1,-1,-1,-1
73,9,980,821,3,3,1,-1,-1,-1
73,10,914,831,3,3,1,-1,-1,-1
74,1,492,646,3,3,1,-1,-1,-1
74,2,557,677,3,3,1,-1,-1,-1
74,3,644,710,4,3,1,-1,-1,-1
74,4,929,806,3,3,1,-1,-1,-1
74,5,898,827,3,3,1,-1,-1,-1
75,1,0,479,3,3,1,-1,-1,-1
75,2,243,541,3,3,1,-1,-1,-1
75,3,477,640,3,3,1,-1,-1,-1
75,4,489,645,6,4,1,-1,-1,-1
75,5,555,676,3,3,1,-1,-1,-1
75,6,638,707,3,3,1,-1,-1,-1
75,7,643,709,3,3,1,-1,-1,-1
75,8,656,769,3,3,1,-1,-1,-1
75,9,928,806,3,4,1,-1,-1,-1
75,10,936,808,3,4,1,-1,-1,-1
75,11,900,827,4,4,1,-1,-1,-1
75,12,914,832,5,4,1,-1,-1,-1
76,1,574,153,4,3,1,-1,-1,-1
76,2,473,282,3,3,1,-1,-1,-1
76,3,891,347,3,3,1,-1,-1,-1
76,4,476,639,3,4,1,-1,-1,-1
76,5,491,645,3,3,1,-1,-1,-1
76,6,642,709,3,3,1,-1,-1,-1
77,1,530,410,3,3,1,-1,-1,-1
77,2,384,606,3,3,1,-1,-1,-1
77,3,476,639,3,3,1,-1,-1,-1
77,4,491,644,3,4,1,-1,-1,-1
77,5,554,676,3,3,1,-1,-1,-1
77,6,636,707,3,3,1,-1,-1,-1
77,7,642,708,3,3,1,-1,-1,-1
77,8,901,828,3,3,1,-1,-1,-1
77,9,916,832,3,3,1,-1,-1,-1
78,1,719,150,5,3,1,-1,-1,-1
78,2,570,159,3,4,1,-1,-1,-1
78,3,530,409,3,4,1,-1,-1,-1
78,4,441,629,3,3,1,-1,-1,-1
78,5,445,630,3,4,1,-1,-1,-1
78,6,489,645,3,3,1,-1,-1,-1
78,7,489,653,3,3,1,-1,-1,-1
78,8,640,708,3,3,1,-1,-1,-1
78,9,902,828,3,3,1,-1,-1,-1
78,10,917,833,3,3,1,-1,-1,-1
79,1,400,981,3,3,1,-1,-1,-1
80,1,528,410,3,4,1,-1,-1,-1
80,2,472,638,5,3,1,-1,-1,-1
80,3,487,644,3,3,1,-1,-1,-1
80,4,633,705,4,4,1,-1,-1,-1
80,5,925,806,3,3,1,-1,-1,-1
80,6,934,809,3,3,1,-1,-1,-1
80,7,903,829,4,3,1,-1,-1,-1
80,8,918,833,5,3,1,-1,-1,-1
81,1,638,707,3,4,1,-1,-1,-1
81,2,809,773,3,3,1,-1,-1,-1
81,3,933,808,3,4,1,-1,-1,-1
81,4,904,829,3,3,1,-1,-1,-1
81,5,740,900,3,3,1,-1,-1,-1
82,1,473,281,3,3,1,-1,-1,-1
82,2,28,493,8,6,1,-1,-1,-1
82,3,486,644,3,3,1,-1,-1,-1
82,4,631,705,4,3,1,-1,-1,-1
82,5,637,707,3,3,1,-1,-1,-1
82,6,808,773,3,3,1,-1,-1,-1
82,7,923,805,4,4,1,-1,-1,-1
82,8,973,819,3,3,1,-1,-1,-1
82,9,905,829,3,3,1,-1,-1,-1
83,1,473,281,3,4,1,-1,-1,-1
83,2,28,493,9,7,1,-1,-1,-1
83,3,485,644,3,3,1,-1,-1,-1
83,4,631,705,3,3,1,-1,-1,-1
83,5,635,706,4,4,1,-1,-1,-1
83,6,922,805,4,3,1,-1,-1,-1
83,7,932,808,3,3,1,-1,-1,-1
83,8,915,811,3,3,1,-1,-1,-1
83,9,906,829,3,4,1,-1,-1,-1
84,1,27,493,9,7,1,-1,-1,-1
84,2,471,637,3,3,1,-1,-1,-1
84,3,485,642,3,4,1,-1,-1,-1
84,4,557,703,3,3,1,-1,-1,-1
84,5,629,704,4,4,1,-1,-1,-1
84,6,635,706,3,3,1,-1,-1,-1
84,7,922,806,3,3,1,-1,-1,-1
84,8,930,807,4,5,1,-1,-1,-1
84,9,907,829,3,4,1,-1,-1,-1
85,1,473,281,3,3,1,-1,-1,-1
85,2,26,493,3,3,1,-1,-1,-1
85,3,32,494,4,5,1,-1,-1,-1
85,4,484,642,3,3,1,-1,-1,-1
85,5,628,704,4,3,1,-1,-1,-1
85,6,908,830,3,4,1,-1,-1,-1
86,1,986,146,3,3,1,-1,-1,-1
86,2,473,281,3,4,1,-1,-1,-1
86,3,25,493,4,3,1,-1,-1,-1
86,4,32,493,4,7,1,-1,-1,-1
86,5,244,540,3,3,1,-1,-1,-1
86,6,433,626,3,3,1,-1,-1,-1
86,7,469,636,3,3,1,-1,-1,-1
86,8,482,641,5,5,1,-1,-1,-1
86,9,480,649,3,3,1,-1,-1,-1
86,10,544,673,3,3,1,-1,-1,-1
86,11,532,690,3,3,1,-1,-1,-1
86,12,628,704,3,3,1,-1,-1,-1
86,13,633,705,3,3,1,-1,-1,-1
86,14,921,805,3,3,1,-1,-1,-1
86,15,930,807,3,3,1,-1,-1,-1
86,16,913,809,3,4,1,-1,-1,-1
86,17,900,824,3,3,1,-1,-1,-1
86,18,947,833,3,3,1,-1,-1,-1
86,19,923,835,4,3,1,-1,-1,-1
87,1,23,494,4,4,1,-1,-1,-1
87,2,31,494,5,6,1,-1,-1,-1
87,3,375,603,3,3,1,-1,-1,-1
87,4,468,636,3,3,1,-1,-1,-1
87,5,483,642,3,4,1,-1,-1,-1
87,6,632,705,3,3,1,-1,-1,-1
87,7,808,773,4,3,1,-1,-1,-1
87,8,920,804,3,4,1,-1,-1,-1
87,9,929,807,3,4,1,-1,-1,-1
87,10,910,831,3,3,1,-1,-1,-1
87,11,924,835,4,3,1,-1,-1,-1
88,1,569,166,3,3,1,-1,-1,-1
88,2,22,490,5,8,1,-1,-1,-1
88,3,481,642,3,3,1,-1,-1,-1
88,4,920,804,3,3,1,-1,-1,-1
88,5,910,831,3,3,1,-1,-1,-1
89,1,22,493,4,5,1,-1,-1,-1
89,2,467,635,3,3,1,-1,-1,-1
89,3,480,641,4,4,1,-1,-1,-1
89,4,630,704,4,4,1,-1,-1,-1
89,5,928,807,3,4,1,-1,-1,-1
90,1,562,175,4,5,1,-1,-1,-1
90,2,361,420,3,3,1,-1,-1,-1
90,3,20,492,4,6,1,-1,-1,-1
90,4,29,493,4,5,1,-1,-1,-1
90,5,480,641,3,3,1,-1,-1,-1
90,6,470,645,3,3,1,-1,-1,-1
90,7,624,702,3,3,1,-1,-1,-1
90,8,628,704,4,4,1,-1,-1,-1
90,9,927,807,3,4,1,-1,-1,-1
90,10,927,836,4,3,1,-1,-1,-1
91,1,562,176,4,5,1,-1,-1,-1
91,2,361,420,3,3,1,-1,-1,-1
91,3,27,492,4,6,1,-1,-1,-1
91,4,20,495,3,3,1,-1,-1,-1
91,5,474,647,3,3,1,-1,-1,-1
91,6,628,704,3,4,1,-1,-1,-1
91,7,927,806,3,3,1,-1,-1,-1
91,8,928,837,3,3,1,-1,-1,-1
92,1,562,176,4,4,1,-1,-1,-1
92,2,25,495,6,4,1,-1,-1,-1
92,3,539,670,3,3,1,-1,-1,-1
92,4,627,704,4,4,1,-1,-1,-1
92,5,925,808,3,3,1,-1,-1,-1
92,6,913,832,3,3,1,-1,-1,-1
92,7,928,836,4,3,1,-1,-1,-1
93,1,17,491,3,5,1,-1,-1,-1
93,2,22,494,6,5,1,-1,-1,-1
93,3,364,600,3,3,1,-1,-1,-1
93,4,477,640,3,3,1,-1,-1,-1
93,5,471,646,3,3,1,-1,-1,-1
93,6,625,703,4,5,1,-1,-1,-1
93,7,126,800,3,3,1,-1,-1,-1
93,8,916,804,3,3,1,-1,-1,-1
93,9,925,806,3,4,1,-1,-1,-1
93,10,968,818,3,3,1,-1,-1,-1
93,11,914,832,3,3,1,-1,-1,-1
93,12,930,836,4,4,1,-1,-1,-1
94,1,23,492,5,5,1,-1,-1,-1
94,2,477,640,3,3,1,-1,-1,-1
94,3,625,703,4,4,1,-1,-1,-1
94,4,924,807,3,3,1,-1,-1,-1
94,5,915,832,3,4,1,-1,-1,-1
94,6,930,837,4,3,1,-1,-1,-1
95,1,163,4,3,3,1,-1,-1,-1
95,2,14,491,4,6,1,-1,-1,-1
95,3,21,494,4,4,1,-1,-1,-1
95,4,367,600,3,3,1,-1,-1,-1
95,5,476,639,3,4,1,-1,-1,-1
95,6,535,669,4,4,1,-1,-1,-1
95,7,619,701,3,3,1,-1,-1,-1
95,8,802,771,3,3,1,-1,-1,-1
95,9,915,833,4,4,1,-1,-1,-1
95,10,931,837,4,3,1,-1,-1,-1
96,1,13,491,4,6,1,-1,-1,-1
96,2,20,494,3,3,1,-1,-1,-1
96,3,475,640,3,3,1,-1,-1,-1
96,4,535,668,3,3,1,-1,-1,-1
96,5,619,701,3,3,1,-1,-1,-1
96,6,624,702,3,3,1,-1,-1,-1
96,7,797,770,3,3,1,-1,-1,-1
96,8,923,806,3,3,1,-1,-1,-1
96,9,916,833,3,3,1,-1,-1,-1
97,1,19,492,5,6,1,-1,-1,-1
97,2,474,639,4,4,1,-1,-1,-1
97,3,617,700,4,3,1,-1,-1,-1
97,4,622,702,4,3,1,-1,-1,-1
97,5,933,838,4,3,1,-1,-1,-1
98,1,616,700,3,3,1,-1,-1,-1
99,1,473,639,3,3,1,-1,-1,-1
99,2,935,838,3,3,1,-1,-1,-1
100,1,8,490,4,5,1,-1,-1,-1
100,2,472,638,3,3,1,-1,-1,-1
100,3,614,699,4,3,1,-1,-1,-1
101,1,8,489,3,6,1,-1,-1,-1
101,2,457,632,3,3,1,-1,-1,-1
101,3,472,638,3,3,1,-1,-1,-1
101,4,619,701,4,4,1,-1,-1,-1
101,5,920,805,3,3,1,-1,-1,-1
101,6,921,834,3,3,1,-1,-1,-1
101,7,936,839,3,3,1,-1,-1,-1
102,1,885,45,3,3,1,-1,-1,-1
102,2,5,490,4,4,1,-1,-1,-1
102,3,13,490,5,6,1,-1,-1,-1
102,4,360,598,3,3,1,-1,-1,-1
102,5,456,632,4,3,1,-1,-1,-1
102,6,470,637,4,4,1,-1,-1,-1
102,7,529,666,3,4,1,-1,-1,-1
102,8,612,698,4,5,1,-1,-1,-1
102,9,910,802,4,4,1,-1,-1,-1
102,10,919,805,4,4,1,-1,-1,-1
102,11,920,834,5,4,1,-1,-1,-1
102,12,937,839,4,3,1,-1,-1,-1
103,1,732,97,3,3,1,-1,-1,-1
103,2,757,359,3,3,1,-1,-1,-1
103,3,354,596,3,3,1,-1,-1,-1
103,4,359,597,3,3,1,-1,-1,-1
103,5,418,621,4,3,1,-1,-1,-1
103,6,470,637,3,3,1,-1,-1,-1
103,7,612,698,3,3,1,-1,-1,-1
103,8,617,700,4,3,1,-1,-1,-1
103,9,757,759,3,3,1,-1,-1,-1
103,10,890,803,4,3,1,-1,-1,-1
103,11,919,805,3,3,1,-1,-1,-1
103,12,922,835,3,3,1,-1,-1,-1
103,13,938,839,3,3,1,-1,-1,-1
103,14,968,839,3,3,1,-1,-1,-1
104,1,469,637,3,3,1,-1,-1,-1
104,2,616,700,4,3,1,-1,-1,-1
104,3,923,835,3,3,1,-1,-1,-1
104,4,939,839,3,3,1,-1,-1,-1
105,1,888,51,3,3,1,-1,-1,-1
105,2,453,631,4,3,1,-1,-1,-1
105,3,467,637,4,3,1,-1,-1,-1
105,4,610,697,3,3,1,-1,-1,-1
105,5,615,699,3,3,1,-1,-1,-1
105,6,565,707,3,3,1,-1,-1,-1
105,7,908,802,4,4,1,-1,-1,-1
105,8,917,804,4,4,1,-1,-1,-1
105,9,924,835,4,4,1,-1,-1,-1
105,10,940,839,3,5,1,-1,-1,-1
106,1,352,595,3,3,1,-1,-1,-1
106,2,525,665,3,4,1,-1,-1,-1
106,3,536,669,3,3,1,-1,-1,-1
106,4,609,697,3,4,1,-1,-1,-1
106,5,614,699,3,3,1,-1,-1,-1
106,6,127,797,5,6,1,-1,-1,-1
106,7,917,805,3,3,1,-1,-1,-1
106,8,925,836,3,3,1,-1,-1,-1
106,9,941,840,3,3,1,-1,-1,-1
106,10,127,861,3,3,1,-1,-1,-1
107,1,8,491,3,3,1,-1,-1,-1
107,2,467,636,4,4,1,-1,-1,-1
107,3,613,699,4,3,1,-1,-1,-1
107,4,916,804,4,4,1,-1,-1,-1
107,5,925,836,4,3,1,-1,-1,-1
107,6,941,840,3,3,1,-1,-1,-1
107,7,127,861,3,3,1,-1,-1,-1
108,1,889,52,3,3,1,-1,-1,-1
108,2,0,487,2,6,1,-1,-1,-1
108,3,6,489,5,5,1,-1,-1,-1
108,4,354,595,3,3,1,-1,-1,-1
108,5,451,631,4,3,1,-1,-1,-1
108,6,448,637,3,4,1,-1,-1,-1
108,7,465,636,4,3,1,-1,-1,-1
108,8,470,641,3,3,1,-1,-1,-1
108,9,612,698,4,3,1,-1,-1,-1
108,10,889,803,3,3,1,-1,-1,-1
108,11,915,804,3,3,1,-1,-1,-1
108,12,927,836,3,3,1,-1,-1,-1
108,13,941,840,5,4,1,-1,-1,-1
109,1,465,635,4,4,1,-1,-1,-1
109,2,611,698,4,3,1,-1,-1,-1
109,3,915,804,3,3,1,-1,-1,-1
109,4,927,836,3,4,1,-1,-1,-1
110,1,354,427,3,3,1,-1,-1,-1
110,2,3,490,4,4,1,-1,-1,-1
110,3,347,594,3,3,1,-1,-1,-1
110,4,464,635,4,3,1,-1,-1,-1
110,5,520,663,3,3,1,-1,-1,-1
110,6,605,696,3,4,1,-1,-1,-1
110,7,610,697,4,3,1,-1,-1,-1
110,8,785,766,3,3,1,-1,-1,-1
110,9,905,802,3,3,1,-1,-1,-1
110,10,914,804,3,3,1,-1,-1,-1
110,11,928,837,3,3,1,-1,-1,-1
110,12,944,841,4,4,1,-1,-1,-1
111,1,354,427,3,3,1,-1,-1,-1
111,2,2,490,4,3,1,-1,-1,-1
111,3,449,629,3,4,1,-1,-1,-1
111,4,464,635,3,3,1,-1,-1,-1
111,5,445,636,3,3,1,-1,-1,-1
111,6,520,662,3,3,1,-1,-1,-1
111,7,609,697,3,4,1,-1,-1,-1
111,8,785,766,3,3,1,-1,-1,-1
111,9,905,801,3,3,1,-1,-1,-1
111,10,73,827,4,4,1,-1,-1,-1
111,11,944,841,4,3,1,-1,-1,-1
112,1,463,635,3,3,1,-1,-1,-1
112,2,603,695,3,3,1,-1,-1,-1
112,3,904,801,3,4,1,-1,-1,-1
112,4,74,827,3,3,1,-1,-1,-1
113,1,888,51,3,3,1,-1,-1,-1
113,2,971,133,3,3,1,-1,-1,-1
113,3,0,490,2,3,1,-1,-1,-1
113,4,445,637,4,3,1,-1,-1,-1
113,5,607,696,4,3,1,-1,-1,-1
113,6,930,838,3,3,1,-1,-1,-1
114,1,0,488,3,4,1,-1,-1,-1
114,2,461,635,3,3,1,-1,-1,-1
114,3,786,766,4,3,1,-1,-1,-1
114,4,912,803,3,3,1,-1,-1,-1
114,5,931,838,3,3,1,-1,-1,-1
114,6,947,842,4,3,1,-1,-1,-1
115,1,460,634,4,3,1,-1,-1,-1
115,2,515,661,3,3,1,-1,-1,-1
115,3,600,694,3,3,1,-1,-1,-1
115,4,902,800,3,5,1,-1,-1,-1
115,5,932,838,3,3,1,-1,-1,-1
116,1,346,594,3,3,1,-1,-1,-1
116,2,405,616,3,3,1,-1,-1,-1
116,3,460,633,3,4,1,-1,-1,-1
116,4,515,660,3,4,1,-1,-1,-1
116,5,600,694,3,3,1,-1,-1,-1
116,6,604,697,3,3,1,-1,-1,-1
116,7,785,765,3,4,1,-1,-1,-1
116,8,933,838,3,3,1,-1,-1,-1
117,1,704,26,3,3,1,-1,-1,-1
117,2,341,591,3,3,1,-1,-1,-1
117,3,444,628,4,3,1,-1,-1,-1
117,4,459,633,3,3,1,-1,-1,-1
117,5,514,660,3,3,1,-1,-1,-1
117,6,604,695,4,4,1,-1,-1,-1
117,7,576,712,3,3,1,-1,-1,-1
117,8,780,764,7,4,1,-1,-1,-1
117,9,901,800,3,4,1,-1,-1,-1
117,10,910,802,3,3,1,-1,-1,-1
117,11,934,838,4,4,1,-1,-1,-1
117,12,948,843,6,3,1,-1,-1,-1
118,1,283,378,3,3,1,-1,-1,-1
118,2,597,694,3,3,1,-1,-1,-1
119,1,281,378,5,3,1,-1,-1,-1
119,2,457,633,3,4,1,-1,-1,-1
119,3,596,693,4,4,1,-1,-1,-1
119,4,778,764,3,3,1,-1,-1,-1
119,5,900,801,3,3,1,-1,-1,-1
119,6,908,801,3,5,1,-1,-1,-1
119,7,949,814,3,3,1,-1,-1,-1
119,8,935,839,3,3,1,-1,-1,-1
120,1,400,614,3,3,1,-1,-1,-1
120,2,442,627,3,3,1,-1,-1,-1
120,3,456,632,4,3,1,-1,-1,-1
120,4,595,692,3,3,1,-1,-1,-1
120,5,600,694,4,3,1,-1,-1,-1
120,6,908,802,3,3,1,-1,-1,-1
121,1,561,114,3,3,1,-1,-1,-1
121,2,0,500,2,3,1,-1,-1,-1
121,3,400,613,3,3,1,-1,-1,-1
121,4,436,633,3,3,1,-1,-1,-1
121,5,456,632,3,3,1,-1,-1,-1
121,6,600,694,3,3,1,-1,-1,-1
121,7,777,763,3,3,1,-1,-1,-1
121,8,907,802,3,3,1,-1,-1,-1
121,9,937,840,3,3,1,-1,-1,-1
121,10,953,844,3,3,1,-1,-1,-1
121,11,985,844,3,3,1,-1,-1,-1
122,1,341,591,3,3,1,-1,-1,-1
122,2,455,632,3,4,1,-1,-1,-1
122,3,509,658,3,4,1,-1,-1,-1
122,4,594,691,3,3,1,-1,-1,-1
122,5,598,694,5,3,1,-1,-1,-1
122,6,776,763,3,3,1,-1,-1,-1
122,7,906,803,3,3,1,-1,-1,-1
122,8,954,843,3,3,1,-1,-1,-1
123,1,629,74,3,3,1,-1,-1,-1
123,2,393,612,3,3,1,-1,-1,-1
123,3,592,691,4,3,1,-1,-1,-1
123,4,597,694,3,3,1,-1,-1,-1
123,5,581,714,3,3,1,-1,-1,-1
123,6,775,762,3,3,1,-1,-1,-1
123,7,905,803,3,3,1,-1,-1,-1
123,8,939,840,3,3,1,-1,-1,-1
123,9,955,844,3,3,1,-1,-1,-1
123,10,990,850,3,3,1,-1,-1,-1
124,1,397,613,3,3,1,-1,-1,-1
124,2,597,693,3,3,1,-1,-1,-1
124,3,956,844,3,3,1,-1,-1,-1
125,1,561,113,4,4,1,-1,-1,-1
125,2,0,500,2,3,1,-1,-1,-1
125,3,5,500,3,3,1,-1,-1,-1
125,4,438,626,4,3,1,-1,-1,-1
125,5,452,631,4,3,1,-1,-1,-1
125,6,505,658,3,3,1,-1,-1,-1
125,7,517,662,3,3,1,-1,-1,-1
125,8,773,762,3,3,1,-1,-1,-1
125,9,778,763,3,3,1,-1,-1,-1
125,10,904,801,4,4,1,-1,-1,-1
125,11,940,812,3,3,1,-1,-1,-1
125,12,940,840,4,4,1,-1,-1,-1
125,13,956,844,4,4,1,-1,-1,-1
126,1,562,113,4,3,1,-1,-1,-1
126,2,0,500,3,4,1,-1,-1,-1
126,3,452,630,3,3,1,-1,-1,-1
126,4,516,662,3,3,1,-1,-1,-1
126,5,590,690,3,3,1,-1,-1,-1
126,6,595,692,3,3,1,-1,-1,-1
126,7,904,801,3,3,1,-1,-1,-1
126,8,940,811,3,3,1,-1,-1,-1
126,9,944,813,3,3,1,-1,-1,-1
126,10,941,840,3,4,1,-1,-1,-1
126,11,957,845,3,3,1,-1,-1,-1
127,1,0,501,4,3,1,-1,-1,-1
127,2,6,501,4,4,1,-1,-1,-1
127,3,437,625,3,3,1,-1,-1,-1
127,4,589,690,3,4,1,-1,-1,-1
127,5,776,763,3,3,1,-1,-1,-1
127,6,894,799,3,3,1,-1,-1,-1
127,7,903,801,4,4,1,-1,-1,-1
127,8,943,813,3,3,1,-1,-1,-1
127,9,942,841,3,3,1,-1,-1,-1
127,10,957,845,4,3,1,-1,-1,-1
128,1,588,689,3,3,1,-1,-1,-1
129,1,960,845,3,3,1,-1,-1,-1
130,1,449,630,3,3,1,-1,-1,-1
130,2,936,811,3,3,1,-1,-1,-1
130,3,945,842,3,3,1,-1,-1,-1
131,1,10,502,3,3,1,-1,-1,-1
131,2,328,587,3,3,1,-1,-1,-1
131,3,333,588,3,3,1,-1,-1,-1
131,4,385,609,3,3,1,-1,-1,-1
131,5,448,629,4,4,1,-1,-1,-1
131,6,585,689,3,4,1,-1,-1,-1
131,7,859,789,4,3,1,-1,-1,-1
131,8,936,811,3,3,1,-1,-1,-1
131,9,945,842,3,3,1,-1,-1,-1
131,10,961,845,4,4,1,-1,-1,-1
132,1,4,501,4,4,1,-1,-1,-1
132,2,10,503,5,3,1,-1,-1,-1
132,3,433,623,5,4,1,-1,-1,-1
132,4,446,629,5,4,1,-1,-1,-1
132,5,498,654,4,4,1,-1,-1,-1
132,6,583,688,4,3,1,-1,-1,-1
132,7,588,690,5,4,1,-1,-1,-1
132,8,772,762,3,3,1,-1,-1,-1
132,9,900,800,4,4,1,-1,-1,-1
132,10,945,842,4,4,1,-1,-1,-1
132,11,961,846,5,4,1,-1,-1,-1
133,1,704,27,3,3,1,-1,-1,-1
133,2,962,120,3,3,1,-1,-1,-1
133,3,363,421,3,3,1,-1,-1,-1
133,4,11,503,3,3,1,-1,-1,-1
133,5,417,625,3,3,1,-1,-1,-1
133,6,432,624,4,3,1,-1,-1,-1
133,7,447,629,3,3,1,-1,-1,-1
133,8,583,688,3,4,1,-1,-1,-1
133,9,588,689,3,3,1,-1,-1,-1
133,10,580,711,3,3,1,-1,-1,-1
133,11,947,838,3,3,1,-1,-1,-1
133,12,947,842,3,4,1,-1,-1,-1
133,13,963,847,3,3,1,-1,-1,-1
134,1,446,629,3,3,1,-1,-1,-1
134,2,497,654,3,3,1,-1,-1,-1
134,3,587,689,3,4,1,-1,-1,-1
134,4,899,801,3,3,1,-1,-1,-1
134,5,947,841,4,5,1,-1,-1,-1
134,6,963,847,3,3,1,-1,-1,-1
135,1,13,503,4,4,1,-1,-1,-1
135,2,430,623,3,3,1,-1,-1,-1
135,3,445,628,3,4,1,-1,-1,-1
135,4,496,654,4,3,1,-1,-1,-1
135,5,507,657,3,3,1,-1,-1,-1
135,6,581,688,3,3,1,-1,-1,-1
135,7,585,689,3,3,1,-1,-1,-1
135,8,765,759,3,3,1,-1,-1,-1
135,9,888,797,5,4,1,-1,-1,-1
135,10,899,800,3,3,1,-1,-1,-1
135,11,948,841,4,6,1,-1,-1,-1
135,12,963,846,5,5,1,-1,-1,-1
136,1,9,503,3,3,1,-1,-1,-1
136,2,585,688,3,4,1,-1,-1,-1
136,3,949,844,3,3,1,-1,-1,-1
137,1,10,503,3,3,1,-1,-1,-1
137,2,15,504,4,3,1,-1,-1,-1
137,3,444,628,3,3,1,-1,-1,-1
137,4,769,760,3,3,1,-1,-1,-1
137,5,888,797,3,4,1,-1,-1,-1
137,6,949,843,5,4,1,-1,-1,-1
138,1,11,503,3,3,1,-1,-1,-1
138,2,15,504,5,4,1,-1,-1,-1
138,3,427,622,4,3,1,-1,-1,-1
138,4,442,628,3,3,1,-1,-1,-1
138,5,492,653,3,3,1,-1,-1,-1
138,6,583,687,3,4,1,-1,-1,-1
138,7,767,760,3,3,1,-1,-1,-1
138,8,896,799,3,4,1,-1,-1,-1
138,9,967,848,4,3,1,-1,-1,-1
139,1,12,503,3,4,1,-1,-1,-1
139,2,16,504,4,4,1,-1,-1,-1
139,3,325,585,3,3,1,-1,-1,-1
139,4,582,687,4,4,1,-1,-1,-1
139,5,762,758,3,3,1,-1,-1,-1
140,1,12,504,4,3,1,-1,-1,-1
140,2,17,504,4,4,1,-1,-1,-1
140,3,441,627,3,3,1,-1,-1,-1
140,4,581,686,3,4,1,-1,-1,-1
140,5,886,796,3,5,1,-1,-1,-1
140,6,953,844,3,3,1,-1,-1,-1
140,7,1005,854,3,3,1,-1,-1,-1
141,1,18,504,4,4,1,-1,-1,-1
141,2,580,686,3,4,1,-1,-1,-1
141,3,765,759,3,3,1,-1,-1,-1
141,4,932,810,3,3,1,-1,-1,-1
141,5,628,826,3,3,1,-1,-1,-1
141,6,953,844,4,4,1,-1,-1,-1
141,7,969,849,3,3,1,-1,-1,-1
142,1,186,17,4,4,1,-1,-1,-1
142,2,14,504,4,4,1,-1,-1,-1
142,3,19,505,4,3,1,-1,-1,-1
142,4,954,845,4,3,1,-1,-1,-1
143,1,184,17,6,4,1,-1,-1,-1
143,2,484,269,4,4,1,-1,-1,-1
143,3,16,503,3,5,1,-1,-1,-1
143,4,20,504,4,5,1,-1,-1,-1
143,5,316,582,8,6,1,-1,-1,-1
143,6,405,621,3,3,1,-1,-1,-1
143,7,439,626,3,3,1,-1,-1,-1
143,8,577,686,3,3,1,-1,-1,-1
143,9,597,721,3,3,1,-1,-1,-1
143,10,763,758,4,3,1,-1,-1,-1
143,11,884,795,3,4,1,-1,-1,-1
143,12,955,841,5,8,1,-1,-1,-1
144,1,186,17,4,3,1,-1,-1,-1
144,2,16,504,3,4,1,-1,-1,-1
144,3,21,506,3,3,1,-1,-1,-1
144,4,424,621,3,3,1,-1,-1,-1
144,5,438,627,3,3,1,-1,-1,-1
144,6,573,684,8,5,1,-1,-1,-1
144,7,762,758,4,4,1,-1,-1,-1
144,8,883,796,4,3,1,-1,-1,-1
144,9,956,846,3,3,1,-1,-1,-1
144,10,971,849,3,3,1,-1,-1,-1
145,1,186,17,4,4,1,-1,-1,-1
145,2,18,505,3,3,1,-1,-1,-1
145,3,22,505,4,4,1,-1,-1,-1
145,4,437,626,3,4,1,-1,-1,-1
145,5,571,684,3,3,1,-1,-1,-1
145,6,757,756,3,3,1,-1,-1,-1
145,7,882,796,3,3,1,-1,-1,-1
146,1,185,17,5,4,1,-1,-1,-1
146,2,952,115,3,3,1,-1,-1,-1
146,3,12,500,3,3,1,-1,-1,-1
146,4,18,505,3,3,1,-1,-1,-1
146,5,24,505,3,3,1,-1,-1,-1
146,6,436,626,3,3,1,-1,-1,-1
146,7,756,756,4,3,1,-1,-1,-1
146,8,761,758,3,3,1,-1,-1,-1
146,9,838,789,3,3,1,-1,-1,-1
146,10,973,849,3,3,1,-1,-1,-1
147,1,186,17,4,4,1,-1,-1,-1
147,2,957,116,3,3,1,-1,-1,-1
147,3,18,505,4,3,1,-1,-1,-1
147,4,24,506,5,4,1,-1,-1,-1
147,5,318,583,3,3,1,-1,-1,-1
147,6,422,620,3,3,1,-1,-1,-1
147,7,435,624,4,5,1,-1,-1,-1
147,8,569,683,4,3,1,-1,-1,-1
147,9,600,722,4,3,1,-1,-1,-1
147,10,757,756,6,4,1,-1,-1,-1
147,11,881,795,5,4,1,-1,-1,-1
147,12,891,798,3,4,1,-1,-1,-1
147,13,958,846,4,3,1,-1,-1,-1
147,14,973,849,4,4,1,-1,-1,-1
148,1,21,505,3,4,1,-1,-1,-1
148,2,316,582,3,3,1,-1,-1,-1
148,3,434,626,3,3,1,-1,-1,-1
148,4,573,684,3,3,1,-1,-1,-1
149,1,21,505,3,4,1,-1,-1,-1
149,2,26,507,4,3,1,-1,-1,-1
149,3,315,582,3,3,1,-1,-1,-1
149,4,420,619,3,3,1,-1,-1,-1
149,5,433,624,5,5,1,-1,-1,-1
149,6,568,682,3,3,1,-1,-1,-1
149,7,573,684,3,3,1,-1,-1,-1
149,8,754,755,3,3,1,-1,-1,-1
149,9,759,756,3,4,1,-1,-1,-1
149,10,880,795,3,3,1,-1,-1,-1
149,11,960,845,4,3,1,-1,-1,-1
150,1,998,165,3,3,1,-1,-1,-1
150,2,22,506,3,4,1,-1,-1,-1
150,3,27,507,3,4,1,-1,-1,-1
150,4,418,619,4,3,1,-1,-1,-1
150,5,432,623,4,5,1,-1,-1,-1
150,6,566,681,3,3,1,-1,-1,-1
150,7,571,683,4,4,1,-1,-1,-1
150,8,878,795,4,3,1,-1,-1,-1
150,9,887,798,4,4,1,-1,-1,-1
150,10,962,846,3,3,1,-1,-1,-1
150,11,977,851,4,3,1,-1,-1,-1
151,1,951,115,3,3,1,-1,-1,-1
151,2,23,506,3,4,1,-1,-1,-1
151,3,313,582,3,3,1,-1,-1,-1
151,4,418,619,3,3,1,-1,-1,-1
151,5,432,625,4,3,1,-1,-1,-1
151,6,570,683,3,3,1,-1,-1,-1
151,7,878,796,3,3,1,-1,-1,-1
151,8,978,851,3,3,1,-1,-1,-1
152,1,18,502,3,3,1,-1,-1,-1
152,2,29,507,3,4,1,-1,-1,-1
152,3,312,581,3,3,1,-1,-1,-1
152,4,564,680,4,4,1,-1,-1,-1
152,5,569,683,3,3,1,-1,-1,-1
152,6,962,847,4,3,1,-1,-1,-1
152,7,978,850,4,4,1,-1,-1,-1
153,1,25,507,3,4,1,-1,-1,-1
153,2,310,581,3,3,1,-1,-1,-1
153,3,416,618,3,3,1,-1,-1,-1
153,4,430,623,4,4,1,-1,-1,-1
153,5,568,682,3,4,1,-1,-1,-1
153,6,877,795,3,3,1,-1,-1,-1
153,7,76,830,3,3,1,-1,-1,-1
153,8,964,847,3,4,1,-1,-1,-1
154,1,416,618,3,3,1,-1,-1,-1
154,2,755,755,3,3,1,-1,-1,-1
154,3,877,794,3,3,1,-1,-1,-1
155,1,27,507,5,4,1,-1,-1,-1
155,2,428,623,5,4,1,-1,-1,-1
155,3,476,645,3,3,1,-1,-1,-1
155,4,561,680,3,4,1,-1,-1,-1
155,5,566,681,3,3,1,-1,-1,-1
155,6,876,794,3,3,1,-1,-1,-1
155,7,886,797,3,3,1,-1,-1,-1
155,8,964,848,4,3,1,-1,-1,-1
155,9,981,851,3,3,1,-1,-1,-1
156,1,28,507,4,4,1,-1,-1,-1
156,2,565,681,3,4,1,-1,-1,-1
156,3,982,852,3,3,1,-1,-1,-1
157,1,28,507,4,4,1,-1,-1,-1
157,2,414,617,3,3,1,-1,-1,-1
157,3,428,623,3,3,1,-1,-1,-1
157,4,747,753,3,3,1,-1,-1,-1
157,5,875,794,3,3,1,-1,-1,-1
157,6,981,851,5,4,1,-1,-1,-1
159,1,968,849,3,3,1,-1,-1,-1
160,1,425,622,4,3,1,-1,-1,-1
160,2,470,644,3,3,1,-1,-1,-1
160,3,556,677,4,4,1,-1,-1,-1
161,1,425,622,4,3,1,-1,-1,-1
161,2,470,644,3,3,1,-1,-1,-1
161,3,555,677,4,4,1,-1,-1,-1
161,4,560,679,4,4,1,-1,-1,-1
162,1,991,158,3,3,1,-1,-1,-1
162,2,409,616,5,4,1,-1,-1,-1
162,3,423,621,6,4,1,-1,-1,-1
162,4,468,643,5,3,1,-1,-1,-1
162,5,480,648,5,3,1,-1,-1,-1
162,6,554,677,4,3,1,-1,-1,-1
162,7,560,679,3,3,1,-1,-1,-1
162,8,743,751,3,3,1,-1,-1,-1
162,9,748,753,4,4,1,-1,-1,-1
162,10,870,793,4,4,1,-1,-1,-1
162,11,880,796,4,4,1,-1,-1,-1
162,12,917,807,3,3,1,-1,-1,-1
162,13,970,849,5,4,1,-1,-1,-1
162,14,986,853,5,4,1,-1,-1,-1
163,1,486,271,3,3,1,-1,-1,-1
163,2,29,505,3,3,1,-1,-1,-1
163,3,384,614,3,3,1,-1,-1,-1
163,4,409,615,3,3,1,-1,-1,-1
163,5,423,621,4,3,1,-1,-1,-1
163,6,480,647,3,3,1,-1,-1,-1
163,7,553,677,3,3,1,-1,-1,-1
163,8,559,678,3,3,1,-1,-1,-1
163,9,698,738,3,3,1,-1,-1,-1
163,10,972,849,3,4,1,-1,-1,-1
164,1,423,621,3,3,1,-1,-1,-1
164,2,553,676,3,5,1,-1,-1,-1
164,3,972,850,3,3,1,-1,-1,-1
164,4,988,854,3,3,1,-1,-1,-1
165,1,407,615,3,3,1,-1,-1,-1
165,2,421,620,4,4,1,-1,-1,-1
165,3,551,676,3,3,1,-1,-1,-1
165,4,556,677,4,4,1,-1,-1,-1
165,5,741,750,3,3,1,-1,-1,-1
165,6,869,793,3,3,1,-1,-1,-1
165,7,878,796,3,3,1,-1,-1,-1
165,8,988,854,4,4,1,-1,-1,-1
166,1,187,31,4,4,1,-1,-1,-1
166,2,0,501,3,3,1,-1,-1,-1
166,3,477,647,3,3,1,-1,-1,-1
166,4,556,677,3,3,1,-1,-1,-1
166,5,741,750,3,3,1,-1,-1,-1
166,6,745,752,3,3,1,-1,-1,-1
166,7,974,851,3,3,1,-1,-1,-1
167,1,406,614,3,3,1,-1,-1,-1
167,2,420,620,4,4,1,-1,-1,-1
167,3,464,641,3,4,1,-1,-1,-1
167,4,476,647,3,3,1,-1,-1,-1
167,5,555,677,3,3,1,-1,-1,-1
167,6,740,750,3,3,1,-1,-1,-1
167,7,868,793,3,3,1,-1,-1,-1
167,8,974,850,5,4,1,-1,-1,-1
168,1,405,614,3,3,1,-1,-1,-1
168,2,419,619,3,4,1,-1,-1,-1
168,3,475,645,3,3,1,-1,-1,-1
168,4,742,752,3,3,1,-1,-1,-1
168,5,867,792,3,4,1,-1,-1,-1
168,6,877,795,3,3,1,-1,-1,-1
168,7,976,851,3,3,1,-1,-1,-1
168,8,991,854,4,4,1,-1,-1,-1
169,1,419,619,3,3,1,-1,-1,-1
169,2,976,851,3,3,1,-1,-1,-1
170,1,403,614,3,3,1,-1,-1,-1
170,2,417,618,3,3,1,-1,-1,-1
170,3,461,641,3,3,1,-1,-1,-1
170,4,551,676,3,3,1,-1,-1,-1
170,5,866,792,3,3,1,-1,-1,-1
170,6,875,795,3,3,1,-1,-1,-1
170,7,77,830,3,3,1,-1,-1,-1
170,8,977,851,4,4,1,-1,-1,-1
170,9,992,855,4,3,1,-1,-1,-1
171,1,417,619,3,3,1,-1,-1,-1
171,2,550,676,3,3,1,-1,-1,-1
171,3,736,749,3,3,1,-1,-1,-1
171,4,741,751,3,3,1,-1,-1,-1
171,5,865,792,3,3,1,-1,-1,-1
171,6,76,830,4,4,1,-1,-1,-1
171,7,978,851,3,4,1,-1,-1,-1
172,1,989,157,3,3,1,-1,-1,-1
172,2,416,619,3,3,1,-1,-1,-1
172,3,543,673,5,5,1,-1,-1,-1
172,4,735,749,4,3,1,-1,-1,-1
172,5,865,791,3,4,1,-1,-1,-1
172,6,76,831,4,3,1,-1,-1,-1
172,7,979,851,4,4,1,-1,-1,-1
172,8,995,855,3,4,1,-1,-1,-1
173,1,988,156,3,3,1,-1,-1,-1
173,2,312,595,3,4,1,-1,-1,-1
173,3,415,618,4,4,1,-1,-1,-1
173,4,459,638,3,3,1,-1,-1,-1
173,5,542,673,4,4,1,-1,-1,-1
173,6,739,750,3,3,1,-1,-1,-1
173,7,865,791,3,3,1,-1,-1,-1
173,8,980,851,3,4,1,-1,-1,-1
173,9,995,856,4,3,1,-1,-1,-1
174,1,6,503,4,3,1,-1,-1,-1
174,2,414,617,4,4,1,-1,-1,-1
174,3,542,672,4,4,1,-1,-1,-1
174,4,734,748,3,3,1,-1,-1,-1
174,5,863,791,3,3,1,-1,-1,-1
174,6,981,852,3,3,1,-1,-1,-1
175,1,414,617,4,4,1,-1,-1,-1
175,2,468,643,3,3,1,-1,-1,-1
175,3,540,672,4,4,1,-1,-1,-1
175,4,733,748,3,3,1,-1,-1,-1
175,5,863,791,3,4,1,-1,-1,-1
175,6,104,815,3,5,1,-1,-1,-1
175,7,982,852,3,3,1,-1,-1,-1
176,1,20,506,3,3,1,-1,-1,-1
176,2,344,594,3,3,1,-1,-1,-1
176,3,315,596,3,3,1,-1,-1,-1
176,4,413,617,4,4,1,-1,-1,-1
176,5,467,642,3,4,1,-1,-1,-1
176,6,540,673,3,4,1,-1,-1,-1
176,7,545,673,4,5,1,-1,-1,-1
176,8,732,747,3,4,1,-1,-1,-1
176,9,737,749,3,4,1,-1,-1,-1
176,10,802,777,3,4,1,-1,-1,-1
176,11,902,803,3,3,1,-1,-1,-1
176,12,105,815,3,4,1,-1,-1,-1
176,13,983,852,3,4,1,-1,-1,-1
176,14,998,857,3,3,1,-1,-1,-1
177,1,9,504,3,3,1,-1,-1,-1
177,2,398,612,3,3,1,-1,-1,-1
177,3,412,617,3,3,1,-1,-1,-1
177,4,453,637,3,4,1,-1,-1,-1
177,5,538,671,4,4,1,-1,-1,-1
177,6,544,673,4,3,1,-1,-1,-1
177,7,736,749,3,3,1,-1,-1,-1
177,8,861,791,3,3,1,-1,-1,-1
177,9,870,793,4,4,1,-1,-1,-1
177,10,984,852,3,3,1,-1,-1,-1
177,11,998,856,4,4,1,-1,-1,-1
178,1,397,611,3,3,1,-1,-1,-1
178,2,412,617,3,3,1,-1,-1,-1
178,3,453,637,3,3,1,-1,-1,-1
178,4,861,790,3,3,1,-1,-1,-1
178,5,984,853,3,3,1,-1,-1,-1
179,1,397,611,3,3,1,-1,-1,-1
179,2,411,617,4,3,1,-1,-1,-1
179,3,543,672,3,3,1,-1,-1,-1
179,4,985,853,3,4,1,-1,-1,-1
179,5,1000,857,3,3,1,-1,-1,-1
180,1,201,515,3,3,1,-1,-1,-1
180,2,395,611,3,3,1,-1,-1,-1
180,3,410,616,4,4,1,-1,-1,-1
180,4,536,670,3,3,1,-1,-1,-1
180,5,541,672,3,4,1,-1,-1,-1
180,6,733,748,3,3,1,-1,-1,-1
180,7,859,790,3,3,1,-1,-1,-1
180,8,868,793,4,3,1,-1,-1,-1
180,9,898,802,3,3,1,-1,-1,-1
180,10,986,854,3,3,1,-1,-1,-1
180,11,1002,857,3,3,1,-1,-1,-1
181,1,12,504,3,3,1,-1,-1,-1
181,2,409,616,4,4,1,-1,-1,-1
181,3,540,671,4,5,1,-1,-1,-1
181,4,858,790,4,3,1,-1,-1,-1
181,5,902,803,3,3,1,-1,-1,-1
181,6,987,853,3,3,1,-1,-1,-1
182,1,201,515,3,3,1,-1,-1,-1
182,2,408,615,4,4,1,-1,-1,-1
182,3,535,669,3,3,1,-1,-1,-1
182,4,539,671,5,4,1,-1,-1,-1
182,5,727,746,4,3,1,-1,-1,-1
182,6,733,747,3,4,1,-1,-1,-1
182,7,859,789,3,3,1,-1,-1,-1
182,8,987,853,4,4,1,-1,-1,-1
182,9,1004,858,3,3,1,-1,-1,-1
183,1,13,505,4,3,1,-1,-1,-1
183,2,201,515,3,3,1,-1,-1,-1
183,3,393,610,3,3,1,-1,-1,-1
183,4,408,615,3,4,1,-1,-1,-1
183,5,533,670,3,3,1,-1,-1,-1
183,6,727,746,3,3,1,-1,-1,-1
183,7,731,747,3,3,1,-1,-1,-1
183,8,988,854,4,4,1,-1,-1,-1
183,9,1005,858,3,3,1,-1,-1,-1
184,1,528,68,4,3,1,-1,-1,-1
184,2,14,505,3,3,1,-1,-1,-1
184,3,533,668,3,3,1,-1,-1,-1
184,4,538,671,3,3,1,-1,-1,-1
184,5,726,746,3,3,1,-1,-1,-1
184,6,730,747,3,3,1,-1,-1,-1
184,7,857,789,4,4,1,-1,-1,-1
184,8,866,793,3,3,1,-1,-1,-1
184,9,989,854,3,3,1,-1,-1,-1
185,1,529,68,4,3,1,-1,-1,-1
185,2,16,505,3,3,1,-1,-1,-1
185,3,392,609,3,3,1,-1,-1,-1
185,4,405,614,5,5,1,-1,-1,-1
185,5,459,640,3,3,1,-1,-1,-1
185,6,531,668,3,3,1,-1,-1,-1
185,7,537,670,3,3,1,-1,-1,-1
185,8,730,747,3,3,1,-1,-1,-1
185,9,856,789,3,4,1,-1,-1,-1
186,1,528,71,3,3,1,-1,-1,-1
186,2,445,634,3,3,1,-1,-1,-1
186,3,458,639,3,3,1,-1,-1,-1
186,4,530,667,5,5,1,-1,-1,-1
186,5,536,669,3,3,1,-1,-1,-1
186,6,632,734,4,3,1,-1,-1,-1
186,7,729,746,3,3,1,-1,-1,-1
186,8,856,789,3,4,1,-1,-1,-1
186,9,865,792,3,3,1,-1,-1,-1
186,10,990,855,3,3,1,-1,-1,-1
186,11,79,904,3,3,1,-1,-1,-1
187,1,390,609,3,3,1,-1,-1,-1
187,2,404,614,4,4,1,-1,-1,-1
187,3,535,670,3,3,1,-1,-1,-1
187,4,724,744,3,3,1,-1,-1,-1
187,5,728,746,3,3,1,-1,-1,-1
187,6,864,792,3,3,1,-1,-1,-1
187,7,992,855,3,3,1,-1,-1,-1
187,8,1008,858,3,3,1,-1,-1,-1
188,1,528,668,3,3,1,-1,-1,-1
190,1,402,613,3,3,1,-1,-1,-1
190,2,441,632,3,3,1,-1,-1,-1
190,3,526,666,3,3,1,-1,-1,-1
191,1,931,93,3,3,1,-1,-1,-1
191,2,20,506,4,3,1,-1,-1,-1
191,3,1017,531,3,4,1,-1,-1,-1
191,4,304,593,8,4,1,-1,-1,-1
191,5,440,632,3,3,1,-1,-1,-1
191,6,530,670,3,3,1,-1,-1,-1
191,7,636,737,3,3,1,-1,-1,-1
191,8,725,745,3,3,1,-1,-1,-1
191,9,784,772,3,3,1,-1,-1,-1
191,10,788,773,3,4,1,-1,-1,-1
191,11,852,788,3,3,1,-1,-1,-1
191,12,994,856,4,4,1,-1,-1,-1
191,13,1010,859,4,3,1,-1,-1,-1
192,1,20,507,5,3,1,-1,-1,-1
192,2,1018,532,3,3,1,-1,-1,-1
192,3,400,612,4,4,1,-1,-1,-1
192,4,438,632,5,3,1,-1,-1,-1
192,5,452,636,3,4,1,-1,-1,-1
192,6,524,665,3,3,1,-1,-1,-1
192,7,530,667,4,4,1,-1,-1,-1
192,8,720,742,3,3,1,-1,-1,-1
192,9,724,745,4,3,1,-1,-1,-1
192,10,851,788,5,3,1,-1,-1,-1
192,11,860,791,4,4,1,-1,-1,-1
192,12,894,801,3,4,1,-1,-1,-1
192,13,996,856,3,3,1,-1,-1,-1
192,14,1010,860,5,3,1,-1,-1,-1
193,1,929,91,3,3,1,-1,-1,-1
193,2,22,507,3,3,1,-1,-1,-1
193,3,307,594,3,3,1,-1,-1,-1
193,4,312,596,4,3,1,-1,-1,-1
193,5,343,599,3,3,1,-1,-1,-1
193,6,347,600,3,3,1,-1,-1,-1
193,7,385,606,3,3,1,-1,-1,-1
193,8,528,666,3,5,1,-1,-1,-1
193,9,34,705,3,3,1,-1,-1,-1
193,10,850,788,3,3,1,-1,-1,-1
193,11,996,856,4,4,1,-1,-1,-1
194,1,22,507,4,3,1,-1,-1,-1
194,2,528,666,3,4,1,-1,-1,-1
195,1,24,507,4,3,1,-1,-1,-1
195,2,397,612,5,4,1,-1,-1,-1
195,3,436,630,3,3,1,-1,-1,-1
195,4,717,741,3,5,1,-1,-1,-1
195,5,722,744,3,3,1,-1,-1,-1
195,6,850,787,4,4,1,-1,-1,-1
195,7,858,790,4,5,1,-1,-1,-1
195,8,998,857,4,3,1,-1,-1,-1
195,9,1014,860,3,3,1,-1,-1,-1
196,1,25,508,3,3,1,-1,-1,-1
196,2,520,664,3,3,1,-1,-1,-1
196,3,782,771,3,3,1,-1,-1,-1
196,4,849,788,3,4,1,-1,-1,-1
196,5,858,790,3,4,1,-1,-1,-1
196,6,999,857,3,3,1,-1,-1,-1
197,1,24,508,3,3,1,-1,-1,-1
197,2,435,630,3,3,1,-1,-1,-1
197,3,525,665,3,3,1,-1,-1,-1
197,4,848,787,4,4,1,-1,-1,-1
197,5,999,857,4,3,1,-1,-1,-1
197,6,1016,861,3,3,1,-1,-1,-1
198,1,1019,188,4,4,1,-1,-1,-1
198,2,313,596,3,3,1,-1,-1,-1
198,3,396,611,3,3,1,-1,-1,-1
198,4,432,630,4,3,1,-1,-1,-1
198,5,857,790,3,3,1,-1,-1,-1
198,6,1001,857,3,4,1,-1,-1,-1
199,1,657,722,3,3,1,-1,-1,-1
200,1,28,509,3,3,1,-1,-1,-1
200,2,395,610,3,3,1,-1,-1,-1
200,3,515,662,4,4,1,-1,-1,-1
200,4,522,664,3,3,1,-1,-1,-1
200,5,718,742,4,3,1,-1,-1,-1
200,6,856,789,3,3,1,-1,-1,-1
200,7,1002,858,3,3,1,-1,-1,-1
200,8,1018,861,3,4,1,-1,-1,-1
201,1,28,509,4,3,1,-1,-1,-1
201,2,443,633,3,3,1,-1,-1,-1
201,3,516,661,3,3,1,-1,-1,-1
201,4,521,664,3,4,1,-1,-1,-1
201,5,713,740,3,3,1,-1,-1,-1
201,6,717,742,3,3,1,-1,-1,-1
201,7,1003,858,3,3,1,-1,-1,-1
201,8,1019,862,3,3,1,-1,-1,-1
202,1,529,68,3,3,1,-1,-1,-1
202,2,520,663,3,4,1,-1,-1,-1
202,3,716,742,3,3,1,-1,-1,-1
202,4,854,789,4,4,1,-1,-1,-1
202,5,1020,862,3,3,1,-1,-1,-1
203,1,528,69,3,4,1,-1,-1,-1
203,2,313,583,3,3,1,-1,-1,-1
203,3,392,610,3,3,1,-1,-1,-1
203,4,513,661,3,5,1,-1,-1,-1
203,5,519,663,4,3,1,-1,-1,-1
203,6,711,740,3,3,1,-1,-1,-1
203,7,716,741,3,3,1,-1,-1,-1
203,8,853,789,4,5,1,-1,-1,-1
203,9,1005,858,3,3,1,-1,-1,-1
203,10,1021,862,3,3,1,-1,-1,-1
204,1,922,84,3,3,1,-1,-1,-1
204,2,517,665,3,3,1,-1,-1,-1
204,3,715,741,3,3,1,-1,-1,-1
204,4,844,785,3,5,1,-1,-1,-1
204,5,853,789,3,3,1,-1,-1,-1
204,6,1022,862,2,4,1,-1,-1,-1
205,1,391,609,3,3,1,-1,-1,-1
205,2,511,660,3,3,1,-1,-1,-1
205,3,517,662,3,3,1,-1,-1,-1
205,4,881,798,3,3,1,-1,-1,-1
205,5,352,823,4,6,1,-1,-1,-1
205,6,1007,859,3,3,1,-1,-1,-1
206,1,327,593,3,3,1,-1,-1,-1
206,2,321,600,3,3,1,-1,-1,-1
206,3,376,604,3,3,1,-1,-1,-1
206,4,390,609,3,4,1,-1,-1,-1
206,5,424,627,3,3,1,-1,-1,-1
206,6,516,662,3,4,1,-1,-1,-1
206,7,713,740,3,3,1,-1,-1,-1
206,8,851,788,4,5,1,-1,-1,-1
206,9,880,798,3,3,1,-1,-1,-1
207,1,375,603,3,3,1,-1,-1,-1
207,2,388,609,4,3,1,-1,-1,-1
207,3,423,626,4,3,1,-1,-1,-1
207,4,436,631,3,3,1,-1,-1,-1
207,5,508,659,4,4,1,-1,-1,-1
207,6,514,661,4,4,1,-1,-1,-1
207,7,708,738,3,3,1,-1,-1,-1
207,8,712,740,3,4,1,-1,-1,-1
207,9,842,785,3,4,1,-1,-1,-1
207,10,851,788,3,4,1,-1,-1,-1
207,11,1008,859,4,4,1,-1,-1,-1
208,1,435,630,3,3,1,-1,-1,-1
208,2,851,788,3,3,1,-1,-1,-1
209,1,311,582,3,3,1,-1,-1,-1
209,2,388,609,3,3,1,-1,-1,-1
209,3,507,660,3,4,1,-1,-1,-1
209,4,513,661,3,4,1,-1,-1,-1
209,5,705,737,5,3,1,-1,-1,-1
209,6,711,740,3,3,1,-1,-1,-1
209,7,840,785,4,4,1,-1,-1,-1
209,8,849,787,4,5,1,-1,-1,-1
209,9,1009,860,3,3,1,-1,-1,-1
210,1,386,607,4,4,1,-1,-1,-1
210,2,512,660,3,3,1,-1,-1,-1
210,3,840,785,3,4,1,-1,-1,-1
210,4,849,787,3,3,1,-1,-1,-1
210,5,877,797,3,3,1,-1,-1,-1
210,6,881,798,3,3,1,-1,-1,-1
210,7,1011,860,3,4,1,-1,-1,-1
211,1,309,581,3,4,1,-1,-1,-1
211,2,325,592,3,3,1,-1,-1,-1
211,3,327,602,3,3,1,-1,-1,-1
211,4,386,608,3,3,1,-1,-1,-1
211,5,420,625,3,3,1,-1,-1,-1
211,6,511,660,3,3,1,-1,-1,-1
211,7,839,785,3,3,1,-1,-1,-1
211,8,1011,860,3,3,1,-1,-1,-1
212,1,32,493,4,4,1,-1,-1,-1
212,2,504,657,3,3,1,-1,-1,-1
212,3,510,660,4,3,1,-1,-1,-1
212,4,704,737,3,4,1,-1,-1,-1
212,5,838,785,4,3,1,-1,-1,-1
212,6,848,787,3,3,1,-1,-1,-1
212,7,880,798,3,3,1,-1,-1,-1
212,8,1012,860,4,4,1,-1,-1,-1
213,1,30,494,5,3,1,-1,-1,-1
213,2,370,601,3,4,1,-1,-1,-1
213,3,384,606,4,5,1,-1,-1,-1
213,4,508,659,4,4,1,-1,-1,-1
213,5,707,738,4,3,1,-1,-1,-1
213,6,837,785,3,3,1,-1,-1,-1
213,7,1013,861,3,4,1,-1,-1,-1
214,1,31,494,3,4,1,-1,-1,-1
214,2,508,658,3,4,1,-1,-1,-1
214,3,1012,833,3,3,1,-1,-1,-1
214,4,1014,861,3,3,1,-1,-1,-1
215,1,928,101,4,3,1,-1,-1,-1
215,2,28,493,6,6,1,-1,-1,-1
215,3,0,506,2,3,1,-1,-1,-1
215,4,368,601,4,4,1,-1,-1,-1
215,5,384,607,3,3,1,-1,-1,-1
215,6,416,623,3,3,1,-1,-1,-1
215,7,500,657,3,3,1,-1,-1,-1
215,8,507,658,3,4,1,-1,-1,-1
215,9,706,738,4,3,1,-1,-1,-1
215,10,664,748,3,3,1,-1,-1,-1
215,11,1014,861,4,3,1,-1,-1,-1
216,1,929,101,3,3,1,-1,-1,-1
216,2,28,493,3,4,1,-1,-1,-1
216,3,32,494,4,5,1,-1,-1,-1
216,4,383,606,3,3,1,-1,-1,-1
216,5,500,657,3,4,1,-1,-1,-1
216,6,664,749,3,3,1,-1,-1,-1
216,7,836,784,3,3,1,-1,-1,-1
216,8,845,786,3,3,1,-1,-1,-1
216,9,1016,861,3,3,1,-1,-1,-1
217,1,26,494,4,3,1,-1,-1,-1
217,2,32,494,4,4,1,-1,-1,-1
217,3,2,506,4,3,1,-1,-1,-1
217,4,367,601,3,3,1,-1,-1,-1
217,5,381,606,4,4,1,-1,-1,-1
217,6,498,656,4,3,1,-1,-1,-1
217,7,504,657,4,5,1,-1,-1,-1
217,8,700,735,3,5,1,-1,-1,-1
217,9,704,737,3,3,1,-1,-1,-1
217,10,664,750,4,3,1,-1,-1,-1
217,11,844,786,4,3,1,-1,-1,-1
217,12,1016,861,4,4,1,-1,-1,-1
220,1,22,492,4,4,1,-1,-1,-1
220,2,842,785,3,3,1,-1,-1,-1
220,3,1019,863,3,3,1,-1,-1,-1
221,1,22,492,3,5,1,-1,-1,-1
221,2,27,494,3,3,1,-1,-1,-1
221,3,364,600,3,3,1,-1,-1,-1
221,4,378,605,4,4,1,-1,-1,-1
221,5,423,626,3,3,1,-1,-1,-1
221,6,698,734,6,5,1,-1,-1,-1
221,7,842,785,3,3,1,-1,-1,-1
222,1,19,491,5,4,1,-1,-1,-1
222,2,26,493,4,4,1,-1,-1,-1
222,3,6,507,3,3,1,-1,-1,-1
222,4,362,599,6,4,1,-1,-1,-1
222,5,377,604,5,4,1,-1,-1,-1
222,6,408,621,4,4,1,-1,-1,-1
222,7,422,625,3,4,1,-1,-1,-1
222,8,493,653,4,5,1,-1,-1,-1
222,9,499,656,4,4,1,-1,-1,-1
222,10,696,734,3,3,1,-1,-1,-1
222,11,700,736,4,3,1,-1,-1,-1
222,12,668,751,7,4,1,-1,-1,-1
222,13,840,785,5,4,1,-1,-1,-1
222,14,868,795,3,3,1,-1,-1,-1
222,15,1020,862,4,5,1,-1,-1,-1
223,1,24,492,4,4,1,-1,-1,-1
223,2,7,508,3,3,1,-1,-1,-1
223,3,362,599,4,3,1,-1,-1,-1
223,4,377,604,3,4,1,-1,-1,-1
223,5,408,620,3,3,1,-1,-1,-1
223,6,493,653,3,4,1,-1,-1,-1
223,7,672,750,3,3,1,-1,-1,-1
223,8,746,757,4,3,1,-1,-1,-1
223,9,840,785,3,4,1,-1,-1,-1
223,10,91,791,3,3,1,-1,-1,-1
223,11,1022,862,2,4,1,-1,-1,-1
224,1,19,492,3,4,1,-1,-1,-1
224,2,376,605,4,3,1,-1,-1,-1
224,3,492,653,3,3,1,-1,-1,-1
224,4,498,655,3,4,1,-1,-1,-1
224,5,1022,863,2,3,1,-1,-1,-1
225,1,17,491,3,3,1,-1,-1,-1
225,2,360,598,4,3,1,-1,-1,-1
225,3,375,603,3,4,1,-1,-1,-1
225,4,405,619,4,4,1,-1,-1,-1
225,5,419,623,3,5,1,-1,-1,-1
225,6,496,654,3,4,1,-1,-1,-1
225,7,693,733,3,3,1,-1,-1,-1
225,8,663,750,3,3,1,-1,-1,-1
225,9,838,784,4,4,1,-1,-1,-1
226,1,16,491,3,3,1,-1,-1,-1
226,2,360,598,3,3,1,-1,-1,-1
226,3,375,603,3,3,1,-1,-1,-1
226,4,693,733,3,3,1,-1,-1,-1
226,5,697,735,3,3,1,-1,-1,-1
227,1,21,492,3,3,1,-1,-1,-1
227,2,359,598,3,3,1,-1,-1,-1
227,3,373,603,4,4,1,-1,-1,-1
227,4,417,623,3,3,1,-1,-1,-1
227,5,488,652,3,3,1,-1,-1,-1
227,6,495,654,3,3,1,-1,-1,-1
227,7,697,735,3,3,1,-1,-1,-1
227,8,838,784,3,3,1,-1,-1,-1
228,1,963,130,3,3,1,-1,-1,-1
228,2,19,491,3,4,1,-1,-1,-1
228,3,0,506,3,4,1,-1,-1,-1
228,4,11,509,3,3,1,-1,-1,-1
228,5,359,597,3,3,1,-1,-1,-1
228,6,373,603,3,3,1,-1,-1,-1
228,7,487,653,3,3,1,-1,-1,-1
228,8,493,653,3,4,1,-1,-1,-1
228,9,696,733,3,3,1,-1,-1,-1
228,10,744,757,3,3,1,-1,-1,-1
228,11,836,784,3,4,1,-1,-1,-1
229,1,13,490,3,3,1,-1,-1,-1
229,2,18,491,3,3,1,-1,-1,-1
229,3,631,711,3,3,1,-1,-1,-1
229,4,744,757,3,3,1,-1,-1,-1
229,5,836,784,3,3,1,-1,-1,-1
230,1,2,507,3,3,1,-1,-1,-1
230,2,401,618,3,3,1,-1,-1,-1
230,3,413,622,3,3,1,-1,-1,-1
230,4,485,651,3,4,1,-1,-1,-1
230,5,491,652,3,5,1,-1,-1,-1
230,6,694,734,3,3,1,-1,-1,-1
230,7,836,784,3,3,1,-1,-1,-1
231,1,228,318,3,3,1,-1,-1,-1
231,2,10,490,3,3,1,-1,-1,-1
231,3,16,490,3,4,1,-1,-1,-1
231,4,2,507,3,3,1,-1,-1,-1
231,5,399,618,3,3,1,-1,-1,-1
231,6,490,651,4,4,1,-1,-1,-1
231,7,689,731,3,3,1,-1,-1,-1
232,1,370,601,3,4,1,-1,-1,-1
232,2,692,733,3,3,1,-1,-1,-1
233,1,13,489,3,4,1,-1,-1,-1
233,2,0,507,3,4,1,-1,-1,-1
233,3,15,509,3,4,1,-1,-1,-1
233,4,303,597,3,3,1,-1,-1,-1
233,5,369,601,3,4,1,-1,-1,-1
233,6,353,612,3,4,1,-1,-1,-1
233,7,482,649,4,4,1,-1,-1,-1
233,8,691,733,4,3,1,-1,-1,-1
234,1,0,507,3,3,1,-1,-1,-1
234,2,303,597,3,4,1,-1,-1,-1
234,3,368,600,4,5,1,-1,-1,-1
234,4,691,732,3,3,1,-1,-1,-1
234,5,824,780,3,3,1,-1,-1,-1
235,1,5,488,3,3,1,-1,-1,-1
235,2,11,490,3,3,1,-1,-1,-1
235,3,17,510,3,3,1,-1,-1,-1
235,4,480,648,3,4,1,-1,-1,-1
235,5,690,732,3,3,1,-1,-1,-1
235,6,823,780,5,4,1,-1,-1,-1
236,1,10,489,3,3,1,-1,-1,-1
236,2,340,594,3,3,1,-1,-1,-1
236,3,367,601,3,3,1,-1,-1,-1
236,4,356,614,3,3,1,-1,-1,-1
236,5,382,625,3,3,1,-1,-1,-1
236,6,484,650,4,5,1,-1,-1,-1
236,7,685,755,3,3,1,-1,-1,-1
236,8,824,780,4,5,1,-1,-1,-1
237,1,923,81,3,3,1,-1,-1,-1
237,2,2,487,4,4,1,-1,-1,-1
237,3,8,489,4,3,1,-1,-1,-1
237,4,7,508,3,3,1,-1,-1,-1
237,5,18,510,3,3,1,-1,-1,-1
237,6,352,595,4,4,1,-1,-1,-1
237,7,365,600,5,4,1,-1,-1,-1
237,8,394,616,3,3,1,-1,-1,-1
237,9,407,619,3,4,1,-1,-1,-1
237,10,477,647,3,6,1,-1,-1,-1
237,11,483,650,5,3,1,-1,-1,-1
237,12,684,729,4,4,1,-1,-1,-1
237,13,689,731,3,3,1,-1,-1,-1
237,14,687,757,3,3,1,-1,-1,-1
237,15,821,779,6,5,1,-1,-1,-1
237,16,95,789,3,3,1,-1,-1,-1
238,1,303,597,3,3,1,-1,-1,-1
238,2,477,649,3,3,1,-1,-1,-1
238,3,483,649,3,3,1,-1,-1,-1
238,4,821,780,3,3,1,-1,-1,-1
239,1,1,488,3,3,1,-1,-1,-1
239,2,6,489,3,3,1,-1,-1,-1
239,3,303,597,3,3,1,-1,-1,-1
239,4,365,599,3,4,1,-1,-1,-1
239,5,405,620,3,3,1,-1,-1,-1
239,6,482,649,4,3,1,-1,-1,-1
239,7,683,729,3,3,1,-1,-1,-1
239,8,821,780,3,3,1,-1,-1,-1
240,1,0,487,2,3,1,-1,-1,-1
240,2,9,509,3,3,1,-1,-1,-1
240,3,349,594,4,3,1,-1,-1,-1
240,4,363,599,4,4,1,-1,-1,-1
240,5,474,647,3,4,1,-1,-1,-1
240,6,819,778,4,4,1,-1,-1,-1
241,1,0,486,2,4,1,-1,-1,-1
241,2,9,509,3,3,1,-1,-1,-1
241,3,363,599,3,3,1,-1,-1,-1
241,4,474,648,3,4,1,-1,-1,-1
241,5,480,648,3,4,1,-1,-1,-1
241,6,681,728,3,3,1,-1,-1,-1
241,7,729,751,3,3,1,-1,-1,-1
241,8,690,758,3,3,1,-1,-1,-1
241,9,819,779,3,3,1,-1,-1,-1
242,1,10,509,4,3,1,-1,-1,-1
242,2,348,593,4,4,1,-1,-1,-1
242,3,363,599,3,3,1,-1,-1,-1
242,4,478,648,5,5,1,-1,-1,-1
242,5,680,727,4,5,1,-1,-1,-1
242,6,685,730,3,3,1,-1,-1,-1
242,7,818,779,4,3,1,-1,-1,-1
243,1,347,593,3,3,1,-1,-1,-1
243,2,308,599,3,3,1,-1,-1,-1
243,3,361,598,4,4,1,-1,-1,-1
243,4,388,613,3,4,1,-1,-1,-1
243,5,471,647,3,3,1,-1,-1,-1
243,6,817,778,3,4,1,-1,-1,-1
243,7,827,781,3,4,1,-1,-1,-1
244,1,1,487,3,3,1,-1,-1,-1
244,2,34,593,3,3,1,-1,-1,-1
244,3,346,593,4,3,1,-1,-1,-1
244,4,361,598,3,3,1,-1,-1,-1
244,5,477,647,3,3,1,-1,-1,-1
244,6,679,727,3,3,1,-1,-1,-1
244,7,817,779,3,3,1,-1,-1,-1
244,8,826,780,3,4,1,-1,-1,-1
245,1,0,486,2,4,1,-1,-1,-1
245,2,13,510,3,3,1,-1,-1,-1
245,3,345,593,4,3,1,-1,-1,-1
245,4,360,598,3,3,1,-1,-1,-1
245,5,386,612,4,4,1,-1,-1,-1
245,6,469,646,3,3,1,-1,-1,-1
245,7,475,647,5,4,1,-1,-1,-1
245,8,609,703,3,3,1,-1,-1,-1
245,9,678,727,3,3,1,-1,-1,-1
245,10,817,778,3,3,1,-1,-1,-1
246,1,160,362,3,3,1,-1,-1,-1
246,2,475,646,3,4,1,-1,-1,-1
246,3,682,729,3,3,1,-1,-1,-1
246,4,816,777,3,3,1,-1,-1,-1
246,5,825,780,3,3,1,-1,-1,-1
247,1,10,509,4,3,1,-1,-1,-1
247,2,344,592,3,3,1,-1,-1,-1
247,3,358,598,4,3,1,-1,-1,-1
247,4,384,612,3,3,1,-1,-1,-1
247,5,474,646,4,4,1,-1,-1,-1
247,6,680,728,3,3,1,-1,-1,-1
247,7,680,757,3,3,1,-1,-1,-1
247,8,815,777,4,4,1,-1,-1,-1
247,9,824,780,3,4,1,-1,-1,-1
250,1,13,510,3,3,1,-1,-1,-1
250,2,356,597,4,3,1,-1,-1,-1
250,3,464,642,5,6,1,-1,-1,-1
250,4,580,995,3,4,1,-1,-1,-1
251,1,1000,169,3,3,1,-1,-1,-1
251,2,356,596,3,3,1,-1,-1,-1
251,3,381,610,3,3,1,-1,-1,-1
251,4,393,614,3,3,1,-1,-1,-1
251,5,373,621,3,3,1,-1,-1,-1
251,6,469,644,4,5,1,-1,-1,-1
251,7,674,725,3,3,1,-1,-1,-1
251,8,692,762,3,3,1,-1,-1,-1
251,9,700,762,4,3,1,-1,-1,-1
251,10,579,996,4,3,1,-1,-1,-1
252,1,13,510,3,3,1,-1,-1,-1
252,2,18,511,4,3,1,-1,-1,-1
252,3,339,590,5,4,1,-1,-1,-1
252,4,354,596,4,3,1,-1,-1,-1
252,5,393,614,3,4,1,-1,-1,-1
252,6,462,642,3,4,1,-1,-1,-1
252,7,468,645,5,4,1,-1,-1,-1
252,8,672,725,3,3,1,-1,-1,-1
252,9,811,776,5,4,1,-1,-1,-1
252,10,821,778,3,4,1,-1,-1,-1
253,1,15,510,4,3,1,-1,-1,-1
253,2,353,596,4,3,1,-1,-1,-1
253,3,316,603,4,3,1,-1,-1,-1
253,4,401,634,3,3,1,-1,-1,-1
253,5,467,645,3,3,1,-1,-1,-1
253,6,676,726,3,4,1,-1,-1,-1
254,1,353,596,4,3,1,-1,-1,-1
254,2,466,643,4,5,1,-1,-1,-1
254,3,676,726,3,3,1,-1,-1,-1
254,4,811,776,3,4,1,-1,-1,-1
255,1,337,590,4,3,1,-1,-1,-1
255,2,352,595,4,3,1,-1,-1,-1
255,3,388,613,3,3,1,-1,-1,-1
255,4,459,641,3,4,1,-1,-1,-1
255,5,670,724,3,3,1,-1,-1,-1
255,6,674,726,3,3,1,-1,-1,-1
255,7,809,775,5,5,1,-1,-1,-1
256,1,196,127,3,3,1,-1,-1,-1
256,2,459,641,3,3,1,-1,-1,-1
256,3,464,642,3,3,1,-1,-1,-1
256,4,602,699,4,4,1,-1,-1,-1
256,5,674,725,3,3,1,-1,-1,-1
256,6,708,743,3,3,1,-1,-1,-1
256,7,702,763,3,3,1,-1,-1,-1
256,8,818,779,3,3,1,-1,-1,-1
257,1,336,590,3,3,1,-1,-1,-1
257,2,349,595,5,4,1,-1,-1,-1
257,3,320,604,3,3,1,-1,-1,-1
257,4,324,606,3,3,1,-1,-1,-1
257,5,457,641,4,4,1,-1,-1,-1
257,6,463,642,4,3,1,-1,-1,-1
257,7,669,724,3,3,1,-1,-1,-1
257,8,673,725,4,4,1,-1,-1,-1
258,1,953,120,3,3,1,-1,-1,-1
258,2,321,605,3,3,1,-1,-1,-1
258,3,456,641,3,3,1,-1,-1,-1
258,4,600,699,3,3,1,-1,-1,-1
258,5,668,723,3,3,1,-1,-1,-1
258,6,705,742,3,3,1,-1,-1,-1
258,7,706,765,4,3,1,-1,-1,-1
258,8,808,775,3,3,1,-1,-1,-1
258,9,816,778,4,4,1,-1,-1,-1
258,10,1022,841,2,4,1,-1,-1,-1
259,1,188,40,3,3,1,-1,-1,-1
259,2,349,595,3,3,1,-1,-1,-1
259,3,807,775,3,3,1,-1,-1,-1
260,1,348,595,3,3,1,-1,-1,-1
260,2,454,640,3,3,1,-1,-1,-1
260,3,460,641,3,3,1,-1,-1,-1
260,4,598,699,3,3,1,-1,-1,-1
260,5,666,723,3,3,1,-1,-1,-1
260,6,816,777,3,3,1,-1,-1,-1
261,1,20,512,3,3,1,-1,-1,-1
261,2,24,513,3,3,1,-1,-1,-1
261,3,348,594,3,3,1,-1,-1,-1
261,4,459,641,3,3,1,-1,-1,-1
261,5,666,722,3,3,1,-1,-1,-1
261,6,670,724,3,3,1,-1,-1,-1
261,7,710,766,3,3,1,-1,-1,-1
261,8,389,957,3,3,1,-1,-1,-1
262,1,664,722,4,3,1,-1,-1,-1
262,2,669,724,3,3,1,-1,-1,-1
262,3,814,777,3,3,1,-1,-1,-1
263,1,26,514,3,3,1,-1,-1,-1
263,2,346,593,3,4,1,-1,-1,-1
263,3,304,598,4,4,1,-1,-1,-1
263,4,451,639,3,3,1,-1,-1,-1
263,5,457,640,3,3,1,-1,-1,-1
263,6,594,697,4,3,1,-1,-1,-1
263,7,665,721,3,3,1,-1,-1,-1
263,8,703,741,3,4,1,-1,-1,-1
263,9,709,765,3,4,1,-1,-1,-1
263,10,814,777,3,3,1,-1,-1,-1
263,11,842,788,3,3,1,-1,-1,-1
264,1,946,122,3,3,1,-1,-1,-1
264,2,345,593,3,3,1,-1,-1,-1
264,3,305,599,3,3,1,-1,-1,-1
264,4,368,605,3,3,1,-1,-1,-1
264,5,456,640,3,3,1,-1,-1,-1
264,6,668,723,3,3,1,-1,-1,-1
265,1,344,593,3,3,1,-1,-1,-1
265,2,449,638,3,3,1,-1,-1,-1
265,3,662,721,3,3,1,-1,-1,-1
265,4,667,723,3,3,1,-1,-1,-1
266,1,204,329,4,4,1,-1,-1,-1
266,2,24,513,4,4,1,-1,-1,-1
266,3,329,587,4,3,1,-1,-1,-1
266,4,344,593,3,3,1,-1,-1,-1
266,5,303,598,3,3,1,-1,-1,-1
266,6,448,638,3,3,1,-1,-1,-1
266,7,453,640,3,3,1,-1,-1,-1
266,8,662,721,3,4,1,-1,-1,-1
266,9,696,739,7,4,1,-1,-1,-1
266,10,712,767,4,3,1,-1,-1,-1
266,11,803,773,3,3,1,-1,-1,-1
266,12,840,787,3,3,1,-1,-1,-1
266,13,580,996,3,4,1,-1,-1,-1
267,1,25,513,3,3,1,-1,-1,-1
267,2,328,587,4,3,1,-1,-1,-1
267,3,342,592,4,4,1,-1,-1,-1
267,4,364,604,3,4,1,-1,-1,-1
267,5,377,609,3,4,1,-1,-1,-1
267,6,333,610,3,3,1,-1,-1,-1
267,7,447,637,3,3,1,-1,-1,-1
267,8,452,639,4,4,1,-1,-1,-1
267,9,591,696,4,3,1,-1,-1,-1
267,10,665,723,3,3,1,-1,-1,-1
267,11,803,773,3,3,1,-1,-1,-1
267,12,811,775,3,5,1,-1,-1,-1
267,13,580,997,3,3,1,-1,-1,-1
269,1,27,514,3,3,1,-1,-1,-1
269,2,341,592,3,3,1,-1,-1,-1
269,3,363,604,3,3,1,-1,-1,-1
269,4,451,638,3,3,1,-1,-1,-1
269,5,664,721,3,4,1,-1,-1,-1
270,1,340,591,3,4,1,-1,-1,-1
270,2,360,604,3,3,1,-1,-1,-1
270,3,658,720,3,3,1,-1,-1,-1
270,4,662,722,4,3,1,-1,-1,-1
270,5,721,770,3,3,1,-1,-1,-1
270,6,800,772,3,3,1,-1,-1,-1
271,1,992,161,3,3,1,-1,-1,-1
271,2,309,583,3,3,1,-1,-1,-1
271,3,340,591,3,3,1,-1,-1,-1
271,4,311,602,3,3,1,-1,-1,-1
271,5,373,609,3,3,1,-1,-1,-1
271,6,333,610,3,3,1,-1,-1,-1
271,7,395,632,3,3,1,-1,-1,-1
271,8,443,636,3,3,1,-1,-1,-1
271,9,448,637,4,4,1,-1,-1,-1
271,10,582,692,3,3,1,-1,-1,-1
271,11,658,720,3,3,1,-1,-1,-1
271,12,662,721,4,3,1,-1,-1,-1
271,13,720,770,4,4,1,-1,-1,-1
271,14,836,786,3,3,1,-1,-1,-1
271,15,1004,837,3,3,1,-1,-1,-1
272,1,324,585,3,4,1,-1,-1,-1
272,2,339,591,4,3,1,-1,-1,-1
272,3,373,607,3,3,1,-1,-1,-1
272,4,447,638,3,3,1,-1,-1,-1
272,5,656,719,4,3,1,-1,-1,-1
272,6,661,721,3,3,1,-1,-1,-1
273,1,323,585,3,3,1,-1,-1,-1
273,2,337,590,4,4,1,-1,-1,-1
273,3,358,602,4,5,1,-1,-1,-1
273,4,372,606,3,3,1,-1,-1,-1
273,5,440,634,4,4,1,-1,-1,-1
273,6,656,719,3,3,1,-1,-1,-1
273,7,660,721,3,3,1,-1,-1,-1
273,8,720,770,3,3,1,-1,-1,-1
273,9,798,772,3,3,1,-1,-1,-1
273,10,971,825,3,3,1,-1,-1,-1
274,1,323,585,3,3,1,-1,-1,-1
274,2,337,590,3,4,1,-1,-1,-1
274,3,441,634,3,3,1,-1,-1,-1
274,4,446,636,3,3,1,-1,-1,-1
275,1,189,54,3,3,1,-1,-1,-1
275,2,336,589,3,4,1,-1,-1,-1
275,3,311,601,3,3,1,-1,-1,-1
275,4,439,633,3,4,1,-1,-1,-1
275,5,444,636,3,4,1,-1,-1,-1
275,6,427,644,3,3,1,-1,-1,-1
275,7,654,717,3,4,1,-1,-1,-1
275,8,658,720,4,3,1,-1,-1,-1
275,9,684,734,3,3,1,-1,-1,-1
275,10,726,772,3,3,1,-1,-1,-1
276,1,336,589,3,3,1,-1,-1,-1
276,2,356,601,3,3,1,-1,-1,-1
276,3,312,602,3,3,1,-1,-1,-1
276,4,443,636,3,3,1,-1,-1,-1
276,5,654,718,3,3,1,-1,-1,-1
276,6,659,719,3,3,1,-1,-1,-1
277,1,321,584,3,3,1,-1,-1,-1
277,2,335,589,3,4,1,-1,-1,-1
277,3,437,632,3,4,1,-1,-1,-1
277,4,657,719,3,4,1,-1,-1,-1
277,5,705,768,3,3,1,-1,-1,-1
277,6,795,771,3,4,1,-1,-1,-1
277,7,805,774,3,3,1,-1,-1,-1
280,1,332,589,4,3,1,-1,-1,-1
280,2,433,632,3,3,1,-1,-1,-1
280,3,650,717,3,3,1,-1,-1,-1
280,4,793,770,4,5,1,-1,-1,-1
280,5,728,773,3,3,1,-1,-1,-1
281,1,189,53,3,4,1,-1,-1,-1
281,2,332,588,3,3,1,-1,-1,-1
281,3,351,601,3,3,1,-1,-1,-1
281,4,363,603,3,4,1,-1,-1,-1
281,5,321,605,3,3,1,-1,-1,-1
281,6,433,631,3,5,1,-1,-1,-1
281,7,438,633,4,4,1,-1,-1,-1
281,8,650,717,3,3,1,-1,-1,-1
281,9,654,718,3,3,1,-1,-1,-1
281,10,707,769,3,3,1,-1,-1,-1
281,11,728,773,3,3,1,-1,-1,-1
281,12,802,773,3,4,1,-1,-1,-1
282,1,189,54,3,3,1,-1,-1,-1
282,2,939,106,3,3,1,-1,-1,-1
282,3,316,582,4,4,1,-1,-1,-1
282,4,330,588,4,4,1,-1,-1,-1
282,5,349,599,5,4,1,-1,-1,-1
282,6,322,606,3,3,1,-1,-1,-1
282,7,347,616,3,3,1,-1,-1,-1
282,8,431,631,4,3,1,-1,-1,-1
282,9,437,633,3,3,1,-1,-1,-1
282,10,648,716,4,3,1,-1,-1,-1
282,11,654,718,3,3,1,-1,-1,-1
282,12,709,770,3,3,1,-1,-1,-1
282,13,792,770,4,4,1,-1,-1,-1
282,14,801,773,4,4,1,-1,-1,-1
283,1,664,1,3,3,1,-1,-1,-1
283,2,346,206,3,3,1,-1,-1,-1
283,3,330,588,3,3,1,-1,-1,-1
283,4,349,598,3,3,1,-1,-1,-1
283,5,348,616,3,3,1,-1,-1,-1
283,6,569,687,3,3,1,-1,-1,-1
283,7,648,716,3,4,1,-1,-1,-1
283,8,652,717,4,4,1,-1,-1,-1
283,9,675,731,3,3,1,-1,-1,-1
283,10,791,770,3,3,1,-1,-1,-1
283,11,800,773,4,3,1,-1,-1,-1
284,1,329,588,3,3,1,-1,-1,-1
285,1,560,205,3,3,1,-1,-1,-1
285,2,315,582,3,4,1,-1,-1,-1
285,3,328,587,3,3,1,-1,-1,-1
285,4,429,630,3,3,1,-1,-1,-1
285,5,790,770,3,3,1,-1,-1,-1
286,1,328,587,4,3,1,-1,-1,-1
286,2,324,608,4,3,1,-1,-1,-1
286,3,346,615,3,3,1,-1,-1,-1
286,4,350,617,3,3,1,-1,-1,-1
286,5,433,631,3,3,1,-1,-1,-1
286,6,646,715,3,3,1,-1,-1,-1
286,7,650,717,3,3,1,-1,-1,-1
286,8,676,731,3,3,1,-1,-1,-1
287,1,358,602,3,3,1,-1,-1,-1
287,2,426,629,4,4,1,-1,-1,-1
287,3,432,631,4,4,1,-1,-1,-1
287,4,798,772,3,3,1,-1,-1,-1
288,1,425,629,3,3,1,-1,-1,-1
288,2,431,630,3,3,1,-1,-1,-1
288,3,568,686,3,3,1,-1,-1,-1
288,4,644,714,8,6,1,-1,-1,-1
288,5,669,729,4,4,1,-1,-1,-1
288,6,788,769,3,3,1,-1,-1,-1
288,7,797,773,3,3,1,-1,-1,-1
288,8,738,777,4,4,1,-1,-1,-1
289,1,325,587,3,3,1,-1,-1,-1
289,2,430,630,3,3,1,-1,-1,-1
289,3,568,687,3,3,1,-1,-1,-1
289,4,648,716,4,3,1,-1,-1,-1
289,5,672,730,3,3,1,-1,-1,-1
289,6,797,772,3,3,1,-1,-1,-1
290,1,880,37,3,3,1,-1,-1,-1
290,2,310,581,3,3,1,-1,-1,-1
290,3,325,585,3,5,1,-1,-1,-1
290,4,341,596,4,4,1,-1,-1,-1
290,5,562,684,3,3,1,-1,-1,-1
290,6,647,716,4,3,1,-1,-1,-1
290,7,796,771,3,4,1,-1,-1,-1
291,1,646,716,3,3,1,-1,-1,-1
291,2,787,768,3,4,1,-1,-1,-1
291,3,796,771,3,3,1,-1,-1,-1
292,1,662,61,13,8,1,-1,-1,-1
292,2,665,74,4,3,1,-1,-1,-1
292,3,323,586,3,3,1,-1,-1,-1
292,4,786,768,3,3,1,-1,-1,-1
292,5,795,771,3,3,1,-1,-1,-1
293,1,659,58,18,14,1,-1,-1,-1
293,2,664,70,15,9,1,-1,-1,-1
293,3,323,585,4,3,1,-1,-1,-1
293,4,339,595,3,3,1,-1,-1,-1
293,5,331,610,3,3,1,-1,-1,-1
293,6,356,620,4,3,1,-1,-1,-1
293,7,425,628,3,3,1,-1,-1,-1
293,8,420,644,3,3,1,-1,-1,-1
293,9,640,713,3,3,1,-1,-1,-1
293,10,644,714,4,3,1,-1,-1,-1
293,11,794,771,3,3,1,-1,-1,-1
294,1,658,59,19,13,1,-1,-1,-1
294,2,678,63,4,3,1,-1,-1,-1
294,3,673,70,6,6,1,-1,-1,-1
294,4,662,74,10,5,1,-1,-1,-1
294,5,322,585,4,3,1,-1,-1,-1
294,6,328,609,3,3,1,-1,-1,-1
294,7,562,685,4,3,1,-1,-1,-1
294,8,793,772,3,3,1,-1,-1,-1
295,1,663,60,8,3,1,-1,-1,-1
295,2,672,61,3,3,1,-1,-1,-1
295,3,658,68,3,3,1,-1,-1,-1
295,4,336,595,3,3,1,-1,-1,-1
295,5,305,596,4,3,1,-1,-1,-1
295,6,784,767,3,3,1,-1,-1,-1
296,1,879,37,3,3,1,-1,-1,-1
296,2,668,60,3,3,1,-1,-1,-1
296,3,320,584,4,4,1,-1,-1,-1
296,4,338,593,3,3,1,-1,-1,-1
296,5,306,595,4,4,1,-1,-1,-1
296,6,349,598,3,4,1,-1,-1,-1
296,7,417,627,3,3,1,-1,-1,-1
296,8,423,627,3,3,1,-1,-1,-1
296,9,643,713,3,4,1,-1,-1,-1
296,10,660,725,3,3,1,-1,-1,-1
297,1,671,60,4,3,1,-1,-1,-1
297,2,318,584,6,4,1,-1,-1,-1
297,3,334,593,5,5,1,-1,-1,-1
297,4,308,597,3,3,1,-1,-1,-1
297,5,336,612,3,3,1,-1,-1,-1
297,6,637,711,3,4,1,-1,-1,-1
297,7,641,713,4,4,1,-1,-1,-1
297,8,782,767,4,3,1,-1,-1,-1
297,9,791,770,4,5,1,-1,-1,-1
298,1,23,513,3,3,1,-1,-1,-1
299,1,318,584,3,3,1,-1,-1,-1
299,2,305,595,3,4,1,-1,-1,-1
299,3,781,767,3,3,1,-1,-1,-1
299,4,790,770,3,3,1,-1,-1,-1
300,1,316,583,5,4,1,-1,-1,-1
300,2,344,596,3,3,1,-1,-1,-1
300,3,413,624,3,3,1,-1,-1,-1
300,4,417,626,4,3,1,-1,-1,-1
300,5,780,766,4,4,1,-1,-1,-1
301,1,317,583,3,3,1,-1,-1,-1
301,2,344,597,3,3,1,-1,-1,-1
301,3,334,612,3,3,1,-1,-1,-1
301,4,363,624,3,3,1,-1,-1,-1
301,5,417,625,3,3,1,-1,-1,-1
301,6,780,766,3,3,1,-1,-1,-1
302,1,315,582,4,4,1,-1,-1,-1
302,2,416,625,3,3,1,-1,-1,-1
302,3,634,710,7,6,1,-1,-1,-1
302,4,780,765,3,3,1,-1,-1,-1
302,5,787,770,3,3,1,-1,-1,-1
303,1,314,583,3,3,1,-1,-1,-1
303,2,328,591,4,5,1,-1,-1,-1
303,3,310,598,3,3,1,-1,-1,-1
303,4,633,710,3,4,1,-1,-1,-1
303,5,637,711,3,4,1,-1,-1,-1
304,1,314,582,3,3,1,-1,-1,-1
304,2,636,712,3,3,1,-1,-1,-1
305,1,312,582,4,3,1,-1,-1,-1
305,2,317,601,3,4,1,-1,-1,-1
305,3,342,615,3,3,1,-1,-1,-1
305,4,631,710,3,3,1,-1,-1,-1
305,5,635,711,3,3,1,-1,-1,-1
305,6,777,766,3,3,1,-1,-1,-1
306,1,312,582,4,4,1,-1,-1,-1
306,2,313,599,3,3,1,-1,-1,-1
306,3,635,711,3,3,1,-1,-1,-1
307,1,310,581,6,4,1,-1,-1,-1
307,2,324,591,3,3,1,-1,-1,-1
307,3,365,624,3,3,1,-1,-1,-1
307,4,651,722,4,3,1,-1,-1,-1
307,5,776,765,3,3,1,-1,-1,-1
307,6,785,768,3,3,1,-1,-1,-1
310,1,321,590,3,3,1,-1,-1,-1
310,2,403,620,3,3,1,-1,-1,-1
310,3,627,708,3,3,1,-1,-1,-1
311,1,325,602,3,3,1,-1,-1,-1
311,2,627,708,3,3,1,-1,-1,-1
311,3,631,709,3,4,1,-1,-1,-1
311,4,807,777,3,3,1,-1,-1,-1
312,1,321,588,3,3,1,-1,-1,-1
312,2,332,593,4,4,1,-1,-1,-1
312,3,349,618,3,3,1,-1,-1,-1
312,4,625,707,4,3,1,-1,-1,-1
312,5,630,709,4,4,1,-1,-1,-1
312,6,773,764,3,4,1,-1,-1,-1
312,7,782,767,3,3,1,-1,-1,-1
312,8,806,777,3,3,1,-1,-1,-1
313,1,327,605,3,3,1,-1,-1,-1
313,2,405,620,3,3,1,-1,-1,-1
313,3,539,675,3,3,1,-1,-1,-1
313,4,625,707,3,3,1,-1,-1,-1
314,1,331,592,3,4,1,-1,-1,-1
314,2,624,707,4,3,1,-1,-1,-1
314,3,943,818,3,3,1,-1,-1,-1
315,1,317,588,3,4,1,-1,-1,-1
315,2,373,628,3,3,1,-1,-1,-1
315,3,623,707,3,3,1,-1,-1,-1
315,4,627,708,4,3,1,-1,-1,-1
315,5,640,717,3,3,1,-1,-1,-1
315,6,780,766,3,3,1,-1,-1,-1
315,7,943,818,3,3,1,-1,-1,-1
316,1,397,618,3,3,1,-1,-1,-1
316,2,401,620,3,3,1,-1,-1,-1
316,3,627,708,3,3,1,-1,-1,-1
316,4,939,817,3,3,1,-1,-1,-1
317,1,328,591,3,4,1,-1,-1,-1
317,2,397,618,6,5,1,-1,-1,-1
317,3,627,708,3,3,1,-1,-1,-1
317,4,779,766,3,3,1,-1,-1,-1
317,5,941,818,3,3,1,-1,-1,-1
318,1,663,63,3,3,1,-1,-1,-1
318,2,315,586,3,3,1,-1,-1,-1
318,3,328,605,3,3,1,-1,-1,-1
318,4,394,617,3,3,1,-1,-1,-1
318,5,375,628,3,3,1,-1,-1,-1
318,6,452,659,3,4,1,-1,-1,-1
318,7,621,706,3,3,1,-1,-1,-1
318,8,777,766,4,4,1,-1,-1,-1
319,1,398,618,4,4,1,-1,-1,-1
319,2,380,631,3,3,1,-1,-1,-1
319,3,624,707,4,4,1,-1,-1,-1
320,1,325,591,3,3,1,-1,-1,-1
320,2,623,706,5,4,1,-1,-1,-1
320,3,777,765,3,4,1,-1,-1,-1
321,1,922,86,4,4,1,-1,-1,-1
321,2,312,585,3,3,1,-1,-1,-1
321,3,323,590,4,5,1,-1,-1,-1
321,4,352,619,3,3,1,-1,-1,-1
321,5,623,707,4,3,1,-1,-1,-1
321,6,630,714,3,3,1,-1,-1,-1
321,7,740,782,3,3,1,-1,-1,-1
322,1,766,762,3,3,1,-1,-1,-1
323,1,308,585,4,4,1,-1,-1,-1
323,2,389,617,3,3,1,-1,-1,-1
323,3,354,620,3,3,1,-1,-1,-1
323,4,358,622,3,3,1,-1,-1,-1
323,5,480,669,4,3,1,-1,-1,-1
323,6,617,704,3,3,1,-1,-1,-1
323,7,766,761,3,3,1,-1,-1,-1
323,8,774,765,4,4,1,-1,-1,-1
324,1,308,585,3,3,1,-1,-1,-1
324,2,320,589,4,4,1,-1,-1,-1
324,3,617,704,3,3,1,-1,-1,-1
325,1,357,621,3,3,1,-1,-1,-1
325,2,620,705,3,3,1,-1,-1,-1
325,3,764,761,4,4,1,-1,-1,-1
326,1,809,295,3,3,1,-1,-1,-1
326,2,336,609,3,3,1,-1,-1,-1
326,3,357,621,3,3,1,-1,-1,-1
326,4,460,663,4,3,1,-1,-1,-1
326,5,620,705,3,3,1,-1,-1,-1
326,6,628,713,3,3,1,-1,-1,-1
326,7,764,760,3,4,1,-1,-1,-1
326,8,773,764,3,3,1,-1,-1,-1
327,1,919,83,3,3,1,-1,-1,-1
327,2,318,588,3,3,1,-1,-1,-1
327,3,384,614,4,3,1,-1,-1,-1
327,4,613,703,4,3,1,-1,-1,-1
327,5,618,705,3,3,1,-1,-1,-1
327,6,772,764,4,4,1,-1,-1,-1
328,1,389,615,3,3,1,-1,-1,-1
328,2,613,703,3,3,1,-1,-1,-1
329,1,613,702,3,4,1,-1,-1,-1
330,1,347,614,3,3,1,-1,-1,-1
330,2,387,614,3,3,1,-1,-1,-1
330,3,612,702,3,3,1,-1,-1,-1
330,4,616,704,3,3,1,-1,-1,-1
330,5,761,760,3,3,1,-1,-1,-1
330,6,748,785,3,3,1,-1,-1,-1
331,1,10,507,3,3,1,-1,-1,-1
331,2,343,611,3,4,1,-1,-1,-1
331,3,520,668,3,3,1,-1,-1,-1
331,4,611,702,3,3,1,-1,-1,-1
331,5,615,704,3,3,1,-1,-1,-1
331,6,622,710,3,3,1,-1,-1,-1
332,1,11,507,5,4,1,-1,-1,-1
332,2,313,585,3,5,1,-1,-1,-1
332,3,385,613,3,4,1,-1,-1,-1
332,4,610,702,3,3,1,-1,-1,-1
332,5,760,761,3,3,1,-1,-1,-1
332,6,768,764,3,3,1,-1,-1,-1
332,7,749,786,3,3,1,-1,-1,-1
333,1,8,507,3,3,1,-1,-1,-1
333,2,12,508,4,3,1,-1,-1,-1
333,3,308,585,6,6,1,-1,-1,-1
333,4,379,612,3,3,1,-1,-1,-1
333,5,492,674,3,3,1,-1,-1,-1
333,6,768,762,3,4,1,-1,-1,-1
334,1,667,62,3,3,1,-1,-1,-1
334,2,8,507,3,3,1,-1,-1,-1
334,3,13,508,3,3,1,-1,-1,-1
334,4,308,585,6,4,1,-1,-1,-1
334,5,613,703,3,3,1,-1,-1,-1
335,1,189,50,3,3,1,-1,-1,-1
335,2,665,62,7,4,1,-1,-1,-1
335,3,976,157,4,4,1,-1,-1,-1
335,4,15,509,3,3,1,-1,-1,-1
335,5,307,585,6,4,1,-1,-1,-1
335,6,376,611,4,4,1,-1,-1,-1
335,7,348,613,3,3,1,-1,-1,-1
335,8,394,637,3,3,1,-1,-1,-1
335,9,608,701,7,5,1,-1,-1,-1
335,10,37,706,3,3,1,-1,-1,-1
335,11,617,709,4,3,1,-1,-1,-1
335,12,758,760,3,3,1,-1,-1,-1
335,13,766,763,4,3,1,-1,-1,-1
336,1,859,15,3,3,1,-1,-1,-1
336,2,976,158,4,3,1,-1,-1,-1
336,3,376,611,3,3,1,-1,-1,-1
336,4,381,612,3,3,1,-1,-1,-1
336,5,348,614,3,3,1,-1,-1,-1
336,6,391,635,3,3,1,-1,-1,-1
336,7,607,700,3,3,1,-1,-1,-1
336,8,612,702,3,3,1,-1,-1,-1
336,9,37,705,3,3,1,-1,-1,-1
336,10,766,763,3,3,1,-1,-1,-1
337,1,380,612,3,3,1,-1,-1,-1
337,2,606,700,3,4,1,-1,-1,-1
337,3,610,702,3,3,1,-1,-1,-1
337,4,757,762,3,3,1,-1,-1,-1
337,5,765,763,3,3,1,-1,-1,-1
338,1,17,509,3,3,1,-1,-1,-1
340,1,604,699,3,3,1,-1,-1,-1
340,2,608,701,3,3,1,-1,-1,-1
341,1,14,508,4,4,1,-1,-1,-1
341,2,375,610,4,4,1,-1,-1,-1
341,3,358,619,3,3,1,-1,-1,-1
341,4,370,627,7,5,1,-1,-1,-1
341,5,603,699,4,3,1,-1,-1,-1
341,6,608,700,3,3,1,-1,-1,-1
341,7,754,758,3,4,1,-1,-1,-1
341,8,764,761,3,3,1,-1,-1,-1
342,1,15,509,3,3,1,-1,-1,-1
342,2,20,510,4,3,1,-1,-1,-1
342,3,369,608,3,3,1,-1,-1,-1
342,4,375,610,3,3,1,-1,-1,-1
342,5,375,630,3,3,1,-1,-1,-1
342,6,602,698,3,4,1,-1,-1,-1
342,7,608,700,3,3,1,-1,-1,-1
342,8,753,758,4,6,1,-1,-1,-1
342,9,762,760,4,5,1,-1,-1,-1
343,1,534,135,3,3,1,-1,-1,-1
343,2,12,505,3,3,1,-1,-1,-1
343,3,21,510,3,4,1,-1,-1,-1
343,4,357,617,3,3,1,-1,-1,-1
343,5,376,630,3,3,1,-1,-1,-1
343,6,512,665,3,3,1,-1,-1,-1
343,7,476,670,3,3,1,-1,-1,-1
343,8,508,681,3,3,1,-1,-1,-1
343,9,602,698,3,3,1,-1,-1,-1
343,10,753,758,3,3,1,-1,-1,-1
343,11,762,761,3,3,1,-1,-1,-1
343,12,265,800,3,3,1,-1,-1,-1
343,13,402,990,3,3,1,-1,-1,-1
344,1,601,698,3,3,1,-1,-1,-1
344,2,753,758,3,3,1,-1,-1,-1
344,3,762,761,3,3,1,-1,-1,-1
345,1,23,511,3,3,1,-1,-1,-1
345,2,600,697,3,3,1,-1,-1,-1
345,3,604,700,3,3,1,-1,-1,-1
345,4,752,756,3,5,1,-1,-1,-1
345,5,760,761,3,3,1,-1,-1,-1
346,1,370,608,3,4,1,-1,-1,-1
346,2,600,697,3,3,1,-1,-1,-1
347,1,19,510,3,3,1,-1,-1,-1
347,2,603,699,3,4,1,-1,-1,-1
347,3,751,756,3,3,1,-1,-1,-1
347,4,759,760,4,4,1,-1,-1,-1
348,1,17,506,3,3,1,-1,-1,-1
348,2,25,512,4,3,1,-1,-1,-1
348,3,363,606,3,3,1,-1,-1,-1
348,4,750,757,3,3,1,-1,-1,-1
349,1,459,365,3,3,1,-1,-1,-1
349,2,26,512,3,3,1,-1,-1,-1
349,3,597,696,3,3,1,-1,-1,-1
350,1,459,365,5,4,1,-1,-1,-1
350,2,361,605,3,3,1,-1,-1,-1
350,3,484,674,3,3,1,-1,-1,-1
350,4,595,696,4,5,1,-1,-1,-1
350,5,600,698,3,3,1,-1,-1,-1
350,6,748,757,3,3,1,-1,-1,-1
351,1,459,365,4,4,1,-1,-1,-1
352,1,852,7,3,3,1,-1,-1,-1
352,2,317,498,3,3,1,-1,-1,-1
352,3,365,606,3,3,1,-1,-1,-1
352,4,594,695,4,4,1,-1,-1,-1
352,5,599,698,3,3,1,-1,-1,-1
352,6,37,705,4,4,1,-1,-1,-1
352,7,748,755,3,3,1,-1,-1,-1
352,8,756,759,3,3,1,-1,-1,-1
353,1,362,606,3,3,1,-1,-1,-1
353,2,593,695,3,4,1,-1,-1,-1
353,3,598,697,3,3,1,-1,-1,-1
353,4,747,756,3,3,1,-1,-1,-1
353,5,756,759,3,3,1,-1,-1,-1
353,6,1022,839,2,3,1,-1,-1,-1
354,1,185,0,4,3,1,-1,-1,-1
354,2,385,634,3,3,1,-1,-1,-1
354,3,593,695,3,3,1,-1,-1,-1
354,4,746,755,4,5,1,-1,-1,-1
354,5,755,758,4,5,1,-1,-1,-1
355,1,27,512,3,3,1,-1,-1,-1
355,2,592,695,3,3,1,-1,-1,-1
355,3,746,755,3,4,1,-1,-1,-1
356,1,25,508,3,3,1,-1,-1,-1
356,2,28,512,3,3,1,-1,-1,-1
356,3,355,603,3,3,1,-1,-1,-1
356,4,377,626,3,3,1,-1,-1,-1
356,5,388,634,3,4,1,-1,-1,-1
356,6,589,694,6,6,1,-1,-1,-1
356,7,743,755,5,5,1,-1,-1,-1
357,1,186,2,3,3,1,-1,-1,-1
357,2,590,694,4,3,1,-1,-1,-1
357,3,595,696,3,3,1,-1,-1,-1
357,4,743,755,4,4,1,-1,-1,-1
357,5,753,758,3,3,1,-1,-1,-1
357,6,1019,838,3,3,1,-1,-1,-1
358,1,590,694,3,3,1,-1,-1,-1
358,2,594,696,3,3,1,-1,-1,-1
359,1,743,755,3,3,1,-1,-1,-1
360,1,355,603,3,3,1,-1,-1,-1
360,2,592,695,3,3,1,-1,-1,-1
361,1,378,627,3,3,1,-1,-1,-1
361,2,392,636,3,3,1,-1,-1,-1
361,3,493,659,3,3,1,-1,-1,-1
361,4,592,695,3,3,1,-1,-1,-1
361,5,741,754,4,3,1,-1,-1,-1
362,1,587,693,7,5,1,-1,-1,-1
362,2,741,754,3,3,1,-1,-1,-1
362,3,750,757,4,4,1,-1,-1,-1
363,1,988,171,4,3,1,-1,-1,-1
363,2,352,601,3,4,1,-1,-1,-1
363,3,385,630,3,3,1,-1,-1,-1
363,4,390,636,3,3,1,-1,-1,-1
363,5,586,692,3,3,1,-1,-1,-1
363,6,740,753,4,4,1,-1,-1,-1
363,7,767,765,5,3,1,-1,-1,-1
365,1,181,185,3,3,1,-1,-1,-1
365,2,459,365,4,5,1,-1,-1,-1
365,3,416,647,3,3,1,-1,-1,-1
365,4,585,691,3,4,1,-1,-1,-1
365,5,739,753,3,3,1,-1,-1,-1
365,6,748,756,3,5,1,-1,-1,-1
366,1,349,601,3,3,1,-1,-1,-1
366,2,584,691,3,4,1,-1,-1,-1
366,3,588,693,3,3,1,-1,-1,-1
366,4,738,753,4,3,1,-1,-1,-1
367,1,844,0,3,2,1,-1,-1,-1
367,2,583,691,4,3,1,-1,-1,-1
367,3,738,753,3,3,1,-1,-1,-1
367,4,747,756,3,4,1,-1,-1,-1
368,1,582,691,3,3,1,-1,-1,-1
