2,1,153,224,3,3,1,-1,-1,-1
5,1,174,264,3,3,1,-1,-1,-1
6,1,152,220,3,4,1,-1,-1,-1
7,1,59,175,3,3,1,-1,-1,-1
7,2,57,185,3,3,1,-1,-1,-1
7,3,151,218,4,4,1,-1,-1,-1
7,4,136,248,4,3,1,-1,-1,-1
8,1,60,175,4,3,1,-1,-1,-1
8,2,56,185,3,3,1,-1,-1,-1
8,3,151,217,4,4,1,-1,-1,-1
8,4,127,240,3,3,1,-1,-1,-1
8,5,172,261,4,3,1,-1,-1,-1
9,1,151,216,3,3,1,-1,-1,-1
10,1,148,211,3,3,1,-1,-1,-1
10,2,121,238,3,3,1,-1,-1,-1
11,1,150,214,4,3,1,-1,-1,-1
12,1,150,213,3,3,1,-1,-1,-1
14,1,149,211,4,4,1,-1,-1,-1
14,2,169,256,4,3,1,-1,-1,-1
15,1,149,210,3,3,1,-1,-1,-1
15,2,168,255,3,3,1,-1,-1,-1
16,1,149,209,3,3,1,-1,-1,-1
16,2,168,254,3,3,1,-1,-1,-1
17,1,149,208,3,3,1,-1,-1,-1
17,2,131,242,3,3,1,-1,-1,-1
18,1,167,252,3,3,1,-1,-1,-1
19,1,147,206,3,3,1,-1,-1,-1
19,2,166,251,3,3,1,-1,-1,-1
20,1,147,205,4,3,1,-1,-1,-1
21,1,57,184,3,3,1,-1,-1,-1
21,2,146,204,3,3,1,-1,-1,-1
21,3,165,250,3,3,1,-1,-1,-1
22,1,57,184,3,3,1,-1,-1,-1
22,2,144,199,3,3,1,-1,-1,-1
22,3,147,203,3,3,1,-1,-1,-1
22,4,147,255,4,3,1,-1,-1,-1
23,1,147,202,4,3,1,-1,-1,-1
23,2,164,248,3,3,1,-1,-1,-1
24,1,146,200,3,4,1,-1,-1,-1
25,1,146,200,3,3,1,-1,-1,-1
25,2,163,246,3,3,1,-1,-1,-1
26,1,162,245,3,3,1,-1,-1,-1
27,1,145,197,4,4,1,-1,-1,-1
27,2,162,244,3,3,1,-1,-1,-1
28,1,141,192,3,3,1,-1,-1,-1
28,2,161,242,4,4,1,-1,-1,-1
29,1,144,196,3,3,1,-1,-1,-1
29,2,160,242,3,3,1,-1,-1,-1
30,1,145,194,3,3,1,-1,-1,-1
31,1,144,193,4,3,1,-1,-1,-1
31,2,153,259,3,3,1,-1,-1,-1
32,1,144,192,3,3,1,-1,-1,-1
33,1,143,190,3,4,1,-1,-1,-1
33,2,56,192,3,3,1,-1,-1,-1
34,1,143,189,3,4,1,-1,-1,-1
34,2,56,192,3,3,1,-1,-1,-1
35,1,158,236,3,3,1,-1,-1,-1
35,2,156,262,3,3,1,-1,-1,-1
36,1,142,187,3,4,1,-1,-1,-1
36,2,156,262,3,3,1,-1,-1,-1
37,1,139,182,3,3,1,-1,-1,-1
37,2,142,187,3,3,1,-1,-1,-1
37,3,157,233,3,3,1,-1,-1,-1
38,1,141,186,3,3,1,-1,-1,-1
38,2,56,195,3,3,1,-1,-1,-1
38,3,157,232,3,3,1,-1,-1,-1
39,1,141,184,4,3,1,-1,-1,-1
39,2,156,231,4,3,1,-1,-1,-1
40,1,138,179,3,3,1,-1,-1,-1
40,2,141,183,3,3,1,-1,-1,-1
40,3,158,265,3,3,1,-1,-1,-1
41,1,141,181,3,3,1,-1,-1,-1
42,1,136,176,3,4,1,-1,-1,-1
42,2,139,181,4,3,1,-1,-1,-1
42,3,155,228,3,3,1,-1,-1,-1
43,1,139,180,4,4,1,-1,-1,-1
43,2,155,227,3,3,1,-1,-1,-1
44,1,139,179,3,3,1,-1,-1,-1
45,1,139,177,4,4,1,-1,-1,-1
46,1,135,173,3,3,1,-1,-1,-1
46,2,141,185,3,3,1,-1,-1,-1
46,3,154,224,3,3,1,-1,-1,-1
48,1,138,174,3,3,1,-1,-1,-1
48,2,163,270,3,3,1,-1,-1,-1
49,1,137,173,4,3,1,-1,-1,-1
50,1,137,172,3,4,1,-1,-1,-1
52,1,57,203,3,3,1,-1,-1,-1
52,2,151,217,4,3,1,-1,-1,-1
53,1,132,165,3,3,1,-1,-1,-1
53,2,136,169,3,3,1,-1,-1,-1
53,3,151,216,3,3,1,-1,-1,-1
53,4,141,247,3,4,1,-1,-1,-1
54,1,133,163,3,3,1,-1,-1,-1
54,2,136,168,4,3,1,-1,-1,-1
54,3,151,215,3,3,1,-1,-1,-1
55,1,136,166,3,4,1,-1,-1,-1
56,1,135,165,3,3,1,-1,-1,-1
57,1,143,192,3,3,1,-1,-1,-1
57,2,58,206,3,3,1,-1,-1,-1
57,3,150,212,3,3,1,-1,-1,-1
58,1,135,163,3,3,1,-1,-1,-1
58,2,150,210,3,3,1,-1,-1,-1
59,1,134,162,3,3,1,-1,-1,-1
60,1,148,208,4,3,1,-1,-1,-1
61,1,133,160,4,3,1,-1,-1,-1
62,1,132,159,5,4,1,-1,-1,-1
62,2,170,280,3,3,1,-1,-1,-1
63,1,148,205,3,3,1,-1,-1,-1
64,1,148,204,3,3,1,-1,-1,-1
64,2,60,210,3,3,1,-1,-1,-1
65,1,129,152,4,3,1,-1,-1,-1
65,2,147,203,3,3,1,-1,-1,-1
67,1,131,153,4,4,1,-1,-1,-1
67,2,146,201,4,3,1,-1,-1,-1
67,3,173,284,3,2,1,-1,-1,-1
68,1,146,200,3,3,1,-1,-1,-1
69,1,131,151,3,3,1,-1,-1,-1
69,2,174,284,4,2,1,-1,-1,-1
70,1,130,150,3,3,1,-1,-1,-1
70,2,145,198,4,3,1,-1,-1,-1
71,1,116,105,3,3,1,-1,-1,-1
71,2,131,149,3,3,1,-1,-1,-1
71,3,145,197,4,3,1,-1,-1,-1
72,1,62,214,3,3,1,-1,-1,-1
73,1,126,144,3,3,1,-1,-1,-1
74,1,130,146,3,3,1,-1,-1,-1
75,1,129,146,3,3,1,-1,-1,-1
75,2,144,193,3,3,1,-1,-1,-1
76,1,144,192,3,3,1,-1,-1,-1
77,1,144,191,3,3,1,-1,-1,-1
77,2,63,216,3,3,1,-1,-1,-1
78,1,128,143,3,3,1,-1,-1,-1
78,2,71,223,3,3,1,-1,-1,-1
79,1,143,189,3,3,1,-1,-1,-1
80,1,128,141,3,3,1,-1,-1,-1
81,1,127,140,3,3,1,-1,-1,-1
81,2,142,187,3,3,1,-1,-1,-1
82,1,126,139,4,3,1,-1,-1,-1
82,2,142,186,3,3,1,-1,-1,-1
82,3,72,224,3,3,1,-1,-1,-1
83,1,66,218,3,3,1,-1,-1,-1
84,1,126,137,3,3,1,-1,-1,-1
85,1,126,136,3,3,1,-1,-1,-1
86,1,126,136,3,3,1,-1,-1,-1
86,2,67,220,3,3,1,-1,-1,-1
88,1,140,181,3,3,1,-1,-1,-1
89,1,140,180,3,3,1,-1,-1,-1
89,2,69,221,3,3,1,-1,-1,-1
90,1,124,132,3,3,1,-1,-1,-1
90,2,76,225,3,4,1,-1,-1,-1
92,1,124,130,3,3,1,-1,-1,-1
93,1,115,103,3,3,1,-1,-1,-1
94,1,138,176,3,3,1,-1,-1,-1
95,1,123,128,3,3,1,-1,-1,-1
96,1,122,127,3,3,1,-1,-1,-1
96,2,139,174,3,3,1,-1,-1,-1
96,3,72,223,3,3,1,-1,-1,-1
97,1,125,135,3,3,1,-1,-1,-1
99,1,122,124,3,3,1,-1,-1,-1
99,2,137,171,3,3,1,-1,-1,-1
100,1,121,123,3,4,1,-1,-1,-1
102,1,136,169,3,3,1,-1,-1,-1
103,1,112,100,3,3,1,-1,-1,-1
103,2,117,117,3,3,1,-1,-1,-1
103,3,137,168,3,3,1,-1,-1,-1
105,1,115,116,3,3,1,-1,-1,-1
108,1,118,117,3,3,1,-1,-1,-1
110,1,113,112,3,3,1,-1,-1,-1
110,2,117,115,3,3,1,-1,-1,-1
111,1,134,161,3,3,1,-1,-1,-1
111,2,79,227,3,3,1,-1,-1,-1
112,1,116,114,4,3,1,-1,-1,-1
112,2,133,160,4,3,1,-1,-1,-1
112,3,80,228,3,3,1,-1,-1,-1
113,1,115,113,3,3,1,-1,-1,-1
113,2,134,159,3,3,1,-1,-1,-1
113,3,132,163,3,3,1,-1,-1,-1
114,1,115,112,3,3,1,-1,-1,-1
114,2,135,157,3,3,1,-1,-1,-1
116,1,81,228,3,3,1,-1,-1,-1
117,1,114,110,3,3,1,-1,-1,-1
118,1,113,109,3,3,1,-1,-1,-1
119,1,113,108,3,3,1,-1,-1,-1
120,1,112,108,4,3,1,-1,-1,-1
121,1,112,107,3,3,1,-1,-1,-1
121,2,131,152,4,3,1,-1,-1,-1
122,1,112,106,3,3,1,-1,-1,-1
122,2,131,151,3,3,1,-1,-1,-1
122,3,84,229,4,4,1,-1,-1,-1
123,1,111,105,3,3,1,-1,-1,-1
123,2,131,150,3,3,1,-1,-1,-1
124,1,110,105,3,3,1,-1,-1,-1
124,2,131,149,3,3,1,-1,-1,-1
125,1,110,104,3,3,1,-1,-1,-1
126,1,104,102,3,3,1,-1,-1,-1
126,2,109,103,4,4,1,-1,-1,-1
126,3,87,230,3,3,1,-1,-1,-1
126,4,95,233,3,3,1,-1,-1,-1
127,1,129,147,3,3,1,-1,-1,-1
128,1,108,102,3,3,1,-1,-1,-1
129,1,107,102,3,3,1,-1,-1,-1
129,2,129,145,3,3,1,-1,-1,-1
129,3,127,149,3,3,1,-1,-1,-1
130,1,106,101,4,3,1,-1,-1,-1
131,1,101,98,4,4,1,-1,-1,-1
131,2,108,99,3,3,1,-1,-1,-1
132,1,100,98,3,3,1,-1,-1,-1
133,1,105,98,3,4,1,-1,-1,-1
133,2,90,232,3,3,1,-1,-1,-1
135,1,104,98,3,3,1,-1,-1,-1
135,2,127,140,3,3,1,-1,-1,-1
136,1,103,97,3,4,1,-1,-1,-1
136,2,92,232,3,3,1,-1,-1,-1
137,1,102,97,3,3,1,-1,-1,-1
138,1,102,96,3,3,1,-1,-1,-1
138,2,127,137,3,3,1,-1,-1,-1
139,1,101,96,3,3,1,-1,-1,-1
139,2,126,136,3,4,1,-1,-1,-1
140,1,100,95,4,3,1,-1,-1,-1
140,2,126,136,3,3,1,-1,-1,-1
142,1,98,94,4,3,1,-1,-1,-1
142,2,126,133,3,3,1,-1,-1,-1
143,1,98,93,3,3,1,-1,-1,-1
144,1,98,93,3,3,1,-1,-1,-1
144,2,96,234,3,3,1,-1,-1,-1
145,1,96,93,3,3,1,-1,-1,-1
146,1,95,91,5,5,1,-1,-1,-1
148,1,95,91,3,3,1,-1,-1,-1
149,1,94,90,3,3,1,-1,-1,-1
150,1,93,90,3,3,1,-1,-1,-1
151,1,122,126,3,3,1,-1,-1,-1
152,1,91,89,3,3,1,-1,-1,-1
153,1,91,89,3,3,1,-1,-1,-1
154,1,90,88,4,4,1,-1,-1,-1
155,1,89,88,3,3,1,-1,-1,-1
156,1,88,87,4,4,1,-1,-1,-1
156,2,121,122,3,3,1,-1,-1,-1
157,1,88,87,3,4,1,-1,-1,-1
157,2,120,121,4,3,1,-1,-1,-1
158,1,83,85,3,3,1,-1,-1,-1
158,2,119,120,3,3,1,-1,-1,-1
159,1,86,86,3,3,1,-1,-1,-1
159,2,119,119,3,3,1,-1,-1,-1
160,1,120,118,3,3,1,-1,-1,-1
161,1,85,85,3,3,1,-1,-1,-1
162,1,84,85,3,3,1,-1,-1,-1
162,2,118,117,3,3,1,-1,-1,-1
162,3,105,238,3,3,1,-1,-1,-1
163,1,83,85,3,3,1,-1,-1,-1
163,2,117,115,4,4,1,-1,-1,-1
164,1,82,85,3,3,1,-1,-1,-1
165,1,117,114,3,3,1,-1,-1,-1
165,2,106,239,3,3,1,-1,-1,-1
166,1,81,84,3,3,1,-1,-1,-1
167,1,80,84,3,3,1,-1,-1,-1
168,1,79,83,3,3,1,-1,-1,-1
169,1,78,83,3,3,1,-1,-1,-1
169,2,115,111,3,3,1,-1,-1,-1
171,1,76,82,4,3,1,-1,-1,-1
172,1,76,81,3,4,1,-1,-1,-1
172,2,113,109,3,3,1,-1,-1,-1
173,1,76,81,3,3,1,-1,-1,-1
173,2,113,108,3,3,1,-1,-1,-1
174,1,74,80,4,5,1,-1,-1,-1
175,1,112,107,3,3,1,-1,-1,-1
176,1,73,80,3,3,1,-1,-1,-1
176,2,111,106,3,3,1,-1,-1,-1
176,3,120,245,3,3,1,-1,-1,-1
177,1,72,80,3,3,1,-1,-1,-1
177,2,110,105,4,4,1,-1,-1,-1
178,1,71,80,3,3,1,-1,-1,-1
178,2,110,105,3,3,1,-1,-1,-1
179,1,70,79,4,4,1,-1,-1,-1
181,1,69,79,3,3,1,-1,-1,-1
182,1,68,78,3,4,1,-1,-1,-1
182,2,108,102,3,3,1,-1,-1,-1
183,1,67,78,3,3,1,-1,-1,-1
183,2,107,101,3,3,1,-1,-1,-1
186,1,65,77,3,3,1,-1,-1,-1
186,2,106,99,3,3,1,-1,-1,-1
187,1,64,77,3,3,1,-1,-1,-1
187,2,105,98,3,3,1,-1,-1,-1
188,1,63,76,3,3,1,-1,-1,-1
188,2,104,98,3,3,1,-1,-1,-1
189,1,57,75,3,3,1,-1,-1,-1
191,1,60,76,3,3,1,-1,-1,-1
192,1,101,96,3,3,1,-1,-1,-1
192,2,120,245,3,3,1,-1,-1,-1
193,1,59,75,3,3,1,-1,-1,-1
194,1,58,74,4,5,1,-1,-1,-1
195,1,57,74,3,3,1,-1,-1,-1
195,2,100,94,3,3,1,-1,-1,-1
196,1,56,73,4,4,1,-1,-1,-1
196,2,99,93,3,3,1,-1,-1,-1
197,1,56,73,3,4,1,-1,-1,-1
197,2,98,93,3,3,1,-1,-1,-1
198,1,55,73,3,3,1,-1,-1,-1
200,1,48,72,3,3,1,-1,-1,-1
200,2,54,73,3,3,1,-1,-1,-1
201,1,53,72,3,3,1,-1,-1,-1
201,2,95,91,3,3,1,-1,-1,-1
201,3,125,247,3,3,1,-1,-1,-1
202,1,52,71,3,4,1,-1,-1,-1
203,1,51,72,3,3,1,-1,-1,-1
203,2,93,90,3,3,1,-1,-1,-1
204,1,45,71,3,3,1,-1,-1,-1
204,2,50,72,3,3,1,-1,-1,-1
206,1,48,71,4,3,1,-1,-1,-1
207,1,48,70,3,4,1,-1,-1,-1
209,1,41,69,3,3,1,-1,-1,-1
209,2,46,70,3,3,1,-1,-1,-1
210,1,41,69,3,3,1,-1,-1,-1
210,2,45,69,4,4,1,-1,-1,-1
210,3,88,87,3,3,1,-1,-1,-1
210,4,117,121,3,3,1,-1,-1,-1
211,1,45,69,3,3,1,-1,-1,-1
212,1,43,69,4,3,1,-1,-1,-1
213,1,38,68,3,3,1,-1,-1,-1
213,2,43,69,3,3,1,-1,-1,-1
214,1,42,69,3,3,1,-1,-1,-1
214,2,85,85,3,3,1,-1,-1,-1
215,1,127,0,3,2,1,-1,-1,-1
215,2,41,68,3,3,1,-1,-1,-1
216,1,40,68,3,3,1,-1,-1,-1
217,1,40,67,3,3,1,-1,-1,-1
218,1,39,67,3,3,1,-1,-1,-1
219,1,38,66,4,4,1,-1,-1,-1
220,1,38,66,3,3,1,-1,-1,-1
222,1,36,65,3,4,1,-1,-1,-1
222,2,79,82,3,3,1,-1,-1,-1
222,3,136,251,3,3,1,-1,-1,-1
222,4,143,253,3,3,1,-1,-1,-1
223,1,34,65,4,4,1,-1,-1,-1
224,1,34,65,3,3,1,-1,-1,-1
226,1,32,65,3,3,1,-1,-1,-1
227,1,32,64,3,3,1,-1,-1,-1
228,1,30,64,4,3,1,-1,-1,-1
229,1,30,63,3,3,1,-1,-1,-1
230,1,29,63,3,3,1,-1,-1,-1
232,1,28,62,3,3,1,-1,-1,-1
232,2,71,79,3,3,1,-1,-1,-1
232,3,141,253,3,3,1,-1,-1,-1
233,1,27,61,3,3,1,-1,-1,-1
235,1,25,61,3,3,1,-1,-1,-1
236,1,24,61,3,3,1,-1,-1,-1
240,1,22,59,3,3,1,-1,-1,-1
240,2,144,255,3,3,1,-1,-1,-1
241,1,21,58,3,3,1,-1,-1,-1
242,1,20,58,3,3,1,-1,-1,-1
243,1,19,57,4,4,1,-1,-1,-1
246,1,14,54,6,5,1,-1,-1,-1
247,1,17,55,3,3,1,-1,-1,-1
