1,1,1272,250,3,3,1,-1,-1,-1
1,2,1082,252,3,4,1,-1,-1,-1
1,3,1069,257,5,9,1,-1,-1,-1
1,4,1083,258,3,3,1,-1,-1,-1
1,5,1089,261,3,3,1,-1,-1,-1
1,6,1081,267,8,8,1,-1,-1,-1
1,7,1097,266,4,4,1,-1,-1,-1
1,8,1282,563,21,28,1,-1,-1,-1
2,1,1277,250,3,3,1,-1,-1,-1
2,2,1084,256,3,6,1,-1,-1,-1
2,3,1070,260,4,6,1,-1,-1,-1
2,4,1089,261,4,3,1,-1,-1,-1
2,5,1081,267,8,8,1,-1,-1,-1
2,6,1097,266,4,5,1,-1,-1,-1
2,7,1275,560,23,29,1,-1,-1,-1
3,1,1274,250,3,3,1,-1,-1,-1
3,2,1084,252,3,3,1,-1,-1,-1
3,3,1085,257,3,5,1,-1,-1,-1
3,4,1072,258,3,6,1,-1,-1,-1
3,5,1089,259,5,6,1,-1,-1,-1
3,6,1096,267,5,5,1,-1,-1,-1
3,7,1084,268,8,9,1,-1,-1,-1
3,8,1081,273,3,3,1,-1,-1,-1
4,1,1275,250,3,3,1,-1,-1,-1
4,2,1085,254,4,8,1,-1,-1,-1
4,3,1072,259,4,6,1,-1,-1,-1
4,4,1090,260,4,5,1,-1,-1,-1
4,5,1099,267,3,4,1,-1,-1,-1
4,6,1082,268,10,8,1,-1,-1,-1
5,1,1279,250,3,3,1,-1,-1,-1
5,2,1086,256,3,6,1,-1,-1,-1
5,3,1090,257,4,6,1,-1,-1,-1
5,4,1073,261,3,3,1,-1,-1,-1
5,5,1099,267,3,4,1,-1,-1,-1
5,6,1084,268,4,5,1,-1,-1,-1
5,7,1088,271,4,4,1,-1,-1,-1
6,1,1280,251,3,3,1,-1,-1,-1
6,2,1073,257,4,10,1,-1,-1,-1
6,3,1090,256,5,8,1,-1,-1,-1
6,4,1087,260,3,3,1,-1,-1,-1
6,5,1083,267,5,10,1,-1,-1,-1
6,6,1099,266,4,6,1,-1,-1,-1
7,1,1088,257,8,8,1,-1,-1,-1
7,2,1074,258,4,8,1,-1,-1,-1
7,3,1100,267,4,5,1,-1,-1,-1
7,4,1086,268,3,4,1,-1,-1,-1
7,5,1090,270,4,4,1,-1,-1,-1
8,1,1278,250,3,3,1,-1,-1,-1
8,2,1089,258,7,6,1,-1,-1,-1
8,3,1075,260,4,5,1,-1,-1,-1
8,4,1084,268,10,10,1,-1,-1,-1
8,5,1101,268,4,4,1,-1,-1,-1
8,6,1235,545,22,29,1,-1,-1,-1
9,1,1279,250,3,3,1,-1,-1,-1
9,2,1089,257,3,6,1,-1,-1,-1
9,3,1093,259,3,3,1,-1,-1,-1
9,4,1076,261,3,5,1,-1,-1,-1
9,5,1086,269,9,7,1,-1,-1,-1
9,6,1101,268,4,5,1,-1,-1,-1
9,9,1452,731,2,3,1,-1,-1,-1
10,1,1280,250,3,3,1,-1,-1,-1
10,2,1089,253,5,3,1,-1,-1,-1
10,3,1076,258,4,9,1,-1,-1,-1
10,4,1090,258,3,4,1,-1,-1,-1
10,5,1094,258,4,7,1,-1,-1,-1
10,6,1088,269,8,6,1,-1,-1,-1
10,7,1103,268,4,4,1,-1,-1,-1
11,1,1281,251,3,3,1,-1,-1,-1
11,2,1090,255,3,3,1,-1,-1,-1
11,3,1077,259,4,7,1,-1,-1,-1
11,4,1091,258,8,8,1,-1,-1,-1
11,5,1086,268,6,12,1,-1,-1,-1
11,6,1104,268,3,4,1,-1,-1,-1
11,7,1093,270,4,5,1,-1,-1,-1
12,1,1285,251,3,3,1,-1,-1,-1
12,2,1091,256,3,4,1,-1,-1,-1
12,3,1095,257,5,9,1,-1,-1,-1
12,4,1077,258,4,9,1,-1,-1,-1
12,5,1088,269,5,8,1,-1,-1,-1
12,6,1103,268,5,6,1,-1,-1,-1
12,7,1092,271,6,7,1,-1,-1,-1
13,1,1092,257,9,9,1,-1,-1,-1
13,2,1078,261,4,7,1,-1,-1,-1
13,3,1105,268,3,4,1,-1,-1,-1
13,4,1088,270,9,9,1,-1,-1,-1
14,1,1287,251,3,3,1,-1,-1,-1
14,2,1093,256,7,8,1,-1,-1,-1
14,3,1079,258,6,10,1,-1,-1,-1
14,4,1090,269,9,8,1,-1,-1,-1
14,5,1106,268,3,4,1,-1,-1,-1
15,1,1284,251,3,3,1,-1,-1,-1
15,2,1093,255,8,11,1,-1,-1,-1
15,3,1080,259,6,8,1,-1,-1,-1
15,4,1090,269,8,9,1,-1,-1,-1
15,5,1105,269,5,4,1,-1,-1,-1
16,1,1285,251,3,3,1,-1,-1,-1
16,2,1094,256,3,8,1,-1,-1,-1
16,3,1081,259,3,8,1,-1,-1,-1
16,4,1099,261,4,6,1,-1,-1,-1
16,5,1092,269,8,10,1,-1,-1,-1
16,6,1107,268,4,5,1,-1,-1,-1
16,7,1090,277,3,3,1,-1,-1,-1
17,1,1289,251,3,3,1,-1,-1,-1
17,2,1081,259,4,10,1,-1,-1,-1
17,3,1095,258,3,6,1,-1,-1,-1
17,4,1099,260,5,7,1,-1,-1,-1
17,5,1108,268,3,5,1,-1,-1,-1
17,6,1093,270,8,8,1,-1,-1,-1
18,1,1096,259,3,5,1,-1,-1,-1
18,2,1082,260,4,7,1,-1,-1,-1
18,3,1100,261,4,6,1,-1,-1,-1
18,4,1109,268,3,5,1,-1,-1,-1
18,5,1092,270,8,9,1,-1,-1,-1
19,1,1291,252,3,3,1,-1,-1,-1
19,2,1096,256,8,10,1,-1,-1,-1
19,3,1083,261,4,6,1,-1,-1,-1
19,4,1093,269,9,9,1,-1,-1,-1
19,5,1109,268,4,6,1,-1,-1,-1
20,1,1097,256,8,10,1,-1,-1,-1
20,2,1083,260,5,9,1,-1,-1,-1
20,3,1110,269,4,5,1,-1,-1,-1
20,4,1096,270,7,7,1,-1,-1,-1
21,1,1289,252,3,3,1,-1,-1,-1
21,2,1097,254,4,11,1,-1,-1,-1
21,3,1084,259,4,10,1,-1,-1,-1
21,4,1103,264,3,3,1,-1,-1,-1
21,5,1111,269,4,5,1,-1,-1,-1
21,6,1095,270,9,8,1,-1,-1,-1
22,1,1098,257,4,8,1,-1,-1,-1
22,2,1085,260,4,9,1,-1,-1,-1
22,3,1103,260,4,7,1,-1,-1,-1
22,4,1112,269,3,5,1,-1,-1,-1
22,5,1096,270,6,10,1,-1,-1,-1
22,6,1102,272,3,3,1,-1,-1,-1
22,7,1142,510,23,29,1,-1,-1,-1
22,9,1452,738,2,3,1,-1,-1,-1
23,1,1099,256,5,4,1,-1,-1,-1
23,2,1100,260,8,8,1,-1,-1,-1
23,3,1086,262,4,6,1,-1,-1,-1
23,4,1112,269,4,6,1,-1,-1,-1
23,5,1095,270,11,11,1,-1,-1,-1
23,6,1163,493,3,3,1,-1,-1,-1
24,1,1295,253,3,3,1,-1,-1,-1
24,2,1100,258,3,7,1,-1,-1,-1
24,3,1104,260,5,8,1,-1,-1,-1
24,4,1086,262,5,8,1,-1,-1,-1
24,5,1112,269,5,6,1,-1,-1,-1
24,6,1097,271,10,12,1,-1,-1,-1
25,1,1104,258,4,7,1,-1,-1,-1
25,2,1087,260,4,10,1,-1,-1,-1
25,3,1114,269,4,6,1,-1,-1,-1
25,4,1097,271,11,9,1,-1,-1,-1
26,1,1293,252,7,4,1,-1,-1,-1
26,2,1101,256,9,12,1,-1,-1,-1
26,3,1088,260,4,10,1,-1,-1,-1
26,4,1098,271,11,12,1,-1,-1,-1
26,5,1114,270,5,5,1,-1,-1,-1
27,1,1294,252,3,3,1,-1,-1,-1
27,2,1298,253,3,3,1,-1,-1,-1
27,3,1102,256,4,10,1,-1,-1,-1
27,4,1089,260,5,10,1,-1,-1,-1
27,5,1107,260,5,9,1,-1,-1,-1
27,6,1115,269,5,6,1,-1,-1,-1
27,7,1099,271,11,10,1,-1,-1,-1
27,9,1125,513,4,4,1,-1,-1,-1
28,1,1296,252,3,3,1,-1,-1,-1
28,2,1104,258,9,11,1,-1,-1,-1
28,3,1090,264,5,8,1,-1,-1,-1
28,4,1117,270,4,5,1,-1,-1,-1
28,5,1100,272,10,11,1,-1,-1,-1
29,1,1297,252,6,4,1,-1,-1,-1
29,2,1104,256,5,4,1,-1,-1,-1
29,3,1091,261,6,9,1,-1,-1,-1
29,4,1105,260,9,9,1,-1,-1,-1
29,5,1116,271,6,5,1,-1,-1,-1
29,6,1101,272,10,8,1,-1,-1,-1
30,1,1298,252,3,4,1,-1,-1,-1
30,2,1105,256,10,13,1,-1,-1,-1
30,3,1092,261,7,10,1,-1,-1,-1
30,4,1102,271,10,12,1,-1,-1,-1
30,5,1117,270,6,6,1,-1,-1,-1
31,1,1298,253,4,3,1,-1,-1,-1
31,2,1106,256,10,13,1,-1,-1,-1
31,3,1093,262,6,10,1,-1,-1,-1
31,4,1118,270,6,6,1,-1,-1,-1
31,5,1103,272,11,11,1,-1,-1,-1
31,7,1093,501,3,3,1,-1,-1,-1
32,1,1108,256,8,13,1,-1,-1,-1
32,2,1094,260,4,11,1,-1,-1,-1
32,3,1120,271,5,5,1,-1,-1,-1
32,4,1104,272,10,10,1,-1,-1,-1
33,1,1301,253,3,3,1,-1,-1,-1
33,2,1108,258,9,11,1,-1,-1,-1
33,3,1094,263,5,9,1,-1,-1,-1
33,4,1120,271,6,6,1,-1,-1,-1
33,5,1104,272,11,11,1,-1,-1,-1
34,1,1109,259,9,10,1,-1,-1,-1
34,2,1096,262,4,8,1,-1,-1,-1
34,3,1107,272,9,9,1,-1,-1,-1
34,4,1122,272,4,4,1,-1,-1,-1
34,5,1105,280,3,3,1,-1,-1,-1
35,1,1303,253,3,3,1,-1,-1,-1
35,2,1096,261,6,11,1,-1,-1,-1
35,3,1110,260,3,7,1,-1,-1,-1
35,4,1114,263,5,7,1,-1,-1,-1
35,5,1123,271,4,5,1,-1,-1,-1
35,6,1106,272,10,11,1,-1,-1,-1
36,1,1110,256,6,4,1,-1,-1,-1
36,2,1111,261,9,10,1,-1,-1,-1
36,3,1097,262,4,10,1,-1,-1,-1
36,4,1123,271,4,6,1,-1,-1,-1
36,5,1107,272,8,11,1,-1,-1,-1
37,1,1304,254,3,3,1,-1,-1,-1
37,2,1308,255,3,3,1,-1,-1,-1
37,3,1111,258,3,3,1,-1,-1,-1
37,4,1098,262,6,10,1,-1,-1,-1
37,5,1112,262,8,8,1,-1,-1,-1
37,6,1109,272,9,9,1,-1,-1,-1
37,7,1124,272,5,5,1,-1,-1,-1
37,10,1452,747,2,3,1,-1,-1,-1
38,1,1099,263,4,9,1,-1,-1,-1
38,2,1113,262,3,6,1,-1,-1,-1
38,3,1117,264,5,7,1,-1,-1,-1
38,4,1125,271,4,6,1,-1,-1,-1
38,5,1109,273,10,9,1,-1,-1,-1
39,1,1306,254,4,4,1,-1,-1,-1
39,2,1113,259,9,12,1,-1,-1,-1
39,3,1100,264,4,7,1,-1,-1,-1
39,4,1109,273,11,11,1,-1,-1,-1
39,5,1126,272,5,5,1,-1,-1,-1
40,1,1311,256,3,3,1,-1,-1,-1
40,2,1114,260,3,3,1,-1,-1,-1
40,3,1101,262,4,8,1,-1,-1,-1
40,4,1114,264,9,7,1,-1,-1,-1
40,5,1110,273,11,11,1,-1,-1,-1
40,6,1126,273,5,4,1,-1,-1,-1
41,1,1115,261,9,10,1,-1,-1,-1
41,2,1101,264,5,8,1,-1,-1,-1
41,3,1113,273,7,11,1,-1,-1,-1
41,4,1128,272,4,5,1,-1,-1,-1
42,1,1309,255,3,4,1,-1,-1,-1
42,2,1116,261,9,10,1,-1,-1,-1
42,3,1102,264,4,8,1,-1,-1,-1
42,4,1112,273,11,10,1,-1,-1,-1
42,5,1129,272,4,5,1,-1,-1,-1
43,1,1103,263,4,9,1,-1,-1,-1
43,2,1117,263,3,6,1,-1,-1,-1
43,3,1121,264,4,6,1,-1,-1,-1
43,4,1114,273,9,10,1,-1,-1,-1
43,5,1128,273,6,5,1,-1,-1,-1
43,7,1015,456,11,13,1,-1,-1,-1
43,8,1009,469,27,18,1,-1,-1,-1
44,1,1116,257,5,12,1,-1,-1,-1
44,2,1104,263,7,9,1,-1,-1,-1
44,3,1122,265,5,7,1,-1,-1,-1
44,4,1130,273,5,5,1,-1,-1,-1
44,5,1115,274,10,11,1,-1,-1,-1
45,1,1315,257,3,3,1,-1,-1,-1
45,2,1119,263,8,8,1,-1,-1,-1
45,3,1105,264,4,8,1,-1,-1,-1
45,4,1132,273,3,5,1,-1,-1,-1
45,5,1115,274,5,9,1,-1,-1,-1
45,6,1121,276,4,4,1,-1,-1,-1
46,1,1316,257,3,3,1,-1,-1,-1
46,2,1119,262,9,10,1,-1,-1,-1
46,3,1106,264,4,8,1,-1,-1,-1
46,4,1132,273,4,5,1,-1,-1,-1
46,5,1116,274,10,8,1,-1,-1,-1
47,1,1314,256,6,4,1,-1,-1,-1
47,2,1119,262,4,6,1,-1,-1,-1
47,3,1106,265,4,9,1,-1,-1,-1
47,4,1125,268,5,4,1,-1,-1,-1
47,5,1133,273,4,5,1,-1,-1,-1
47,6,1116,274,11,13,1,-1,-1,-1
47,9,1445,509,3,3,1,-1,-1,-1
48,1,1314,256,3,4,1,-1,-1,-1
48,2,1318,257,3,3,1,-1,-1,-1
48,3,1120,260,10,12,1,-1,-1,-1
48,4,1107,264,4,9,1,-1,-1,-1
48,5,1134,273,4,5,1,-1,-1,-1
48,6,1117,275,11,9,1,-1,-1,-1
49,1,1121,260,10,12,1,-1,-1,-1
49,2,1108,264,7,9,1,-1,-1,-1
49,3,1134,273,5,6,1,-1,-1,-1
49,4,1117,274,11,12,1,-1,-1,-1
50,1,1122,261,4,9,1,-1,-1,-1
50,2,1109,265,4,9,1,-1,-1,-1
50,3,1127,265,4,7,1,-1,-1,-1
50,4,1119,274,8,10,1,-1,-1,-1
50,5,1136,274,3,4,1,-1,-1,-1
50,7,952,437,3,3,1,-1,-1,-1
51,1,1317,257,3,3,1,-1,-1,-1
51,2,1321,258,3,3,1,-1,-1,-1
51,3,1123,261,9,11,1,-1,-1,-1
51,4,1110,265,4,7,1,-1,-1,-1
51,5,1120,275,9,9,1,-1,-1,-1
51,6,1137,275,3,3,1,-1,-1,-1
51,7,938,431,23,30,1,-1,-1,-1
51,8,964,436,10,10,1,-1,-1,-1
51,9,957,448,27,19,1,-1,-1,-1
52,1,1318,257,3,3,1,-1,-1,-1
52,2,1322,258,3,3,1,-1,-1,-1
52,3,1124,261,10,12,1,-1,-1,-1
52,4,1110,264,5,10,1,-1,-1,-1
52,5,1137,273,5,6,1,-1,-1,-1
52,6,1120,275,11,10,1,-1,-1,-1
52,8,938,432,3,3,1,-1,-1,-1
52,9,958,434,9,10,1,-1,-1,-1
52,10,952,445,25,19,1,-1,-1,-1
53,1,1319,257,3,3,1,-1,-1,-1
53,2,1323,258,3,3,1,-1,-1,-1
53,3,1125,262,6,7,1,-1,-1,-1
53,4,1112,265,3,7,1,-1,-1,-1
53,5,1129,266,5,6,1,-1,-1,-1
53,6,1121,275,11,12,1,-1,-1,-1
53,7,1138,274,4,5,1,-1,-1,-1
53,9,952,431,8,10,1,-1,-1,-1
53,10,946,442,24,20,1,-1,-1,-1
54,1,1320,257,3,4,1,-1,-1,-1
54,2,1125,261,9,11,1,-1,-1,-1
54,3,1112,265,5,9,1,-1,-1,-1
54,4,1122,275,11,10,1,-1,-1,-1
54,5,1139,274,4,5,1,-1,-1,-1
54,6,918,424,24,30,1,-1,-1,-1
55,1,1321,258,3,3,1,-1,-1,-1
55,2,1126,262,10,11,1,-1,-1,-1
55,3,1113,266,4,9,1,-1,-1,-1
55,4,1122,275,12,12,1,-1,-1,-1
55,5,1140,274,4,5,1,-1,-1,-1
55,6,850,378,3,3,1,-1,-1,-1
55,8,939,426,8,9,1,-1,-1,-1
55,9,932,436,26,20,1,-1,-1,-1
56,1,1322,258,6,4,1,-1,-1,-1
56,2,1126,262,5,9,1,-1,-1,-1
56,3,1114,266,4,8,1,-1,-1,-1
56,4,1132,266,5,7,1,-1,-1,-1
56,5,1124,275,10,10,1,-1,-1,-1
56,6,1140,274,5,6,1,-1,-1,-1
57,1,1326,258,3,4,1,-1,-1,-1
57,2,1128,263,9,10,1,-1,-1,-1
57,3,1115,267,4,7,1,-1,-1,-1
57,4,1125,275,10,12,1,-1,-1,-1
57,5,1141,275,4,5,1,-1,-1,-1
58,1,1327,259,3,3,1,-1,-1,-1
58,2,1129,263,3,8,1,-1,-1,-1
58,3,1116,266,4,8,1,-1,-1,-1
58,4,1133,266,3,3,1,-1,-1,-1
58,5,1134,270,3,3,1,-1,-1,-1
58,6,1141,275,5,5,1,-1,-1,-1
58,7,1125,276,11,11,1,-1,-1,-1
59,1,1325,258,3,3,1,-1,-1,-1
59,2,1129,261,9,12,1,-1,-1,-1
59,3,1116,266,4,9,1,-1,-1,-1
59,4,1143,275,4,5,1,-1,-1,-1
59,5,1126,276,10,10,1,-1,-1,-1
59,6,922,384,3,3,1,-1,-1,-1
60,1,1325,259,3,3,1,-1,-1,-1
60,2,1130,260,10,14,1,-1,-1,-1
60,3,1329,260,3,3,1,-1,-1,-1
60,4,1117,266,4,9,1,-1,-1,-1
60,5,1144,275,4,5,1,-1,-1,-1
60,6,1129,276,8,11,1,-1,-1,-1
60,7,916,383,3,4,1,-1,-1,-1
61,1,1118,267,4,7,1,-1,-1,-1
61,2,1132,266,8,8,1,-1,-1,-1
61,3,1143,275,6,6,1,-1,-1,-1
61,4,1128,278,10,7,1,-1,-1,-1
62,1,1132,263,9,11,1,-1,-1,-1
62,2,1118,267,5,9,1,-1,-1,-1
62,3,1145,275,4,5,1,-1,-1,-1
62,4,1128,276,11,11,1,-1,-1,-1
63,1,1332,260,3,3,1,-1,-1,-1
63,2,1133,264,3,8,1,-1,-1,-1
63,3,1137,267,4,6,1,-1,-1,-1
63,4,1119,268,5,8,1,-1,-1,-1
63,5,1131,276,9,11,1,-1,-1,-1
63,6,1146,276,4,5,1,-1,-1,-1
63,7,1129,284,3,3,1,-1,-1,-1
63,9,359,663,4,3,1,-1,-1,-1
64,1,1329,259,6,5,1,-1,-1,-1
64,2,1133,261,3,3,1,-1,-1,-1
64,3,1134,264,10,11,1,-1,-1,-1
64,4,1120,267,4,9,1,-1,-1,-1
64,5,1147,275,4,7,1,-1,-1,-1
64,6,1131,277,10,10,1,-1,-1,-1
64,7,892,368,3,4,1,-1,-1,-1
65,1,1330,259,6,5,1,-1,-1,-1
65,2,1120,267,5,10,1,-1,-1,-1
65,3,1135,266,7,6,1,-1,-1,-1
65,4,1147,275,5,6,1,-1,-1,-1
65,5,1130,277,11,11,1,-1,-1,-1
66,1,1334,261,3,3,1,-1,-1,-1
66,2,1135,264,4,8,1,-1,-1,-1
66,3,1122,268,4,7,1,-1,-1,-1
66,4,1140,269,4,6,1,-1,-1,-1
66,5,1133,277,10,8,1,-1,-1,-1
66,6,1148,276,5,6,1,-1,-1,-1
67,1,1332,260,6,4,1,-1,-1,-1
67,2,1137,263,4,3,1,-1,-1,-1
67,3,1136,267,9,8,1,-1,-1,-1
67,4,1122,269,5,9,1,-1,-1,-1
67,5,1133,277,11,11,1,-1,-1,-1
67,6,1148,276,6,6,1,-1,-1,-1
67,7,871,361,5,5,1,-1,-1,-1
68,1,1336,261,3,3,1,-1,-1,-1
68,2,1137,265,3,7,1,-1,-1,-1
68,3,1141,267,5,8,1,-1,-1,-1
68,4,1123,269,5,8,1,-1,-1,-1
68,5,1133,277,11,13,1,-1,-1,-1
68,6,1150,276,4,6,1,-1,-1,-1
68,7,860,356,11,9,1,-1,-1,-1
68,8,851,361,8,5,1,-1,-1,-1
69,1,1137,262,3,4,1,-1,-1,-1
69,2,1124,267,5,9,1,-1,-1,-1
69,3,1138,267,8,7,1,-1,-1,-1
69,4,1134,277,10,11,1,-1,-1,-1
69,5,1150,276,5,6,1,-1,-1,-1
69,6,844,352,21,14,1,-1,-1,-1
69,7,820,385,22,30,1,-1,-1,-1
70,1,1125,267,4,10,1,-1,-1,-1
70,2,1139,267,3,6,1,-1,-1,-1
70,3,1143,268,4,7,1,-1,-1,-1
70,4,1151,277,5,5,1,-1,-1,-1
70,5,1135,278,10,10,1,-1,-1,-1
70,6,841,353,15,12,1,-1,-1,-1
70,7,867,356,3,3,1,-1,-1,-1
71,1,1140,266,9,10,1,-1,-1,-1
71,2,1126,269,4,7,1,-1,-1,-1
71,3,1153,277,4,5,1,-1,-1,-1
71,4,1136,278,11,12,1,-1,-1,-1
71,5,838,348,13,14,1,-1,-1,-1
71,6,860,353,4,5,1,-1,-1,-1
72,1,1336,261,3,3,1,-1,-1,-1
72,2,1140,265,3,4,1,-1,-1,-1
72,3,1141,267,8,9,1,-1,-1,-1
72,4,1127,269,4,7,1,-1,-1,-1
72,5,1137,278,11,11,1,-1,-1,-1
72,6,1152,278,5,5,1,-1,-1,-1
72,7,837,347,7,5,1,-1,-1,-1
72,8,852,353,3,3,1,-1,-1,-1
72,9,846,360,14,6,1,-1,-1,-1
73,1,1337,261,3,3,1,-1,-1,-1
73,2,1127,267,5,10,1,-1,-1,-1
73,3,1141,266,9,10,1,-1,-1,-1
73,4,1153,276,5,7,1,-1,-1,-1
73,5,1138,278,10,9,1,-1,-1,-1
73,6,830,344,8,8,1,-1,-1,-1
73,7,843,356,17,11,1,-1,-1,-1
74,1,1341,262,3,4,1,-1,-1,-1
74,2,1142,267,4,7,1,-1,-1,-1
74,3,1128,268,6,9,1,-1,-1,-1
74,4,1147,272,4,5,1,-1,-1,-1
74,5,1154,277,5,6,1,-1,-1,-1
74,6,1138,279,10,12,1,-1,-1,-1
74,7,825,342,5,5,1,-1,-1,-1
74,8,840,344,6,6,1,-1,-1,-1
74,9,842,355,14,10,1,-1,-1,-1
75,1,1339,261,6,5,1,-1,-1,-1
75,2,1142,265,4,9,1,-1,-1,-1
75,3,1147,269,4,7,1,-1,-1,-1
75,4,1129,270,4,8,1,-1,-1,-1
75,5,1155,277,4,6,1,-1,-1,-1
75,6,1140,279,9,10,1,-1,-1,-1
75,7,835,343,3,5,1,-1,-1,-1
75,8,842,354,7,8,1,-1,-1,-1
76,1,1142,262,3,4,1,-1,-1,-1
76,2,1343,263,3,3,1,-1,-1,-1
76,3,1143,267,4,7,1,-1,-1,-1
76,4,1130,268,7,10,1,-1,-1,-1
76,5,1148,272,5,5,1,-1,-1,-1
76,6,1156,277,4,6,1,-1,-1,-1
76,7,1139,278,11,12,1,-1,-1,-1
76,8,812,332,7,10,1,-1,-1,-1
76,9,835,352,5,3,1,-1,-1,-1
77,1,1344,263,3,3,1,-1,-1,-1
77,2,1143,264,10,12,1,-1,-1,-1
77,3,1130,272,5,7,1,-1,-1,-1
77,4,1141,279,5,9,1,-1,-1,-1
77,5,1156,278,6,6,1,-1,-1,-1
77,6,1147,281,4,4,1,-1,-1,-1
77,7,805,335,5,4,1,-1,-1,-1
78,1,1143,263,11,14,1,-1,-1,-1
78,2,1341,262,3,3,1,-1,-1,-1
78,3,1345,263,3,3,1,-1,-1,-1
78,4,1132,270,4,7,1,-1,-1,-1
78,5,1141,279,11,12,1,-1,-1,-1
78,6,1158,278,4,5,1,-1,-1,-1
78,7,799,330,6,6,1,-1,-1,-1
78,8,824,346,3,3,1,-1,-1,-1
79,1,1145,264,9,12,1,-1,-1,-1
79,2,1132,268,4,11,1,-1,-1,-1
79,3,1158,279,5,5,1,-1,-1,-1
79,4,1142,280,11,11,1,-1,-1,-1
79,5,791,328,7,6,1,-1,-1,-1
80,1,1343,263,3,3,1,-1,-1,-1
80,2,1146,267,9,10,1,-1,-1,-1
80,3,1133,268,4,11,1,-1,-1,-1
80,4,1159,278,5,6,1,-1,-1,-1
80,5,1144,280,10,11,1,-1,-1,-1
80,6,793,319,3,3,1,-1,-1,-1
80,7,788,325,4,6,1,-1,-1,-1
81,1,1146,264,3,3,1,-1,-1,-1
81,2,1347,264,3,3,1,-1,-1,-1
81,3,1133,269,5,9,1,-1,-1,-1
81,4,1147,268,9,9,1,-1,-1,-1
81,5,1160,278,4,6,1,-1,-1,-1
81,6,1143,280,11,11,1,-1,-1,-1
81,7,786,317,3,3,1,-1,-1,-1
81,8,780,321,7,9,1,-1,-1,-1
82,1,1344,263,3,3,1,-1,-1,-1
82,2,1348,264,3,3,1,-1,-1,-1
82,3,1134,269,6,9,1,-1,-1,-1
82,4,1148,268,9,10,1,-1,-1,-1
82,5,1161,279,3,5,1,-1,-1,-1
82,6,1144,280,11,10,1,-1,-1,-1
82,7,779,313,3,4,1,-1,-1,-1
82,8,771,319,9,7,1,-1,-1,-1
83,1,1345,263,3,3,1,-1,-1,-1
83,2,1349,265,3,3,1,-1,-1,-1
83,3,1149,268,6,8,1,-1,-1,-1
83,4,1135,270,4,10,1,-1,-1,-1
83,5,1153,272,5,6,1,-1,-1,-1
83,6,1160,279,6,6,1,-1,-1,-1
83,7,1145,280,11,11,1,-1,-1,-1
83,8,772,311,4,3,1,-1,-1,-1
83,9,766,317,6,6,1,-1,-1,-1
83,10,783,320,4,4,1,-1,-1,-1
84,1,1149,265,10,13,1,-1,-1,-1
84,2,1346,264,3,3,1,-1,-1,-1
84,3,1136,269,5,10,1,-1,-1,-1
84,4,1162,279,4,6,1,-1,-1,-1
84,5,1145,280,12,12,1,-1,-1,-1
84,6,765,308,5,6,1,-1,-1,-1
84,7,750,315,17,9,1,-1,-1,-1
85,1,1149,264,3,4,1,-1,-1,-1
85,2,1347,264,3,3,1,-1,-1,-1
85,3,1151,268,8,10,1,-1,-1,-1
85,4,1137,273,4,6,1,-1,-1,-1
85,5,1163,279,4,6,1,-1,-1,-1
85,6,1147,281,11,10,1,-1,-1,-1
85,7,759,305,4,5,1,-1,-1,-1
85,8,744,313,16,11,1,-1,-1,-1
85,9,769,317,3,3,1,-1,-1,-1
85,10,772,323,10,6,1,-1,-1,-1
86,1,1348,264,3,3,1,-1,-1,-1
86,2,1151,269,8,9,1,-1,-1,-1
86,3,1138,270,4,8,1,-1,-1,-1
86,4,1147,281,11,10,1,-1,-1,-1
86,5,1162,280,6,5,1,-1,-1,-1
86,6,754,302,3,3,1,-1,-1,-1
86,7,741,310,12,12,1,-1,-1,-1
86,8,754,320,5,3,1,-1,-1,-1
86,9,772,324,5,4,1,-1,-1,-1
87,1,1349,264,3,4,1,-1,-1,-1
87,2,1138,269,4,11,1,-1,-1,-1
87,3,1152,269,9,10,1,-1,-1,-1
87,4,1148,280,9,11,1,-1,-1,-1
87,5,1165,280,4,5,1,-1,-1,-1
87,6,748,300,3,3,1,-1,-1,-1
87,7,741,307,6,6,1,-1,-1,-1
87,8,742,314,4,4,1,-1,-1,-1
87,9,748,317,14,7,1,-1,-1,-1
87,10,763,320,3,3,1,-1,-1,-1
88,1,1353,266,3,3,1,-1,-1,-1
88,2,1153,269,9,10,1,-1,-1,-1
88,3,1139,270,6,10,1,-1,-1,-1
88,4,1149,281,10,12,1,-1,-1,-1
88,5,1166,280,4,5,1,-1,-1,-1
88,6,740,297,4,4,1,-1,-1,-1
88,7,737,305,3,3,1,-1,-1,-1
88,8,744,315,19,8,1,-1,-1,-1
89,1,1153,267,10,12,1,-1,-1,-1
89,2,1140,272,4,7,1,-1,-1,-1
89,3,1166,281,4,5,1,-1,-1,-1
89,4,1149,282,12,10,1,-1,-1,-1
89,5,730,295,8,9,1,-1,-1,-1
89,6,748,299,3,3,1,-1,-1,-1
89,7,744,314,15,9,1,-1,-1,-1
90,1,1153,265,3,3,1,-1,-1,-1
90,2,1351,265,3,3,1,-1,-1,-1
90,3,1355,266,3,3,1,-1,-1,-1
90,4,1154,269,3,7,1,-1,-1,-1
90,5,1140,272,4,7,1,-1,-1,-1
90,6,1158,272,6,8,1,-1,-1,-1
90,7,1167,281,4,5,1,-1,-1,-1
90,8,1150,282,9,9,1,-1,-1,-1
90,9,728,292,4,3,1,-1,-1,-1
90,10,723,296,6,8,1,-1,-1,-1
90,11,741,297,3,4,1,-1,-1,-1
90,12,743,312,10,8,1,-1,-1,-1
91,1,1352,265,3,3,1,-1,-1,-1
91,2,1154,266,3,6,1,-1,-1,-1
91,3,1141,271,5,9,1,-1,-1,-1
91,4,1159,273,4,6,1,-1,-1,-1
91,5,1155,274,3,3,1,-1,-1,-1
91,6,1150,281,12,11,1,-1,-1,-1
91,7,1167,281,5,5,1,-1,-1,-1
91,8,720,289,5,7,1,-1,-1,-1
91,9,734,294,5,4,1,-1,-1,-1
91,10,743,313,3,5,1,-1,-1,-1
92,1,1353,265,3,3,1,-1,-1,-1
92,2,1155,270,9,9,1,-1,-1,-1
92,3,1141,272,5,9,1,-1,-1,-1
92,4,1168,281,4,5,1,-1,-1,-1
92,5,1151,282,11,11,1,-1,-1,-1
92,6,707,286,11,12,1,-1,-1,-1
92,7,728,291,3,3,1,-1,-1,-1
93,1,1353,265,7,5,1,-1,-1,-1
93,2,1156,268,5,4,1,-1,-1,-1
93,3,1143,271,4,9,1,-1,-1,-1
93,4,1157,272,7,6,1,-1,-1,-1
93,5,1169,281,4,5,1,-1,-1,-1
93,6,1153,282,10,11,1,-1,-1,-1
93,7,704,287,6,9,1,-1,-1,-1
93,8,720,291,4,4,1,-1,-1,-1
94,1,1156,267,7,10,1,-1,-1,-1
94,2,1143,273,4,8,1,-1,-1,-1
94,3,1161,273,5,7,1,-1,-1,-1
94,4,702,282,3,3,1,-1,-1,-1
94,5,1153,282,10,11,1,-1,-1,-1
94,6,1171,282,3,4,1,-1,-1,-1
94,7,714,287,4,6,1,-1,-1,-1
94,8,698,288,3,3,1,-1,-1,-1
95,1,1157,266,3,4,1,-1,-1,-1
95,2,1144,272,4,9,1,-1,-1,-1
95,3,1158,272,3,6,1,-1,-1,-1
95,4,1162,273,4,7,1,-1,-1,-1
95,5,695,279,4,4,1,-1,-1,-1
95,6,1170,281,4,6,1,-1,-1,-1
95,7,709,283,3,4,1,-1,-1,-1
95,8,1155,283,10,9,1,-1,-1,-1
95,9,706,288,4,4,1,-1,-1,-1
96,1,1356,266,6,5,1,-1,-1,-1
96,2,1158,269,10,11,1,-1,-1,-1
96,3,689,275,4,5,1,-1,-1,-1
96,4,1145,275,4,7,1,-1,-1,-1
96,5,702,281,3,4,1,-1,-1,-1
96,6,1156,282,10,10,1,-1,-1,-1
96,7,1171,282,4,5,1,-1,-1,-1
96,8,1154,291,3,3,1,-1,-1,-1
97,1,1356,266,7,5,1,-1,-1,-1
97,2,1159,269,9,11,1,-1,-1,-1
97,3,683,273,4,3,1,-1,-1,-1
97,4,1145,272,7,10,1,-1,-1,-1
97,5,1172,281,4,6,1,-1,-1,-1
97,6,1155,283,8,11,1,-1,-1,-1
97,7,1163,285,3,3,1,-1,-1,-1
98,1,1159,267,4,11,1,-1,-1,-1
98,2,1361,268,3,3,1,-1,-1,-1
98,3,676,270,4,4,1,-1,-1,-1
98,4,1146,273,4,8,1,-1,-1,-1
98,5,1164,273,4,7,1,-1,-1,-1
98,6,689,275,4,5,1,-1,-1,-1
98,7,1157,283,10,9,1,-1,-1,-1
98,8,1173,282,4,5,1,-1,-1,-1
99,1,671,267,3,3,1,-1,-1,-1
99,2,664,271,7,9,1,-1,-1,-1
99,3,653,273,8,9,1,-1,-1,-1
99,4,682,273,4,5,1,-1,-1,-1
99,5,1161,272,8,8,1,-1,-1,-1
99,6,1147,274,4,7,1,-1,-1,-1
99,7,1157,283,10,10,1,-1,-1,-1
99,8,1172,282,6,6,1,-1,-1,-1
100,1,663,265,4,3,1,-1,-1,-1
100,2,646,269,19,13,1,-1,-1,-1
100,3,1161,268,9,13,1,-1,-1,-1
100,4,676,270,4,4,1,-1,-1,-1
100,5,1148,273,6,9,1,-1,-1,-1
100,6,1174,282,4,5,1,-1,-1,-1
100,7,1158,285,10,9,1,-1,-1,-1
101,1,656,262,4,5,1,-1,-1,-1
101,2,1360,267,3,4,1,-1,-1,-1
101,3,642,268,16,13,1,-1,-1,-1
101,4,1161,268,10,13,1,-1,-1,-1
101,5,1148,275,5,7,1,-1,-1,-1
101,6,1158,283,11,11,1,-1,-1,-1
101,7,1175,282,5,6,1,-1,-1,-1
102,1,649,260,5,5,1,-1,-1,-1
102,2,663,264,5,4,1,-1,-1,-1
102,3,638,267,13,12,1,-1,-1,-1
102,4,1162,267,3,3,1,-1,-1,-1
102,5,1149,273,5,10,1,-1,-1,-1
102,6,1163,272,3,6,1,-1,-1,-1
102,7,1167,273,5,8,1,-1,-1,-1
102,8,1176,283,4,5,1,-1,-1,-1
102,9,1160,284,10,8,1,-1,-1,-1
102,10,600,298,22,30,1,-1,-1,-1
103,1,644,257,4,4,1,-1,-1,-1
103,2,638,262,7,8,1,-1,-1,-1
103,3,657,262,4,5,1,-1,-1,-1
103,4,1361,267,3,3,1,-1,-1,-1
103,5,1163,268,10,13,1,-1,-1,-1
103,6,1365,269,3,3,1,-1,-1,-1
103,7,1150,273,4,9,1,-1,-1,-1
103,8,649,274,13,7,1,-1,-1,-1
103,9,1160,284,10,10,1,-1,-1,-1
103,10,1176,284,5,4,1,-1,-1,-1
104,1,638,254,4,4,1,-1,-1,-1
104,2,649,259,5,8,1,-1,-1,-1
104,3,635,262,3,3,1,-1,-1,-1
104,4,1362,268,3,3,1,-1,-1,-1
104,5,644,270,18,12,1,-1,-1,-1
104,6,1165,270,7,10,1,-1,-1,-1
104,7,1150,275,5,8,1,-1,-1,-1
104,8,1160,284,12,11,1,-1,-1,-1
104,9,1177,284,4,4,1,-1,-1,-1
105,1,631,252,4,3,1,-1,-1,-1
105,2,644,256,6,5,1,-1,-1,-1
105,3,639,263,4,3,1,-1,-1,-1
105,4,642,268,16,13,1,-1,-1,-1
105,5,1165,270,9,12,1,-1,-1,-1
105,6,1152,276,4,6,1,-1,-1,-1
105,7,1177,283,5,6,1,-1,-1,-1
105,8,1161,284,11,10,1,-1,-1,-1
106,1,625,249,4,4,1,-1,-1,-1
106,2,638,254,4,3,1,-1,-1,-1
106,3,640,268,11,10,1,-1,-1,-1
106,4,1364,268,3,3,1,-1,-1,-1
106,5,1152,273,6,10,1,-1,-1,-1
106,6,1166,272,8,9,1,-1,-1,-1
106,7,1179,283,4,6,1,-1,-1,-1
106,8,1163,285,6,10,1,-1,-1,-1
106,9,1169,287,3,4,1,-1,-1,-1
107,1,619,246,3,4,1,-1,-1,-1
107,2,631,251,5,4,1,-1,-1,-1
107,3,637,267,3,3,1,-1,-1,-1
107,4,1167,273,3,7,1,-1,-1,-1
107,5,1153,274,6,10,1,-1,-1,-1
107,6,1171,274,4,7,1,-1,-1,-1
107,7,1180,283,3,6,1,-1,-1,-1
107,9,1164,285,9,8,1,-1,-1,-1
108,1,625,249,4,3,1,-1,-1,-1
108,2,1167,271,9,11,1,-1,-1,-1
108,3,1154,274,6,9,1,-1,-1,-1
108,5,1165,285,9,11,1,-1,-1,-1
108,6,1179,284,5,6,1,-1,-1,-1
109,1,606,241,4,3,1,-1,-1,-1
109,2,619,246,3,4,1,-1,-1,-1
109,3,1167,269,11,14,1,-1,-1,-1
109,4,1366,269,3,3,1,-1,-1,-1
109,5,1370,270,3,3,1,-1,-1,-1
109,6,1154,275,7,8,1,-1,-1,-1
109,9,1164,285,11,11,1,-1,-1,-1
109,10,1179,284,7,6,1,-1,-1,-1
110,1,599,238,4,3,1,-1,-1,-1
110,2,1168,269,4,11,1,-1,-1,-1
110,3,1367,269,3,3,1,-1,-1,-1
110,4,1173,273,5,9,1,-1,-1,-1
110,6,1156,277,5,6,1,-1,-1,-1
110,8,1165,285,11,11,1,-1,-1,-1
110,9,1182,284,5,5,1,-1,-1,-1
111,1,593,236,3,3,1,-1,-1,-1
111,2,606,241,4,4,1,-1,-1,-1
111,3,1368,269,3,3,1,-1,-1,-1
111,4,1169,270,9,13,1,-1,-1,-1
111,6,1156,275,7,10,1,-1,-1,-1
111,8,1182,284,5,6,1,-1,-1,-1
111,9,1166,286,11,10,1,-1,-1,-1
112,1,587,233,4,4,1,-1,-1,-1
112,2,600,238,3,4,1,-1,-1,-1
112,3,582,240,3,4,1,-1,-1,-1
112,4,1372,271,3,3,1,-1,-1,-1
112,6,1170,272,9,11,1,-1,-1,-1
112,8,1157,276,4,8,1,-1,-1,-1
112,9,1166,285,12,11,1,-1,-1,-1
112,10,1183,285,5,5,1,-1,-1,-1
113,1,579,231,5,6,1,-1,-1,-1
113,3,1373,271,3,3,1,-1,-1,-1
113,4,1171,272,9,11,1,-1,-1,-1
113,6,1158,275,4,9,1,-1,-1,-1
113,7,1168,285,10,11,1,-1,-1,-1
113,8,1185,285,4,5,1,-1,-1,-1
114,1,568,228,9,12,1,-1,-1,-1
114,2,587,233,4,4,1,-1,-1,-1
114,4,1370,270,3,3,1,-1,-1,-1
114,6,1172,273,7,8,1,-1,-1,-1
114,7,1158,275,5,10,1,-1,-1,-1
114,8,1177,280,4,4,1,-1,-1,-1
114,9,1184,285,5,6,1,-1,-1,-1
114,10,1168,286,12,11,1,-1,-1,-1
115,1,552,231,15,9,1,-1,-1,-1
115,2,581,230,4,4,1,-1,-1,-1
115,5,1173,275,3,7,1,-1,-1,-1
115,6,1159,277,4,8,1,-1,-1,-1
115,7,1177,276,5,8,1,-1,-1,-1
115,8,1184,285,6,6,1,-1,-1,-1
115,9,1169,286,11,10,1,-1,-1,-1
116,1,545,224,18,18,1,-1,-1,-1
116,4,1173,272,9,12,1,-1,-1,-1
116,5,1160,275,4,10,1,-1,-1,-1
116,6,1170,286,12,12,1,-1,-1,-1
116,7,1186,286,5,5,1,-1,-1,-1
117,1,555,219,3,4,1,-1,-1,-1
117,2,567,225,4,4,1,-1,-1,-1
117,3,541,227,16,13,1,-1,-1,-1
117,6,1372,271,3,3,1,-1,-1,-1
117,7,1177,272,3,3,1,-1,-1,-1
117,8,1376,272,3,3,1,-1,-1,-1
117,9,1175,276,7,6,1,-1,-1,-1
117,10,1161,279,4,6,1,-1,-1,-1
117,11,1171,287,11,9,1,-1,-1,-1
117,12,1187,286,4,5,1,-1,-1,-1
118,1,549,217,3,4,1,-1,-1,-1
118,2,561,222,3,3,1,-1,-1,-1
118,3,540,226,10,11,1,-1,-1,-1
118,4,550,235,8,5,1,-1,-1,-1
118,7,1373,271,3,3,1,-1,-1,-1
118,8,1175,274,9,10,1,-1,-1,-1
118,9,1161,276,7,11,1,-1,-1,-1
118,10,1171,287,10,11,1,-1,-1,-1
118,11,1188,286,4,5,1,-1,-1,-1
119,1,542,214,3,3,1,-1,-1,-1
119,2,536,223,4,4,1,-1,-1,-1
119,3,545,229,16,11,1,-1,-1,-1
119,6,1176,275,3,8,1,-1,-1,-1
119,7,1162,276,5,9,1,-1,-1,-1
119,8,1180,277,3,3,1,-1,-1,-1
119,9,1172,287,9,12,1,-1,-1,-1
119,10,1187,286,6,6,1,-1,-1,-1
120,1,549,216,3,4,1,-1,-1,-1
120,2,531,221,3,3,1,-1,-1,-1
120,3,541,229,20,12,1,-1,-1,-1
120,6,1176,272,10,13,1,-1,-1,-1
120,7,1378,272,3,3,1,-1,-1,-1
120,8,1163,276,4,10,1,-1,-1,-1
120,9,1173,287,11,12,1,-1,-1,-1
120,10,1189,286,5,6,1,-1,-1,-1
121,1,541,227,14,12,1,-1,-1,-1
121,4,1177,272,9,13,1,-1,-1,-1
121,5,1164,277,6,9,1,-1,-1,-1
121,6,1173,287,12,11,1,-1,-1,-1
121,7,1190,286,5,6,1,-1,-1,-1
122,1,534,213,5,6,1,-1,-1,-1
122,2,515,214,7,5,1,-1,-1,-1
122,3,540,227,9,10,1,-1,-1,-1
122,6,1380,273,3,3,1,-1,-1,-1
122,7,1178,274,9,11,1,-1,-1,-1
122,8,1165,278,4,8,1,-1,-1,-1
122,9,1190,287,5,6,1,-1,-1,-1
122,10,1175,288,11,9,1,-1,-1,-1
123,1,515,207,3,3,1,-1,-1,-1
123,2,530,209,3,3,1,-1,-1,-1
123,3,512,211,4,5,1,-1,-1,-1
123,6,1377,272,7,5,1,-1,-1,-1
123,7,1179,274,11,12,1,-1,-1,-1
123,8,1165,277,5,10,1,-1,-1,-1
123,9,1191,287,5,6,1,-1,-1,-1
123,10,1176,288,10,9,1,-1,-1,-1
124,1,502,208,8,5,1,-1,-1,-1
124,2,521,211,3,4,1,-1,-1,-1
124,5,1378,272,3,3,1,-1,-1,-1
124,6,1180,276,9,10,1,-1,-1,-1
124,7,1166,278,4,9,1,-1,-1,-1
124,8,1193,287,4,5,1,-1,-1,-1
124,9,1176,288,12,10,1,-1,-1,-1
125,1,515,208,3,3,1,-1,-1,-1
125,4,1180,274,8,10,1,-1,-1,-1
125,5,1166,278,5,9,1,-1,-1,-1
125,6,1193,287,5,5,1,-1,-1,-1
125,7,1177,288,11,11,1,-1,-1,-1
126,1,510,201,3,3,1,-1,-1,-1
126,4,1181,274,6,5,1,-1,-1,-1
126,5,1383,274,3,3,1,-1,-1,-1
126,6,1181,278,9,8,1,-1,-1,-1
126,7,1167,280,5,7,1,-1,-1,-1
126,8,1194,287,4,6,1,-1,-1,-1
126,9,1178,288,10,10,1,-1,-1,-1
127,3,1182,276,8,9,1,-1,-1,-1
127,4,1168,278,4,10,1,-1,-1,-1
127,5,1178,289,10,10,1,-1,-1,-1
127,6,1194,288,6,6,1,-1,-1,-1
128,1,499,196,3,3,1,-1,-1,-1
128,2,468,201,10,6,1,-1,-1,-1
128,5,1183,272,6,11,1,-1,-1,-1
128,6,1384,274,3,3,1,-1,-1,-1
128,7,1169,278,4,10,1,-1,-1,-1
128,8,1187,280,5,6,1,-1,-1,-1
128,9,1179,289,11,9,1,-1,-1,-1
128,10,1195,288,5,6,1,-1,-1,-1
129,1,461,194,17,14,1,-1,-1,-1
129,4,1183,274,3,3,1,-1,-1,-1
129,5,1184,277,8,10,1,-1,-1,-1
129,6,1170,279,4,8,1,-1,-1,-1
129,7,1180,289,9,10,1,-1,-1,-1
129,8,1197,289,3,4,1,-1,-1,-1
130,1,454,187,21,23,1,-1,-1,-1
130,4,1184,275,9,12,1,-1,-1,-1
130,5,1171,279,4,9,1,-1,-1,-1
130,6,1181,289,11,10,1,-1,-1,-1
130,7,1197,289,5,4,1,-1,-1,-1
131,1,449,186,18,24,1,-1,-1,-1
131,2,468,194,10,12,1,-1,-1,-1
131,5,1184,276,9,11,1,-1,-1,-1
131,6,1172,279,4,8,1,-1,-1,-1
131,7,1184,289,9,10,1,-1,-1,-1
131,8,1198,288,4,6,1,-1,-1,-1
131,9,1182,295,3,3,1,-1,-1,-1
132,1,441,185,19,17,1,-1,-1,-1
132,2,462,191,14,15,1,-1,-1,-1
132,5,1185,272,7,13,1,-1,-1,-1
132,6,1383,275,3,3,1,-1,-1,-1
132,7,1172,279,5,9,1,-1,-1,-1
132,8,1190,281,5,6,1,-1,-1,-1
132,9,1198,289,5,5,1,-1,-1,-1
132,10,1182,290,6,9,1,-1,-1,-1
132,11,1189,291,4,4,1,-1,-1,-1
133,1,437,181,17,18,1,-1,-1,-1
133,2,456,185,21,22,1,-1,-1,-1
133,5,1186,275,10,13,1,-1,-1,-1
133,6,1384,274,3,4,1,-1,-1,-1
133,7,1173,280,4,9,1,-1,-1,-1
133,8,1199,288,4,6,1,-1,-1,-1
133,9,1184,290,9,10,1,-1,-1,-1
134,1,436,181,11,13,1,-1,-1,-1
134,2,449,185,20,21,1,-1,-1,-1
134,5,1385,275,3,3,1,-1,-1,-1
134,6,1187,277,4,9,1,-1,-1,-1
134,7,1174,281,4,7,1,-1,-1,-1
134,8,1192,282,5,6,1,-1,-1,-1
134,9,1184,290,10,10,1,-1,-1,-1
134,10,1201,290,3,4,1,-1,-1,-1
135,1,432,180,7,6,1,-1,-1,-1
135,2,443,181,21,22,1,-1,-1,-1
135,5,1188,277,9,11,1,-1,-1,-1
135,6,1389,276,3,3,1,-1,-1,-1
135,7,1175,280,4,8,1,-1,-1,-1
135,8,1201,289,4,5,1,-1,-1,-1
135,9,1185,290,9,11,1,-1,-1,-1
136,1,428,178,4,4,1,-1,-1,-1
136,2,439,180,17,20,1,-1,-1,-1
136,3,440,198,3,3,1,-1,-1,-1
136,6,1189,278,3,7,1,-1,-1,-1
136,7,1193,281,5,7,1,-1,-1,-1
136,8,1175,283,5,7,1,-1,-1,-1
136,9,1202,289,4,6,1,-1,-1,-1
136,10,1187,290,9,8,1,-1,-1,-1
137,1,435,178,6,5,1,-1,-1,-1
137,2,438,187,12,10,1,-1,-1,-1
137,5,1189,277,9,11,1,-1,-1,-1
137,6,1176,281,4,9,1,-1,-1,-1
137,7,1187,291,10,9,1,-1,-1,-1
137,8,1203,290,3,4,1,-1,-1,-1
138,1,435,186,8,5,1,-1,-1,-1
138,4,1388,275,6,5,1,-1,-1,-1
138,5,1190,278,9,10,1,-1,-1,-1
138,6,1176,282,7,9,1,-1,-1,-1
138,7,1186,291,11,10,1,-1,-1,-1
138,8,1204,290,3,4,1,-1,-1,-1
139,1,433,185,4,3,1,-1,-1,-1
139,4,1178,280,4,8,1,-1,-1,-1
139,5,1191,281,8,6,1,-1,-1,-1
139,6,1187,291,10,11,1,-1,-1,-1
139,7,1204,291,4,5,1,-1,-1,-1
140,1,395,179,4,4,1,-1,-1,-1
140,3,1192,277,10,12,1,-1,-1,-1
140,4,1389,276,3,3,1,-1,-1,-1
140,5,1178,280,7,11,1,-1,-1,-1
140,6,1188,291,11,12,1,-1,-1,-1
140,7,1204,290,6,6,1,-1,-1,-1
141,1,408,185,3,3,1,-1,-1,-1
141,3,1192,275,11,14,1,-1,-1,-1
141,4,1179,280,8,10,1,-1,-1,-1
141,5,1189,291,11,13,1,-1,-1,-1
141,6,1204,290,6,6,1,-1,-1,-1
142,1,395,180,4,3,1,-1,-1,-1
142,4,1194,278,8,9,1,-1,-1,-1
142,5,1181,283,4,7,1,-1,-1,-1
142,6,1206,291,5,6,1,-1,-1,-1
142,7,1190,292,12,10,1,-1,-1,-1
143,1,375,171,4,3,1,-1,-1,-1
143,4,1194,276,10,14,1,-1,-1,-1
143,5,1392,277,3,3,1,-1,-1,-1
143,6,1181,282,5,9,1,-1,-1,-1
143,7,1191,291,11,11,1,-1,-1,-1
143,8,1208,291,4,5,1,-1,-1,-1
144,1,367,165,6,8,1,-1,-1,-1
144,4,1196,281,3,6,1,-1,-1,-1
144,5,1182,282,4,9,1,-1,-1,-1
144,6,1200,282,5,8,1,-1,-1,-1
144,7,1209,291,4,6,1,-1,-1,-1
144,8,1192,292,10,10,1,-1,-1,-1
145,1,351,154,7,4,1,-1,-1,-1
145,2,360,163,7,8,1,-1,-1,-1
145,3,375,171,3,3,1,-1,-1,-1
145,6,1196,276,5,6,1,-1,-1,-1
145,7,1393,277,3,3,1,-1,-1,-1
145,8,1183,282,4,9,1,-1,-1,-1
145,9,1197,283,3,5,1,-1,-1,-1
145,10,1201,284,5,6,1,-1,-1,-1
145,11,1193,292,11,12,1,-1,-1,-1
145,12,1210,292,3,5,1,-1,-1,-1
146,1,345,148,17,11,1,-1,-1,-1
146,2,356,163,5,4,1,-1,-1,-1
146,3,368,168,5,4,1,-1,-1,-1
146,6,1198,278,4,4,1,-1,-1,-1
146,7,1198,283,3,5,1,-1,-1,-1
146,8,1184,284,4,7,1,-1,-1,-1
146,9,1202,286,4,4,1,-1,-1,-1
146,10,1194,293,5,8,1,-1,-1,-1
146,11,1210,292,4,6,1,-1,-1,-1
146,12,1200,296,3,3,1,-1,-1,-1
147,1,339,144,19,16,1,-1,-1,-1
147,2,362,165,5,5,1,-1,-1,-1
147,5,1198,279,9,12,1,-1,-1,-1
147,6,1184,283,5,8,1,-1,-1,-1
147,7,1193,293,11,11,1,-1,-1,-1
147,8,1211,292,4,5,1,-1,-1,-1
148,1,336,141,17,18,1,-1,-1,-1
148,2,354,149,6,5,1,-1,-1,-1
148,3,357,164,4,4,1,-1,-1,-1
148,5,1198,277,7,11,1,-1,-1,-1
148,6,1185,281,6,11,1,-1,-1,-1
148,7,1203,285,4,5,1,-1,-1,-1
148,8,1197,293,9,10,1,-1,-1,-1
148,9,1212,292,3,5,1,-1,-1,-1
149,1,337,142,9,10,1,-1,-1,-1
149,2,348,144,10,14,1,-1,-1,-1
149,3,335,153,6,8,1,-1,-1,-1
149,6,1200,283,3,6,1,-1,-1,-1
149,7,1186,284,4,8,1,-1,-1,-1
149,8,1204,284,5,7,1,-1,-1,-1
149,9,1212,292,5,5,1,-1,-1,-1
149,10,1197,294,9,9,1,-1,-1,-1
150,1,340,141,19,20,1,-1,-1,-1
150,2,327,151,8,7,1,-1,-1,-1
150,5,1200,279,9,12,1,-1,-1,-1
150,6,1186,284,5,8,1,-1,-1,-1
150,7,1213,292,4,6,1,-1,-1,-1
150,8,1198,294,10,11,1,-1,-1,-1
151,1,335,142,21,19,1,-1,-1,-1
151,2,322,149,6,6,1,-1,-1,-1
151,4,1201,281,3,4,1,-1,-1,-1
151,5,1187,282,6,11,1,-1,-1,-1
151,6,1205,283,4,7,1,-1,-1,-1
151,7,1214,293,4,5,1,-1,-1,-1
151,8,1197,294,11,10,1,-1,-1,-1
152,1,338,146,9,10,1,-1,-1,-1
152,2,328,151,7,7,1,-1,-1,-1
152,5,1188,282,4,11,1,-1,-1,-1
152,6,1202,283,3,6,1,-1,-1,-1
152,7,1206,283,5,9,1,-1,-1,-1
152,8,1197,293,12,10,1,-1,-1,-1
152,9,1215,293,4,6,1,-1,-1,-1
153,1,308,143,4,3,1,-1,-1,-1
153,2,336,147,3,3,1,-1,-1,-1
153,3,323,149,5,5,1,-1,-1,-1
153,6,1202,279,9,12,1,-1,-1,-1
153,7,1398,278,3,3,1,-1,-1,-1
153,8,1189,282,6,11,1,-1,-1,-1
153,9,1214,293,6,6,1,-1,-1,-1
153,10,1199,294,10,10,1,-1,-1,-1
154,1,299,133,4,3,1,-1,-1,-1
154,2,300,139,8,7,1,-1,-1,-1
154,5,1203,280,9,12,1,-1,-1,-1
154,6,1190,283,4,10,1,-1,-1,-1
154,7,1199,294,10,10,1,-1,-1,-1
154,8,1216,294,4,5,1,-1,-1,-1
155,1,293,136,9,8,1,-1,-1,-1
155,4,1204,280,9,12,1,-1,-1,-1
155,5,1190,283,6,10,1,-1,-1,-1
155,6,1200,295,11,9,1,-1,-1,-1
155,7,1217,294,4,5,1,-1,-1,-1
156,1,288,134,8,8,1,-1,-1,-1
156,2,301,140,7,6,1,-1,-1,-1
156,5,1205,283,8,9,1,-1,-1,-1
156,6,1191,284,5,9,1,-1,-1,-1
156,7,1202,295,10,9,1,-1,-1,-1
156,8,1218,294,4,5,1,-1,-1,-1
157,1,278,127,7,5,1,-1,-1,-1
157,2,294,137,8,7,1,-1,-1,-1
157,5,1205,280,3,3,1,-1,-1,-1
157,6,1192,284,7,10,1,-1,-1,-1
157,7,1206,284,3,6,1,-1,-1,-1
157,8,1210,286,5,7,1,-1,-1,-1
157,9,1202,295,11,12,1,-1,-1,-1
157,10,1218,294,5,6,1,-1,-1,-1
158,1,269,123,3,3,1,-1,-1,-1
158,2,273,124,10,18,1,-1,-1,-1
158,3,289,136,6,6,1,-1,-1,-1
158,6,1206,280,5,10,1,-1,-1,-1
158,7,1401,280,3,3,1,-1,-1,-1
158,8,1193,286,4,7,1,-1,-1,-1
158,9,1211,286,4,7,1,-1,-1,-1
158,10,1202,295,12,11,1,-1,-1,-1
158,11,1219,295,4,5,1,-1,-1,-1
159,1,274,112,3,4,1,-1,-1,-1
159,2,260,118,16,22,1,-1,-1,-1
159,5,1207,282,9,11,1,-1,-1,-1
159,6,1194,285,4,8,1,-1,-1,-1
159,7,1219,293,5,7,1,-1,-1,-1
159,8,1204,295,11,9,1,-1,-1,-1
160,1,253,115,14,14,1,-1,-1,-1
160,2,274,127,10,15,1,-1,-1,-1
160,5,1208,283,8,9,1,-1,-1,-1
160,6,1194,284,5,10,1,-1,-1,-1
160,7,1219,295,6,6,1,-1,-1,-1
160,8,1205,296,11,9,1,-1,-1,-1
161,1,246,105,21,28,1,-1,-1,-1
161,2,268,125,9,15,1,-1,-1,-1
161,5,1208,281,4,11,1,-1,-1,-1
161,6,1195,285,5,9,1,-1,-1,-1
161,7,1213,286,3,5,1,-1,-1,-1
161,8,1221,295,5,5,1,-1,-1,-1
161,9,1206,296,10,7,1,-1,-1,-1
162,1,240,104,20,28,1,-1,-1,-1
162,2,267,112,3,3,1,-1,-1,-1
162,3,272,124,3,3,1,-1,-1,-1
162,4,277,126,5,7,1,-1,-1,-1
162,7,1209,282,9,11,1,-1,-1,-1
162,8,1195,285,5,9,1,-1,-1,-1
162,9,1205,296,12,11,1,-1,-1,-1
162,10,1222,296,5,4,1,-1,-1,-1
163,1,234,101,19,27,1,-1,-1,-1
163,2,253,106,14,26,1,-1,-1,-1
163,3,271,123,4,7,1,-1,-1,-1
163,6,1196,285,5,11,1,-1,-1,-1
163,7,1210,284,4,8,1,-1,-1,-1
163,8,1215,288,4,6,1,-1,-1,-1
163,9,1208,296,10,12,1,-1,-1,-1
163,10,1223,296,5,5,1,-1,-1,-1
164,1,229,98,17,28,1,-1,-1,-1
164,2,246,103,18,29,1,-1,-1,-1
164,5,1211,285,3,6,1,-1,-1,-1
164,6,1197,286,5,9,1,-1,-1,-1
164,7,1215,287,6,7,1,-1,-1,-1
164,8,1223,294,5,7,1,-1,-1,-1
164,9,1208,296,10,9,1,-1,-1,-1
165,1,223,96,17,24,1,-1,-1,-1
165,2,239,101,25,27,1,-1,-1,-1
165,5,1211,281,3,4,1,-1,-1,-1
165,6,1198,287,4,9,1,-1,-1,-1
165,7,1212,286,3,6,1,-1,-1,-1
165,8,1216,288,4,6,1,-1,-1,-1
165,9,1208,297,10,9,1,-1,-1,-1
165,10,1225,296,4,5,1,-1,-1,-1
166,1,216,99,14,17,1,-1,-1,-1
166,2,235,98,21,28,1,-1,-1,-1
166,5,1212,282,8,11,1,-1,-1,-1
166,6,1199,288,4,7,1,-1,-1,-1
166,7,1210,297,4,7,1,-1,-1,-1
166,8,1225,297,4,4,1,-1,-1,-1
166,9,1215,301,3,3,1,-1,-1,-1
167,1,230,95,20,26,1,-1,-1,-1
167,2,209,96,16,20,1,-1,-1,-1
167,5,1213,285,7,7,1,-1,-1,-1
167,6,1199,289,5,6,1,-1,-1,-1
167,7,1209,297,6,10,1,-1,-1,-1
167,8,1226,296,5,5,1,-1,-1,-1
167,9,1216,299,4,5,1,-1,-1,-1
168,1,203,92,15,20,1,-1,-1,-1
168,2,226,99,4,4,1,-1,-1,-1
168,3,229,106,13,12,1,-1,-1,-1
168,4,225,112,4,7,1,-1,-1,-1
168,7,1213,282,4,10,1,-1,-1,-1
168,8,1200,286,4,10,1,-1,-1,-1
168,9,1218,288,5,7,1,-1,-1,-1
168,10,1212,297,9,10,1,-1,-1,-1
168,11,1227,297,4,5,1,-1,-1,-1
168,12,1210,304,3,3,1,-1,-1,-1
169,1,194,89,18,22,1,-1,-1,-1
169,2,219,96,5,5,1,-1,-1,-1
169,3,222,104,13,7,1,-1,-1,-1
169,4,216,107,6,10,1,-1,-1,-1
169,7,1214,284,4,9,1,-1,-1,-1
169,8,1201,288,4,8,1,-1,-1,-1
169,9,1219,288,5,7,1,-1,-1,-1
169,10,1211,297,11,10,1,-1,-1,-1
169,11,1227,296,5,6,1,-1,-1,-1
170,1,188,88,16,19,1,-1,-1,-1
170,2,212,92,6,7,1,-1,-1,-1
170,3,216,102,12,7,1,-1,-1,-1
170,4,209,104,7,11,1,-1,-1,-1
170,7,1215,285,9,10,1,-1,-1,-1
170,8,1202,286,4,10,1,-1,-1,-1
170,9,1229,297,3,5,1,-1,-1,-1
170,10,1212,298,10,8,1,-1,-1,-1
171,1,180,82,19,26,1,-1,-1,-1
171,2,206,88,6,8,1,-1,-1,-1
171,3,208,100,13,6,1,-1,-1,-1
171,4,205,104,4,5,1,-1,-1,-1
171,7,1215,284,9,11,1,-1,-1,-1
171,8,1202,288,5,8,1,-1,-1,-1
171,9,1229,297,4,5,1,-1,-1,-1
171,10,1213,299,10,7,1,-1,-1,-1
172,1,174,79,20,28,1,-1,-1,-1
172,2,198,88,6,5,1,-1,-1,-1
172,3,203,97,12,6,1,-1,-1,-1
172,4,198,103,5,5,1,-1,-1,-1
172,7,1217,286,3,8,1,-1,-1,-1
172,8,1203,288,4,8,1,-1,-1,-1
172,9,1221,289,4,6,1,-1,-1,-1
172,10,1230,297,4,6,1,-1,-1,-1
172,11,1215,298,9,8,1,-1,-1,-1
173,1,167,76,20,30,1,-1,-1,-1
173,2,189,82,19,26,1,-1,-1,-1
173,5,1217,283,4,11,1,-1,-1,-1
173,6,1204,287,4,11,1,-1,-1,-1
173,7,1222,291,4,5,1,-1,-1,-1
173,8,1230,297,5,5,1,-1,-1,-1
173,9,1214,298,10,9,1,-1,-1,-1
174,1,161,74,19,30,1,-1,-1,-1
174,2,182,79,20,29,1,-1,-1,-1
174,5,1218,286,4,8,1,-1,-1,-1
174,6,1205,289,4,8,1,-1,-1,-1
174,7,1224,293,3,3,1,-1,-1,-1
174,8,1215,299,11,10,1,-1,-1,-1
174,9,1232,298,3,5,1,-1,-1,-1
175,1,154,72,20,27,1,-1,-1,-1
175,5,1409,283,3,3,1,-1,-1,-1
175,6,1219,286,8,8,1,-1,-1,-1
175,7,1205,289,5,8,1,-1,-1,-1
175,8,1217,299,9,11,1,-1,-1,-1
175,9,1233,298,3,5,1,-1,-1,-1
176,1,149,69,18,30,1,-1,-1,-1
176,2,170,74,21,30,1,-1,-1,-1
176,5,1220,287,7,4,1,-1,-1,-1
176,6,1206,288,4,10,1,-1,-1,-1
176,7,1225,292,3,3,1,-1,-1,-1
176,8,1216,299,11,10,1,-1,-1,-1
176,9,1232,299,5,5,1,-1,-1,-1
177,1,141,66,20,30,1,-1,-1,-1
177,2,162,72,22,28,1,-1,-1,-1
177,5,1207,289,4,8,1,-1,-1,-1
177,6,1221,288,8,9,1,-1,-1,-1
177,7,1217,299,9,11,1,-1,-1,-1
177,8,1234,299,4,4,1,-1,-1,-1
