1,1,443,490,5,4,1,-1,-1,-1
1,2,402,612,3,3,1,-1,-1,-1
2,1,196,182,4,3,1,-1,-1,-1
2,2,191,198,3,3,1,-1,-1,-1
2,3,444,510,3,3,1,-1,-1,-1
3,1,196,183,4,4,1,-1,-1,-1
3,2,443,492,5,5,1,-1,-1,-1
3,3,445,511,3,3,1,-1,-1,-1
4,1,196,184,3,4,1,-1,-1,-1
4,2,189,200,4,3,1,-1,-1,-1
4,3,597,452,4,3,1,-1,-1,-1
4,4,444,494,3,4,1,-1,-1,-1
4,5,445,512,3,3,1,-1,-1,-1
5,1,195,186,4,4,1,-1,-1,-1
5,2,443,494,5,6,1,-1,-1,-1
5,3,445,513,4,4,1,-1,-1,-1
6,1,194,188,4,3,1,-1,-1,-1
6,2,188,203,3,3,1,-1,-1,-1
6,3,443,496,5,4,1,-1,-1,-1
6,4,444,514,5,4,1,-1,-1,-1
6,5,242,619,4,3,1,-1,-1,-1
7,1,193,189,4,4,1,-1,-1,-1
7,2,187,205,3,3,1,-1,-1,-1
7,3,444,497,4,4,1,-1,-1,-1
7,4,445,516,3,4,1,-1,-1,-1
7,5,406,587,4,4,1,-1,-1,-1
8,1,193,191,3,4,1,-1,-1,-1
8,2,444,498,4,4,1,-1,-1,-1
8,3,444,517,4,4,1,-1,-1,-1
8,4,408,586,3,3,1,-1,-1,-1
9,1,192,192,4,4,1,-1,-1,-1
9,2,186,208,4,3,1,-1,-1,-1
9,3,444,499,3,3,1,-1,-1,-1
9,4,444,518,5,4,1,-1,-1,-1
9,5,406,585,5,4,1,-1,-1,-1
10,1,511,139,3,3,1,-1,-1,-1
10,2,192,194,3,4,1,-1,-1,-1
10,3,186,209,3,3,1,-1,-1,-1
10,4,444,500,3,4,1,-1,-1,-1
10,5,445,519,4,4,1,-1,-1,-1
10,6,408,584,4,3,1,-1,-1,-1
11,1,509,141,3,3,1,-1,-1,-1
11,2,191,196,3,3,1,-1,-1,-1
11,3,185,211,3,3,1,-1,-1,-1
11,4,444,501,4,4,1,-1,-1,-1
11,5,444,520,4,3,1,-1,-1,-1
11,6,407,584,3,3,1,-1,-1,-1
11,7,444,627,3,3,1,-1,-1,-1
12,1,235,60,3,3,1,-1,-1,-1
12,2,190,197,4,3,1,-1,-1,-1
12,3,185,212,3,3,1,-1,-1,-1
12,4,596,468,3,3,1,-1,-1,-1
12,5,444,502,4,4,1,-1,-1,-1
12,6,444,521,4,4,1,-1,-1,-1
12,7,407,583,5,5,1,-1,-1,-1
13,1,512,138,4,3,1,-1,-1,-1
13,2,190,198,4,4,1,-1,-1,-1
13,3,445,522,4,4,1,-1,-1,-1
13,4,407,582,5,3,1,-1,-1,-1
14,1,511,140,3,3,1,-1,-1,-1
14,2,189,200,5,3,1,-1,-1,-1
14,3,183,215,4,3,1,-1,-1,-1
14,4,445,523,3,4,1,-1,-1,-1
14,5,406,581,6,5,1,-1,-1,-1
15,1,511,138,3,4,1,-1,-1,-1
15,2,189,201,4,4,1,-1,-1,-1
15,3,183,217,3,3,1,-1,-1,-1
15,4,444,506,3,3,1,-1,-1,-1
15,5,445,524,3,4,1,-1,-1,-1
15,6,408,580,4,3,1,-1,-1,-1
16,1,188,202,4,4,1,-1,-1,-1
16,2,182,218,4,3,1,-1,-1,-1
16,3,444,525,4,4,1,-1,-1,-1
16,4,408,579,4,3,1,-1,-1,-1
17,1,266,49,3,3,1,-1,-1,-1
17,2,187,204,4,4,1,-1,-1,-1
17,3,446,527,3,3,1,-1,-1,-1
17,4,409,578,4,3,1,-1,-1,-1
17,5,404,595,4,5,1,-1,-1,-1
18,1,265,50,3,3,1,-1,-1,-1
18,2,187,206,3,3,1,-1,-1,-1
18,3,181,221,3,3,1,-1,-1,-1
18,4,445,528,4,3,1,-1,-1,-1
18,5,409,577,3,3,1,-1,-1,-1
18,6,405,596,3,4,1,-1,-1,-1
19,1,186,208,3,3,1,-1,-1,-1
19,2,444,528,5,4,1,-1,-1,-1
19,3,409,576,4,4,1,-1,-1,-1
19,4,405,594,3,3,1,-1,-1,-1
20,1,517,134,3,3,1,-1,-1,-1
20,2,185,209,4,3,1,-1,-1,-1
20,3,179,224,4,3,1,-1,-1,-1
20,4,445,511,3,3,1,-1,-1,-1
20,5,445,529,3,4,1,-1,-1,-1
20,6,410,575,4,3,1,-1,-1,-1
21,1,185,210,4,4,1,-1,-1,-1
21,2,179,226,3,3,1,-1,-1,-1
21,3,444,512,5,4,1,-1,-1,-1
21,4,444,530,6,4,1,-1,-1,-1
21,5,410,575,3,3,1,-1,-1,-1
22,1,266,50,3,3,1,-1,-1,-1
22,2,184,212,4,4,1,-1,-1,-1
22,3,445,512,3,4,1,-1,-1,-1
22,4,445,531,5,4,1,-1,-1,-1
22,5,411,573,3,3,1,-1,-1,-1
22,6,405,590,3,4,1,-1,-1,-1
23,1,231,61,3,3,1,-1,-1,-1
23,2,519,133,3,3,1,-1,-1,-1
23,3,184,213,3,5,1,-1,-1,-1
23,4,178,229,3,3,1,-1,-1,-1
23,5,445,533,4,3,1,-1,-1,-1
23,6,409,572,5,4,1,-1,-1,-1
23,7,406,589,3,3,1,-1,-1,-1
24,1,519,132,3,3,1,-1,-1,-1
24,2,183,215,3,3,1,-1,-1,-1
24,3,177,230,3,4,1,-1,-1,-1
24,4,445,515,3,5,1,-1,-1,-1
24,5,445,534,3,4,1,-1,-1,-1
24,6,410,572,4,6,1,-1,-1,-1
24,7,406,588,3,4,1,-1,-1,-1
25,1,182,216,4,4,1,-1,-1,-1
25,2,445,516,4,4,1,-1,-1,-1
25,3,444,535,5,4,1,-1,-1,-1
25,4,411,571,3,3,1,-1,-1,-1
25,5,406,587,4,4,1,-1,-1,-1
26,1,257,53,3,3,1,-1,-1,-1
26,2,517,131,6,5,1,-1,-1,-1
26,3,181,218,5,3,1,-1,-1,-1
26,4,176,233,3,3,1,-1,-1,-1
26,5,444,517,4,4,1,-1,-1,-1
26,6,445,536,4,4,1,-1,-1,-1
26,7,410,569,5,4,1,-1,-1,-1
26,8,406,585,4,6,1,-1,-1,-1
27,1,518,130,5,5,1,-1,-1,-1
27,2,181,219,4,4,1,-1,-1,-1
27,3,175,235,4,3,1,-1,-1,-1
27,4,444,518,4,4,1,-1,-1,-1
27,5,445,537,4,3,1,-1,-1,-1
27,6,409,568,7,7,1,-1,-1,-1
27,7,407,584,3,5,1,-1,-1,-1
28,1,180,221,4,4,1,-1,-1,-1
28,2,174,236,4,3,1,-1,-1,-1
28,3,444,519,4,4,1,-1,-1,-1
28,4,444,538,4,4,1,-1,-1,-1
28,5,411,567,4,7,1,-1,-1,-1
28,6,407,583,3,5,1,-1,-1,-1
28,7,212,640,3,3,1,-1,-1,-1
29,1,255,54,3,3,1,-1,-1,-1
29,2,521,129,3,3,1,-1,-1,-1
29,3,180,222,4,4,1,-1,-1,-1
29,4,445,521,3,3,1,-1,-1,-1
29,5,444,539,4,4,1,-1,-1,-1
29,6,410,566,5,7,1,-1,-1,-1
29,7,407,583,3,6,1,-1,-1,-1
30,1,179,224,4,4,1,-1,-1,-1
30,2,173,239,3,4,1,-1,-1,-1
30,3,445,522,4,4,1,-1,-1,-1
30,4,444,540,5,4,1,-1,-1,-1
30,5,411,565,5,7,1,-1,-1,-1
30,6,408,584,3,3,1,-1,-1,-1
31,1,520,128,5,5,1,-1,-1,-1
31,2,172,241,4,3,1,-1,-1,-1
31,3,356,389,3,3,1,-1,-1,-1
31,4,444,522,5,5,1,-1,-1,-1
31,5,444,541,5,4,1,-1,-1,-1
31,6,412,564,3,4,1,-1,-1,-1
31,7,408,580,3,6,1,-1,-1,-1
31,8,213,637,3,3,1,-1,-1,-1
32,1,253,54,3,3,1,-1,-1,-1
32,2,178,227,3,4,1,-1,-1,-1
32,3,172,242,3,4,1,-1,-1,-1
32,4,445,524,3,3,1,-1,-1,-1
32,5,444,542,4,4,1,-1,-1,-1
32,6,412,563,4,4,1,-1,-1,-1
32,7,408,580,3,6,1,-1,-1,-1
33,1,177,228,4,4,1,-1,-1,-1
33,2,171,244,4,3,1,-1,-1,-1
33,3,445,525,3,3,1,-1,-1,-1
33,4,444,543,4,4,1,-1,-1,-1
33,5,413,563,3,3,1,-1,-1,-1
33,6,408,579,3,6,1,-1,-1,-1
34,1,177,230,3,4,1,-1,-1,-1
34,2,170,246,4,3,1,-1,-1,-1
34,3,444,526,4,4,1,-1,-1,-1
34,4,444,544,4,4,1,-1,-1,-1
34,5,412,561,5,4,1,-1,-1,-1
34,6,408,578,3,4,1,-1,-1,-1
34,7,213,634,3,3,1,-1,-1,-1
35,1,176,231,4,4,1,-1,-1,-1
35,2,170,247,4,3,1,-1,-1,-1
35,3,445,526,3,4,1,-1,-1,-1
35,4,444,546,3,3,1,-1,-1,-1
35,5,413,561,4,3,1,-1,-1,-1
35,6,408,576,4,6,1,-1,-1,-1
36,1,524,125,3,4,1,-1,-1,-1
36,2,175,233,4,4,1,-1,-1,-1
36,3,444,527,4,5,1,-1,-1,-1
36,4,444,547,4,3,1,-1,-1,-1
36,5,413,559,4,7,1,-1,-1,-1
36,6,409,576,4,7,1,-1,-1,-1
37,1,525,125,3,3,1,-1,-1,-1
37,2,175,235,4,4,1,-1,-1,-1
37,3,169,250,3,3,1,-1,-1,-1
37,4,445,529,4,4,1,-1,-1,-1
37,5,444,548,4,3,1,-1,-1,-1
37,6,412,558,4,6,1,-1,-1,-1
37,7,409,576,3,4,1,-1,-1,-1
38,1,174,236,4,4,1,-1,-1,-1
38,2,444,530,4,4,1,-1,-1,-1
38,3,444,548,5,4,1,-1,-1,-1
38,4,409,574,3,4,1,-1,-1,-1
39,1,173,238,4,3,1,-1,-1,-1
39,2,168,253,3,3,1,-1,-1,-1
39,3,445,531,4,5,1,-1,-1,-1
39,4,444,549,4,4,1,-1,-1,-1
39,5,410,574,3,5,1,-1,-1,-1
39,6,214,629,3,3,1,-1,-1,-1
40,1,218,71,3,3,1,-1,-1,-1
40,2,173,239,3,4,1,-1,-1,-1
40,3,167,255,3,3,1,-1,-1,-1
40,4,445,532,3,5,1,-1,-1,-1
40,5,444,551,4,3,1,-1,-1,-1
40,6,413,556,4,3,1,-1,-1,-1
40,7,409,572,4,5,1,-1,-1,-1
41,1,244,56,3,3,1,-1,-1,-1
41,2,172,240,4,4,1,-1,-1,-1
41,3,166,256,3,3,1,-1,-1,-1
41,4,444,534,5,4,1,-1,-1,-1
41,5,443,552,5,3,1,-1,-1,-1
41,6,414,554,3,3,1,-1,-1,-1
41,7,410,570,4,6,1,-1,-1,-1
42,1,171,242,4,4,1,-1,-1,-1
42,2,165,257,3,3,1,-1,-1,-1
42,3,444,534,4,4,1,-1,-1,-1
42,4,443,553,5,4,1,-1,-1,-1
42,5,410,569,5,8,1,-1,-1,-1
43,1,217,73,3,3,1,-1,-1,-1
43,2,171,244,4,3,1,-1,-1,-1
43,3,166,260,3,3,1,-1,-1,-1
43,4,361,390,3,3,1,-1,-1,-1
43,5,444,535,5,5,1,-1,-1,-1
43,6,443,554,5,3,1,-1,-1,-1
44,1,526,121,5,5,1,-1,-1,-1
44,2,170,245,4,4,1,-1,-1,-1
44,3,164,261,3,3,1,-1,-1,-1
44,4,445,537,3,4,1,-1,-1,-1
44,5,413,555,3,3,1,-1,-1,-1
44,6,444,555,3,3,1,-1,-1,-1
44,7,410,567,3,3,1,-1,-1,-1
45,1,217,75,3,3,1,-1,-1,-1
45,2,170,247,3,4,1,-1,-1,-1
45,3,163,262,4,3,1,-1,-1,-1
45,4,444,538,4,5,1,-1,-1,-1
45,5,414,550,4,4,1,-1,-1,-1
45,6,443,556,5,4,1,-1,-1,-1
45,7,411,568,3,4,1,-1,-1,-1
45,8,214,623,3,3,1,-1,-1,-1
46,1,168,248,4,4,1,-1,-1,-1
46,2,162,264,3,3,1,-1,-1,-1
46,3,444,539,4,5,1,-1,-1,-1
46,4,415,549,3,3,1,-1,-1,-1
46,5,443,557,5,4,1,-1,-1,-1
46,6,411,565,4,7,1,-1,-1,-1
47,1,168,250,3,3,1,-1,-1,-1
47,2,162,265,3,3,1,-1,-1,-1
47,3,414,548,5,3,1,-1,-1,-1
47,4,442,558,5,4,1,-1,-1,-1
47,5,411,564,4,7,1,-1,-1,-1
48,1,216,74,3,4,1,-1,-1,-1
48,2,168,252,3,3,1,-1,-1,-1
48,3,161,267,3,3,1,-1,-1,-1
48,4,444,541,4,3,1,-1,-1,-1
48,5,414,547,4,4,1,-1,-1,-1
48,6,443,559,3,4,1,-1,-1,-1
48,7,411,564,4,5,1,-1,-1,-1
49,1,215,77,3,3,1,-1,-1,-1
49,2,167,253,4,3,1,-1,-1,-1
49,3,160,268,3,3,1,-1,-1,-1
49,4,444,542,4,5,1,-1,-1,-1
49,5,443,560,3,3,1,-1,-1,-1
49,6,411,562,4,6,1,-1,-1,-1
50,1,166,255,4,3,1,-1,-1,-1
50,2,370,393,3,3,1,-1,-1,-1
50,3,444,542,4,6,1,-1,-1,-1
51,1,165,256,4,4,1,-1,-1,-1
51,2,444,544,4,4,1,-1,-1,-1
51,3,412,561,3,4,1,-1,-1,-1
51,4,443,562,4,3,1,-1,-1,-1
52,1,164,258,4,4,1,-1,-1,-1
52,2,414,542,3,4,1,-1,-1,-1
52,3,444,544,3,4,1,-1,-1,-1
52,4,412,559,4,6,1,-1,-1,-1
52,5,442,564,3,3,1,-1,-1,-1
53,1,164,259,4,4,1,-1,-1,-1
53,2,158,275,3,3,1,-1,-1,-1
53,3,369,392,3,3,1,-1,-1,-1
53,4,414,541,3,3,1,-1,-1,-1
53,5,444,546,4,4,1,-1,-1,-1
53,6,412,559,5,6,1,-1,-1,-1
53,7,441,564,5,4,1,-1,-1,-1
54,1,163,261,4,3,1,-1,-1,-1
54,2,157,276,3,3,1,-1,-1,-1
54,3,414,540,4,3,1,-1,-1,-1
54,4,444,547,4,6,1,-1,-1,-1
54,5,412,557,5,6,1,-1,-1,-1
54,6,443,565,3,3,1,-1,-1,-1
55,1,214,81,3,3,1,-1,-1,-1
55,2,162,262,5,4,1,-1,-1,-1
55,3,156,278,3,3,1,-1,-1,-1
55,4,444,548,4,4,1,-1,-1,-1
55,5,413,556,3,3,1,-1,-1,-1
55,6,442,567,3,3,1,-1,-1,-1
56,1,213,78,5,6,1,-1,-1,-1
56,2,161,264,5,4,1,-1,-1,-1
56,3,155,279,3,3,1,-1,-1,-1
56,4,444,549,4,4,1,-1,-1,-1
56,5,442,567,4,4,1,-1,-1,-1
57,1,213,82,3,3,1,-1,-1,-1
57,2,161,265,4,4,1,-1,-1,-1
57,3,155,281,3,3,1,-1,-1,-1
57,4,372,392,4,4,1,-1,-1,-1
57,5,414,537,3,3,1,-1,-1,-1
57,6,444,550,4,4,1,-1,-1,-1
57,7,412,554,3,3,1,-1,-1,-1
57,8,441,568,4,4,1,-1,-1,-1
58,1,160,267,4,3,1,-1,-1,-1
58,2,154,282,4,3,1,-1,-1,-1
58,3,413,551,3,5,1,-1,-1,-1
58,4,444,551,3,4,1,-1,-1,-1
58,5,441,569,3,3,1,-1,-1,-1
59,1,214,80,3,3,1,-1,-1,-1
59,2,160,269,3,3,1,-1,-1,-1
59,3,153,284,4,3,1,-1,-1,-1
59,4,374,393,3,3,1,-1,-1,-1
59,5,413,535,4,3,1,-1,-1,-1
59,6,444,552,4,4,1,-1,-1,-1
59,7,414,555,3,3,1,-1,-1,-1
59,8,441,571,4,3,1,-1,-1,-1
60,1,159,270,4,4,1,-1,-1,-1
60,2,413,534,4,3,1,-1,-1,-1
60,3,412,549,3,3,1,-1,-1,-1
60,4,443,553,4,5,1,-1,-1,-1
60,5,441,571,5,4,1,-1,-1,-1
61,1,213,85,3,3,1,-1,-1,-1
61,2,158,272,4,3,1,-1,-1,-1
61,3,152,287,3,3,1,-1,-1,-1
61,4,375,394,4,3,1,-1,-1,-1
61,5,412,532,5,4,1,-1,-1,-1
61,6,444,554,3,4,1,-1,-1,-1
61,7,441,573,4,3,1,-1,-1,-1
62,1,158,273,3,4,1,-1,-1,-1
62,2,151,289,3,3,1,-1,-1,-1
62,3,412,532,4,3,1,-1,-1,-1
62,4,413,547,5,8,1,-1,-1,-1
62,5,441,574,4,3,1,-1,-1,-1
62,6,218,605,3,3,1,-1,-1,-1
63,1,213,83,3,3,1,-1,-1,-1
63,2,533,112,3,3,1,-1,-1,-1
63,3,157,275,3,3,1,-1,-1,-1
63,4,151,290,3,4,1,-1,-1,-1
63,5,412,531,3,3,1,-1,-1,-1
63,6,413,548,3,3,1,-1,-1,-1
63,7,442,556,5,4,1,-1,-1,-1
63,8,440,575,4,3,1,-1,-1,-1
64,1,212,87,4,3,1,-1,-1,-1
64,2,156,276,4,4,1,-1,-1,-1
64,3,150,292,4,4,1,-1,-1,-1
64,4,378,394,3,3,1,-1,-1,-1
64,5,598,464,3,3,1,-1,-1,-1
64,6,412,529,4,4,1,-1,-1,-1
64,7,414,545,3,3,1,-1,-1,-1
64,8,440,576,4,3,1,-1,-1,-1
65,1,212,88,4,3,1,-1,-1,-1
65,2,156,278,3,4,1,-1,-1,-1
65,3,149,293,4,4,1,-1,-1,-1
65,4,412,528,3,4,1,-1,-1,-1
65,5,443,559,4,4,1,-1,-1,-1
65,6,440,576,4,4,1,-1,-1,-1
66,1,155,280,4,4,1,-1,-1,-1
66,2,148,295,4,3,1,-1,-1,-1
66,3,412,528,3,3,1,-1,-1,-1
66,4,416,548,3,3,1,-1,-1,-1
66,5,442,560,4,4,1,-1,-1,-1
66,6,439,578,4,3,1,-1,-1,-1
67,1,154,281,3,4,1,-1,-1,-1
67,2,148,297,3,3,1,-1,-1,-1
67,3,380,395,3,3,1,-1,-1,-1
67,4,411,526,3,3,1,-1,-1,-1
67,5,443,561,3,3,1,-1,-1,-1
67,6,440,578,4,4,1,-1,-1,-1
68,1,153,283,4,3,1,-1,-1,-1
68,2,147,298,3,4,1,-1,-1,-1
68,3,381,395,3,3,1,-1,-1,-1
68,4,411,525,4,7,1,-1,-1,-1
68,5,443,562,4,3,1,-1,-1,-1
68,6,439,580,4,3,1,-1,-1,-1
68,7,219,599,3,3,1,-1,-1,-1
69,1,534,108,3,3,1,-1,-1,-1
69,2,152,284,4,4,1,-1,-1,-1
69,3,146,300,4,3,1,-1,-1,-1
69,4,412,524,3,3,1,-1,-1,-1
69,5,442,563,4,4,1,-1,-1,-1
69,6,440,581,3,3,1,-1,-1,-1
70,1,212,88,3,3,1,-1,-1,-1
70,2,527,116,3,4,1,-1,-1,-1
70,3,152,286,4,4,1,-1,-1,-1
70,4,145,301,4,4,1,-1,-1,-1
70,5,383,394,4,4,1,-1,-1,-1
70,6,442,564,4,4,1,-1,-1,-1
70,7,220,596,3,3,1,-1,-1,-1
71,1,212,89,3,5,1,-1,-1,-1
71,2,536,107,3,3,1,-1,-1,-1
71,3,151,287,4,4,1,-1,-1,-1
71,4,145,303,3,3,1,-1,-1,-1
71,5,384,394,4,4,1,-1,-1,-1
71,6,410,522,3,3,1,-1,-1,-1
71,7,442,564,3,5,1,-1,-1,-1
71,8,439,583,3,3,1,-1,-1,-1
71,9,220,596,3,3,1,-1,-1,-1
72,1,150,290,4,3,1,-1,-1,-1
72,2,144,305,3,3,1,-1,-1,-1
72,3,410,520,3,4,1,-1,-1,-1
72,4,441,565,4,5,1,-1,-1,-1
72,5,438,584,5,3,1,-1,-1,-1
73,1,150,291,4,3,1,-1,-1,-1
73,2,144,307,3,3,1,-1,-1,-1
73,3,386,395,3,3,1,-1,-1,-1
73,4,409,520,4,3,1,-1,-1,-1
73,5,442,566,3,4,1,-1,-1,-1
73,6,438,585,4,3,1,-1,-1,-1
74,1,212,91,4,6,1,-1,-1,-1
74,2,149,293,3,3,1,-1,-1,-1
74,3,142,308,4,3,1,-1,-1,-1
74,4,386,395,5,4,1,-1,-1,-1
74,5,441,568,4,4,1,-1,-1,-1
74,6,438,585,4,4,1,-1,-1,-1
74,7,220,592,4,3,1,-1,-1,-1
75,1,212,92,4,6,1,-1,-1,-1
75,2,148,294,4,4,1,-1,-1,-1
75,3,142,310,3,3,1,-1,-1,-1
75,4,409,518,3,3,1,-1,-1,-1
75,5,441,569,5,4,1,-1,-1,-1
75,6,437,586,5,4,1,-1,-1,-1
75,7,220,592,3,3,1,-1,-1,-1
76,1,147,296,4,4,1,-1,-1,-1
76,2,141,312,3,3,1,-1,-1,-1
76,3,409,517,3,3,1,-1,-1,-1
76,4,441,570,4,3,1,-1,-1,-1
76,5,438,588,4,3,1,-1,-1,-1
77,1,212,93,3,3,1,-1,-1,-1
77,2,147,298,3,4,1,-1,-1,-1
77,3,140,313,4,3,1,-1,-1,-1
77,4,388,396,4,3,1,-1,-1,-1
77,5,408,516,4,3,1,-1,-1,-1
77,6,412,531,3,3,1,-1,-1,-1
77,7,414,536,3,3,1,-1,-1,-1
77,8,441,570,3,4,1,-1,-1,-1
77,9,438,589,4,3,1,-1,-1,-1
78,1,146,299,4,4,1,-1,-1,-1
78,2,140,315,3,3,1,-1,-1,-1
78,3,408,515,3,3,1,-1,-1,-1
78,4,440,571,5,4,1,-1,-1,-1
78,5,438,589,3,4,1,-1,-1,-1
79,1,213,98,3,3,1,-1,-1,-1
79,2,145,301,4,4,1,-1,-1,-1
79,3,139,316,3,3,1,-1,-1,-1
79,4,597,462,3,3,1,-1,-1,-1
79,5,440,573,4,3,1,-1,-1,-1
79,6,437,590,4,4,1,-1,-1,-1
80,1,144,303,4,3,1,-1,-1,-1
80,2,138,318,3,4,1,-1,-1,-1
80,3,375,393,3,3,1,-1,-1,-1
80,4,407,513,3,3,1,-1,-1,-1
80,5,440,573,5,5,1,-1,-1,-1
80,6,436,591,4,3,1,-1,-1,-1
81,1,143,305,4,3,1,-1,-1,-1
81,2,137,320,4,3,1,-1,-1,-1
81,3,376,392,3,3,1,-1,-1,-1
81,4,392,396,3,3,1,-1,-1,-1
81,5,414,532,3,3,1,-1,-1,-1
81,6,440,574,5,5,1,-1,-1,-1
81,7,222,584,3,3,1,-1,-1,-1
81,8,437,592,4,4,1,-1,-1,-1
82,1,212,97,3,3,1,-1,-1,-1
82,2,143,306,4,4,1,-1,-1,-1
82,3,137,321,3,4,1,-1,-1,-1
82,4,392,397,3,3,1,-1,-1,-1
82,5,405,512,3,3,1,-1,-1,-1
82,6,414,531,3,3,1,-1,-1,-1
82,7,439,575,5,6,1,-1,-1,-1
82,8,436,593,5,4,1,-1,-1,-1
83,1,142,308,4,3,1,-1,-1,-1
83,2,136,323,4,4,1,-1,-1,-1
83,3,378,393,3,3,1,-1,-1,-1
83,4,413,529,4,4,1,-1,-1,-1
83,5,439,576,5,5,1,-1,-1,-1
83,6,436,594,5,4,1,-1,-1,-1
84,1,213,102,4,3,1,-1,-1,-1
84,2,141,309,4,4,1,-1,-1,-1
84,3,134,325,5,3,1,-1,-1,-1
84,4,378,393,3,3,1,-1,-1,-1
84,5,413,529,3,3,1,-1,-1,-1
84,6,440,578,3,3,1,-1,-1,-1
84,7,436,596,3,3,1,-1,-1,-1
85,1,215,102,3,3,1,-1,-1,-1
85,2,141,312,3,3,1,-1,-1,-1
85,3,134,327,3,3,1,-1,-1,-1
85,4,405,508,3,3,1,-1,-1,-1
85,5,439,579,4,3,1,-1,-1,-1
85,6,435,596,5,4,1,-1,-1,-1
86,1,213,100,3,3,1,-1,-1,-1
86,2,140,313,4,4,1,-1,-1,-1
86,3,134,328,3,4,1,-1,-1,-1
86,4,395,398,3,3,1,-1,-1,-1
86,5,440,580,3,4,1,-1,-1,-1
86,6,436,597,4,4,1,-1,-1,-1
87,1,218,72,3,3,1,-1,-1,-1
87,2,213,101,3,3,1,-1,-1,-1
87,3,139,314,4,4,1,-1,-1,-1
87,4,133,330,3,5,1,-1,-1,-1
87,5,396,398,3,3,1,-1,-1,-1
87,6,438,580,5,5,1,-1,-1,-1
87,7,435,598,3,3,1,-1,-1,-1
88,1,138,316,4,4,1,-1,-1,-1
88,2,132,332,3,3,1,-1,-1,-1
88,3,397,398,3,4,1,-1,-1,-1
88,4,412,525,3,3,1,-1,-1,-1
88,5,438,581,5,6,1,-1,-1,-1
88,6,435,599,5,4,1,-1,-1,-1
89,1,214,102,3,3,1,-1,-1,-1
89,2,138,318,3,4,1,-1,-1,-1
89,3,131,334,4,3,1,-1,-1,-1
89,4,224,576,3,3,1,-1,-1,-1
89,5,439,582,3,5,1,-1,-1,-1
89,6,434,600,5,4,1,-1,-1,-1
90,1,215,106,3,3,1,-1,-1,-1
90,2,137,320,4,4,1,-1,-1,-1
90,3,130,335,4,4,1,-1,-1,-1
90,4,435,601,3,3,1,-1,-1,-1
91,1,136,322,3,3,1,-1,-1,-1
91,2,130,337,3,4,1,-1,-1,-1
91,3,398,399,3,3,1,-1,-1,-1
91,4,224,574,3,4,1,-1,-1,-1
91,5,438,584,4,5,1,-1,-1,-1
91,6,435,602,3,3,1,-1,-1,-1
92,1,216,104,3,3,1,-1,-1,-1
92,2,135,323,4,4,1,-1,-1,-1
92,3,129,338,4,4,1,-1,-1,-1
92,4,384,395,3,3,1,-1,-1,-1
92,5,401,502,3,3,1,-1,-1,-1
92,6,438,586,4,4,1,-1,-1,-1
92,7,434,603,5,4,1,-1,-1,-1
93,1,215,105,3,3,1,-1,-1,-1
93,2,134,325,5,4,1,-1,-1,-1
93,3,128,340,3,4,1,-1,-1,-1
93,4,228,561,3,3,1,-1,-1,-1
93,5,225,572,3,3,1,-1,-1,-1
93,6,438,586,4,3,1,-1,-1,-1
93,7,434,604,4,3,1,-1,-1,-1
94,1,133,327,5,4,1,-1,-1,-1
94,2,127,342,4,4,1,-1,-1,-1
94,3,386,395,3,3,1,-1,-1,-1
94,4,401,399,4,4,1,-1,-1,-1
94,5,437,587,4,5,1,-1,-1,-1
94,6,433,605,3,3,1,-1,-1,-1
95,1,133,328,4,4,1,-1,-1,-1
95,2,126,344,4,3,1,-1,-1,-1
95,3,402,400,3,3,1,-1,-1,-1
95,4,437,588,4,5,1,-1,-1,-1
95,5,433,606,5,3,1,-1,-1,-1
96,1,216,107,3,3,1,-1,-1,-1
96,2,132,330,4,4,1,-1,-1,-1
96,3,126,346,4,3,1,-1,-1,-1
96,4,403,399,4,3,1,-1,-1,-1
96,5,409,517,3,3,1,-1,-1,-1
96,6,226,569,3,3,1,-1,-1,-1
96,7,437,589,3,3,1,-1,-1,-1
96,8,434,606,3,3,1,-1,-1,-1
97,1,215,108,4,3,1,-1,-1,-1
97,2,131,332,4,4,1,-1,-1,-1
97,3,405,399,3,3,1,-1,-1,-1
97,4,437,590,3,3,1,-1,-1,-1
98,1,217,109,5,5,1,-1,-1,-1
98,2,131,334,4,4,1,-1,-1,-1
98,3,124,349,3,3,1,-1,-1,-1
98,4,404,400,4,4,1,-1,-1,-1
98,5,398,496,3,3,1,-1,-1,-1
98,6,436,591,4,3,1,-1,-1,-1
99,1,219,112,3,3,1,-1,-1,-1
99,2,129,335,5,4,1,-1,-1,-1
99,3,124,351,3,3,1,-1,-1,-1
99,4,389,396,3,3,1,-1,-1,-1
99,5,405,400,3,4,1,-1,-1,-1
99,6,226,566,3,3,1,-1,-1,-1
99,7,437,592,4,3,1,-1,-1,-1
100,1,219,113,3,3,1,-1,-1,-1
100,2,129,337,4,4,1,-1,-1,-1
100,3,123,352,3,4,1,-1,-1,-1
100,4,389,396,5,4,1,-1,-1,-1
100,5,227,564,3,4,1,-1,-1,-1
100,6,437,593,3,4,1,-1,-1,-1
101,1,213,80,3,3,1,-1,-1,-1
101,2,128,339,4,4,1,-1,-1,-1
101,3,122,355,3,3,1,-1,-1,-1
101,4,227,564,3,3,1,-1,-1,-1
101,5,437,594,3,5,1,-1,-1,-1
102,1,127,340,4,4,1,-1,-1,-1
102,2,121,356,4,4,1,-1,-1,-1
102,3,436,595,4,3,1,-1,-1,-1
103,1,126,342,5,4,1,-1,-1,-1
103,2,120,358,4,4,1,-1,-1,-1
103,3,408,401,3,3,1,-1,-1,-1
103,4,435,596,5,4,1,-1,-1,-1
104,1,126,344,4,4,1,-1,-1,-1
104,2,119,360,4,4,1,-1,-1,-1
104,3,392,397,3,3,1,-1,-1,-1
104,4,435,597,4,4,1,-1,-1,-1
105,1,124,346,5,4,1,-1,-1,-1
105,2,119,362,3,3,1,-1,-1,-1
105,3,410,401,3,3,1,-1,-1,-1
105,4,394,490,3,3,1,-1,-1,-1
105,5,435,598,4,4,1,-1,-1,-1
106,1,544,85,3,4,1,-1,-1,-1
106,2,223,116,3,3,1,-1,-1,-1
106,3,124,348,4,4,1,-1,-1,-1
106,4,118,363,4,4,1,-1,-1,-1
106,5,393,397,4,3,1,-1,-1,-1
106,6,410,402,3,3,1,-1,-1,-1
107,1,124,350,3,3,1,-1,-1,-1
107,2,117,365,4,3,1,-1,-1,-1
107,3,410,403,3,3,1,-1,-1,-1
107,4,436,599,3,4,1,-1,-1,-1
107,5,431,618,3,3,1,-1,-1,-1
108,1,224,117,3,3,1,-1,-1,-1
108,2,123,351,4,4,1,-1,-1,-1
108,3,116,367,4,3,1,-1,-1,-1
108,4,411,403,3,3,1,-1,-1,-1
108,5,435,600,4,4,1,-1,-1,-1
108,6,431,618,3,3,1,-1,-1,-1
109,1,212,83,4,5,1,-1,-1,-1
109,2,123,353,3,3,1,-1,-1,-1
109,3,116,368,3,3,1,-1,-1,-1
109,4,397,398,3,3,1,-1,-1,-1
109,5,413,401,3,3,1,-1,-1,-1
109,6,229,555,3,3,1,-1,-1,-1
109,7,434,600,3,4,1,-1,-1,-1
110,1,121,354,4,4,1,-1,-1,-1
110,2,115,370,4,4,1,-1,-1,-1
110,3,397,399,4,3,1,-1,-1,-1
110,4,412,403,4,3,1,-1,-1,-1
111,1,213,83,3,3,1,-1,-1,-1
111,2,120,356,4,5,1,-1,-1,-1
111,3,114,372,4,3,1,-1,-1,-1
111,4,434,603,3,3,1,-1,-1,-1
112,1,545,82,3,4,1,-1,-1,-1
112,2,212,85,4,5,1,-1,-1,-1
112,3,120,358,3,4,1,-1,-1,-1
112,4,114,374,3,3,1,-1,-1,-1
112,5,415,403,3,3,1,-1,-1,-1
112,6,435,604,3,3,1,-1,-1,-1
113,1,226,120,3,3,1,-1,-1,-1
113,2,119,360,4,3,1,-1,-1,-1
113,3,113,375,3,3,1,-1,-1,-1
113,4,416,403,3,3,1,-1,-1,-1
113,5,430,622,3,3,1,-1,-1,-1
114,1,212,86,3,5,1,-1,-1,-1
114,2,227,120,3,3,1,-1,-1,-1
114,3,118,361,5,4,1,-1,-1,-1
114,4,112,377,4,3,1,-1,-1,-1
114,5,416,403,3,3,1,-1,-1,-1
114,6,389,482,3,3,1,-1,-1,-1
114,7,430,623,4,3,1,-1,-1,-1
115,1,225,119,6,5,1,-1,-1,-1
115,2,118,363,3,4,1,-1,-1,-1
115,3,111,379,4,3,1,-1,-1,-1
115,4,401,398,3,5,1,-1,-1,-1
115,5,416,404,3,3,1,-1,-1,-1
115,6,434,606,3,3,1,-1,-1,-1
116,1,228,121,3,4,1,-1,-1,-1
116,2,117,365,3,4,1,-1,-1,-1
116,3,111,381,3,3,1,-1,-1,-1
116,4,388,480,3,3,1,-1,-1,-1
116,5,400,498,3,4,1,-1,-1,-1
117,1,228,121,4,4,1,-1,-1,-1
117,2,116,366,4,5,1,-1,-1,-1
117,3,561,379,3,3,1,-1,-1,-1
117,4,110,382,3,4,1,-1,-1,-1
117,5,231,546,3,3,1,-1,-1,-1
118,1,211,88,4,6,1,-1,-1,-1
118,2,115,368,4,4,1,-1,-1,-1
118,3,109,384,3,4,1,-1,-1,-1
118,4,403,399,3,3,1,-1,-1,-1
118,5,429,626,3,3,1,-1,-1,-1
119,1,227,119,4,4,1,-1,-1,-1
119,2,114,370,4,4,1,-1,-1,-1
119,3,108,385,3,4,1,-1,-1,-1
119,4,404,399,3,3,1,-1,-1,-1
120,1,231,123,3,3,1,-1,-1,-1
120,2,113,372,4,4,1,-1,-1,-1
120,3,107,387,4,4,1,-1,-1,-1
120,4,419,406,3,3,1,-1,-1,-1
120,5,386,476,3,3,1,-1,-1,-1
120,6,397,495,3,3,1,-1,-1,-1
120,7,231,544,3,3,1,-1,-1,-1
121,1,211,91,4,5,1,-1,-1,-1
121,2,228,121,6,5,1,-1,-1,-1
121,3,113,373,4,5,1,-1,-1,-1
121,4,107,389,3,4,1,-1,-1,-1
122,1,232,123,3,3,1,-1,-1,-1
122,2,112,375,4,4,1,-1,-1,-1
122,3,106,391,4,3,1,-1,-1,-1
122,4,421,405,3,3,1,-1,-1,-1
122,5,385,475,3,3,1,-1,-1,-1
123,1,229,121,6,6,1,-1,-1,-1
123,2,112,377,3,3,1,-1,-1,-1
123,3,105,392,4,4,1,-1,-1,-1
123,4,384,474,3,3,1,-1,-1,-1
123,5,232,540,3,3,1,-1,-1,-1
124,1,212,93,3,5,1,-1,-1,-1
124,2,110,379,4,3,1,-1,-1,-1
124,3,104,394,4,4,1,-1,-1,-1
124,4,232,540,3,3,1,-1,-1,-1
125,1,211,93,4,6,1,-1,-1,-1
125,2,231,123,3,3,1,-1,-1,-1
125,3,110,380,4,4,1,-1,-1,-1
125,4,103,396,4,3,1,-1,-1,-1
125,5,384,472,4,3,1,-1,-1,-1
126,1,566,377,3,3,1,-1,-1,-1
126,2,109,382,4,4,1,-1,-1,-1
127,1,567,377,3,3,1,-1,-1,-1
127,2,108,383,4,4,1,-1,-1,-1
127,3,102,399,3,4,1,-1,-1,-1
128,1,213,98,3,3,1,-1,-1,-1
128,2,107,386,4,3,1,-1,-1,-1
128,3,101,401,4,3,1,-1,-1,-1
129,1,211,96,4,5,1,-1,-1,-1
129,2,106,387,5,4,1,-1,-1,-1
129,3,100,403,4,3,1,-1,-1,-1
129,4,382,468,3,3,1,-1,-1,-1
129,5,431,619,3,3,1,-1,-1,-1
130,1,213,96,3,3,1,-1,-1,-1
130,2,106,389,4,4,1,-1,-1,-1
130,3,100,404,3,4,1,-1,-1,-1
131,1,213,100,4,4,1,-1,-1,-1
131,2,235,124,3,4,1,-1,-1,-1
131,3,105,391,4,4,1,-1,-1,-1
131,4,410,401,4,4,1,-1,-1,-1
131,5,99,406,3,4,1,-1,-1,-1
132,1,104,392,4,4,1,-1,-1,-1
132,2,98,408,4,4,1,-1,-1,-1
132,3,426,408,3,3,1,-1,-1,-1
133,1,213,102,3,3,1,-1,-1,-1
133,2,570,377,3,3,1,-1,-1,-1
133,3,104,394,4,4,1,-1,-1,-1
133,4,97,410,5,3,1,-1,-1,-1
133,5,430,622,3,3,1,-1,-1,-1
134,1,213,103,3,3,1,-1,-1,-1
134,2,237,126,3,3,1,-1,-1,-1
134,3,102,396,5,4,1,-1,-1,-1
134,4,96,411,4,4,1,-1,-1,-1
134,5,390,482,3,3,1,-1,-1,-1
134,6,429,622,4,4,1,-1,-1,-1
135,1,572,376,3,4,1,-1,-1,-1
135,2,102,397,4,5,1,-1,-1,-1
135,3,96,413,3,4,1,-1,-1,-1
136,1,212,101,5,6,1,-1,-1,-1
136,2,239,125,3,3,1,-1,-1,-1
136,3,101,399,4,5,1,-1,-1,-1
136,4,95,415,3,3,1,-1,-1,-1
137,1,574,376,3,3,1,-1,-1,-1
137,2,101,401,3,4,1,-1,-1,-1
137,3,94,417,4,3,1,-1,-1,-1
137,4,377,461,4,3,1,-1,-1,-1
137,5,235,526,3,4,1,-1,-1,-1
138,1,215,105,3,3,1,-1,-1,-1
138,2,240,127,3,3,1,-1,-1,-1
138,3,574,376,3,4,1,-1,-1,-1
138,4,100,403,4,4,1,-1,-1,-1
138,5,93,419,3,3,1,-1,-1,-1
138,6,378,460,3,3,1,-1,-1,-1
138,7,429,625,4,4,1,-1,-1,-1
139,1,244,127,3,3,1,-1,-1,-1
139,2,575,376,3,4,1,-1,-1,-1
139,3,99,405,4,4,1,-1,-1,-1
139,4,430,410,3,3,1,-1,-1,-1
139,5,93,420,3,4,1,-1,-1,-1
139,6,238,513,3,3,1,-1,-1,-1
140,1,98,406,4,4,1,-1,-1,-1
140,2,92,422,4,3,1,-1,-1,-1
140,3,376,458,3,3,1,-1,-1,-1
141,1,215,105,4,5,1,-1,-1,-1
141,2,97,408,4,4,1,-1,-1,-1
141,3,91,424,4,3,1,-1,-1,-1
141,4,236,522,3,3,1,-1,-1,-1
142,1,215,106,3,5,1,-1,-1,-1
142,2,243,127,3,3,1,-1,-1,-1
142,3,577,376,3,3,1,-1,-1,-1
142,4,97,410,4,4,1,-1,-1,-1
142,5,90,425,4,4,1,-1,-1,-1
143,1,244,127,3,3,1,-1,-1,-1
143,2,96,411,4,5,1,-1,-1,-1
143,3,432,411,3,3,1,-1,-1,-1
143,4,89,427,4,4,1,-1,-1,-1
143,5,237,520,3,3,1,-1,-1,-1
144,1,217,110,3,3,1,-1,-1,-1
144,2,417,404,3,3,1,-1,-1,-1
144,3,95,413,4,4,1,-1,-1,-1
144,4,89,429,3,4,1,-1,-1,-1
144,5,424,648,3,3,1,-1,-1,-1
145,1,217,110,3,3,1,-1,-1,-1
145,2,249,127,3,3,1,-1,-1,-1
145,3,579,376,3,4,1,-1,-1,-1
145,4,417,403,3,4,1,-1,-1,-1
145,5,94,415,4,4,1,-1,-1,-1
145,6,88,430,4,4,1,-1,-1,-1
145,7,423,649,4,3,1,-1,-1,-1
146,1,246,127,3,3,1,-1,-1,-1
146,2,580,377,3,3,1,-1,-1,-1
146,3,93,416,5,5,1,-1,-1,-1
146,4,87,432,3,4,1,-1,-1,-1
146,5,237,517,3,3,1,-1,-1,-1
146,6,423,649,5,3,1,-1,-1,-1
147,1,247,126,6,4,1,-1,-1,-1
147,2,92,419,5,3,1,-1,-1,-1
147,3,86,434,4,3,1,-1,-1,-1
147,4,373,452,4,4,1,-1,-1,-1
147,5,237,516,3,3,1,-1,-1,-1
147,6,424,650,3,3,1,-1,-1,-1
148,1,217,109,4,6,1,-1,-1,-1
148,2,251,127,3,3,1,-1,-1,-1
148,3,581,376,3,5,1,-1,-1,-1
148,4,564,380,3,3,1,-1,-1,-1
148,5,434,413,3,3,1,-1,-1,-1
148,6,92,420,4,4,1,-1,-1,-1
148,7,86,436,3,3,1,-1,-1,-1
148,8,373,451,3,3,1,-1,-1,-1
149,1,248,127,3,3,1,-1,-1,-1
149,2,252,127,3,3,1,-1,-1,-1
149,3,564,381,3,3,1,-1,-1,-1
149,4,419,406,3,3,1,-1,-1,-1
149,5,91,422,4,4,1,-1,-1,-1
149,6,85,437,3,4,1,-1,-1,-1
149,7,423,652,3,3,1,-1,-1,-1
150,1,0,25,2,3,1,-1,-1,-1
150,2,249,126,6,4,1,-1,-1,-1
150,3,583,376,3,4,1,-1,-1,-1
150,4,90,423,4,5,1,-1,-1,-1
150,5,84,440,3,3,1,-1,-1,-1
151,1,250,127,3,3,1,-1,-1,-1
151,2,583,377,3,4,1,-1,-1,-1
151,3,565,380,3,3,1,-1,-1,-1
151,4,90,426,4,4,1,-1,-1,-1
151,5,83,441,4,4,1,-1,-1,-1
151,6,372,448,3,3,1,-1,-1,-1
151,7,238,512,3,3,1,-1,-1,-1
152,1,0,23,2,3,1,-1,-1,-1
152,2,219,112,4,5,1,-1,-1,-1
152,3,251,126,3,3,1,-1,-1,-1
152,4,584,378,3,3,1,-1,-1,-1
152,5,88,427,5,4,1,-1,-1,-1
152,6,82,443,4,3,1,-1,-1,-1
152,7,422,654,4,3,1,-1,-1,-1
153,1,251,127,3,3,1,-1,-1,-1
153,2,255,126,3,4,1,-1,-1,-1
153,3,88,429,4,4,1,-1,-1,-1
153,4,82,444,3,3,1,-1,-1,-1
153,5,372,447,3,3,1,-1,-1,-1
153,6,423,655,3,3,1,-1,-1,-1
154,1,221,115,3,3,1,-1,-1,-1
154,2,252,127,3,3,1,-1,-1,-1
154,3,87,430,4,5,1,-1,-1,-1
154,4,370,445,4,4,1,-1,-1,-1
154,5,81,446,4,4,1,-1,-1,-1
155,1,586,377,3,4,1,-1,-1,-1
155,2,87,432,4,4,1,-1,-1,-1
155,3,601,440,3,3,1,-1,-1,-1
155,4,370,444,4,3,1,-1,-1,-1
155,5,80,448,4,3,1,-1,-1,-1
155,6,422,656,3,3,1,-1,-1,-1
156,1,0,23,2,4,1,-1,-1,-1
156,2,222,116,3,3,1,-1,-1,-1
156,3,254,125,6,5,1,-1,-1,-1
156,4,587,378,3,4,1,-1,-1,-1
156,5,86,434,4,4,1,-1,-1,-1
156,6,80,449,3,4,1,-1,-1,-1
156,7,421,657,3,3,1,-1,-1,-1
157,1,0,23,3,3,1,-1,-1,-1
157,2,221,115,5,4,1,-1,-1,-1
157,3,258,125,3,3,1,-1,-1,-1
157,4,588,377,3,4,1,-1,-1,-1
157,5,437,417,3,3,1,-1,-1,-1
157,6,85,435,4,4,1,-1,-1,-1
157,7,78,451,4,4,1,-1,-1,-1
158,1,259,125,3,3,1,-1,-1,-1
158,2,570,379,3,3,1,-1,-1,-1
158,3,84,437,4,4,1,-1,-1,-1
158,4,78,453,4,3,1,-1,-1,-1
158,5,379,460,3,3,1,-1,-1,-1
159,1,221,116,3,3,1,-1,-1,-1
159,2,256,124,6,5,1,-1,-1,-1
159,3,571,378,3,3,1,-1,-1,-1
159,4,589,378,3,3,1,-1,-1,-1
159,5,84,439,4,4,1,-1,-1,-1
159,6,77,454,4,4,1,-1,-1,-1
159,7,378,459,3,3,1,-1,-1,-1
160,1,224,118,3,3,1,-1,-1,-1
160,2,368,439,3,3,1,-1,-1,-1
160,3,83,441,4,3,1,-1,-1,-1
160,4,77,456,3,3,1,-1,-1,-1
160,5,243,491,3,3,1,-1,-1,-1
160,6,426,641,3,3,1,-1,-1,-1
160,7,420,659,3,3,1,-1,-1,-1
161,1,261,124,3,3,1,-1,-1,-1
161,2,590,379,3,3,1,-1,-1,-1
161,3,82,442,4,5,1,-1,-1,-1
161,4,75,458,5,3,1,-1,-1,-1
162,1,258,123,6,5,1,-1,-1,-1
162,2,368,437,3,3,1,-1,-1,-1
162,3,81,444,5,4,1,-1,-1,-1
162,4,75,460,3,3,1,-1,-1,-1
162,5,421,660,3,3,1,-1,-1,-1
163,1,226,119,3,3,1,-1,-1,-1
163,2,592,379,3,3,1,-1,-1,-1
163,3,367,436,3,3,1,-1,-1,-1
163,4,80,446,4,4,1,-1,-1,-1
163,5,74,461,4,4,1,-1,-1,-1
164,1,224,118,4,3,1,-1,-1,-1
164,2,263,123,3,3,1,-1,-1,-1
164,3,593,379,3,3,1,-1,-1,-1
164,4,367,435,3,3,1,-1,-1,-1
164,5,79,447,5,5,1,-1,-1,-1
164,6,376,454,3,3,1,-1,-1,-1
164,7,73,463,4,4,1,-1,-1,-1
165,1,225,118,5,5,1,-1,-1,-1
165,2,263,122,3,3,1,-1,-1,-1
165,3,575,377,3,3,1,-1,-1,-1
165,4,593,380,3,3,1,-1,-1,-1
165,5,366,434,3,3,1,-1,-1,-1
165,6,78,449,5,4,1,-1,-1,-1
165,7,73,465,4,3,1,-1,-1,-1
165,8,242,497,3,3,1,-1,-1,-1
166,1,261,122,6,5,1,-1,-1,-1
166,2,594,380,3,3,1,-1,-1,-1
166,3,78,451,4,4,1,-1,-1,-1
166,4,72,466,3,4,1,-1,-1,-1
166,5,242,496,3,3,1,-1,-1,-1
166,6,425,646,3,3,1,-1,-1,-1
167,1,261,121,6,5,1,-1,-1,-1
167,2,595,379,3,4,1,-1,-1,-1
167,3,366,432,3,3,1,-1,-1,-1
167,4,77,452,4,5,1,-1,-1,-1
167,5,71,468,3,4,1,-1,-1,-1
167,6,424,646,3,3,1,-1,-1,-1
167,7,420,663,3,3,1,-1,-1,-1
168,1,318,102,3,3,1,-1,-1,-1
168,2,227,120,5,4,1,-1,-1,-1
168,3,262,123,3,3,1,-1,-1,-1
168,4,439,422,3,3,1,-1,-1,-1
168,5,77,454,4,5,1,-1,-1,-1
168,6,70,470,4,4,1,-1,-1,-1
169,1,227,120,4,4,1,-1,-1,-1
169,2,263,121,6,5,1,-1,-1,-1
169,3,597,381,3,3,1,-1,-1,-1
169,4,76,456,3,4,1,-1,-1,-1
169,5,69,472,5,4,1,-1,-1,-1
170,1,264,121,5,5,1,-1,-1,-1
170,2,231,122,3,3,1,-1,-1,-1
170,3,597,381,3,3,1,-1,-1,-1
170,4,75,458,4,5,1,-1,-1,-1
170,5,68,473,4,4,1,-1,-1,-1
170,6,419,665,3,3,1,-1,-1,-1
171,1,229,121,5,4,1,-1,-1,-1
171,2,264,122,3,3,1,-1,-1,-1
171,3,580,378,3,3,1,-1,-1,-1
171,4,597,381,4,3,1,-1,-1,-1
171,5,440,424,3,3,1,-1,-1,-1
171,6,74,459,5,5,1,-1,-1,-1
171,7,68,475,3,5,1,-1,-1,-1
172,1,265,120,6,5,1,-1,-1,-1
172,2,232,123,3,3,1,-1,-1,-1
172,3,580,377,3,3,1,-1,-1,-1
172,4,599,381,3,3,1,-1,-1,-1
172,5,373,447,3,3,1,-1,-1,-1
172,6,73,461,4,5,1,-1,-1,-1
172,7,67,477,5,4,1,-1,-1,-1
173,1,268,119,4,4,1,-1,-1,-1
173,2,233,123,3,3,1,-1,-1,-1
173,3,581,377,3,3,1,-1,-1,-1
173,4,599,381,3,3,1,-1,-1,-1
173,5,372,446,3,3,1,-1,-1,-1
173,6,73,463,4,4,1,-1,-1,-1
173,7,66,479,4,3,1,-1,-1,-1
173,8,244,489,3,3,1,-1,-1,-1
174,1,269,119,3,3,1,-1,-1,-1
174,2,233,124,3,3,1,-1,-1,-1
174,3,600,380,3,5,1,-1,-1,-1
174,4,370,445,4,3,1,-1,-1,-1
174,5,72,465,4,4,1,-1,-1,-1
174,6,66,481,3,3,1,-1,-1,-1
174,7,244,488,3,3,1,-1,-1,-1
175,1,231,122,6,5,1,-1,-1,-1
175,2,583,378,3,3,1,-1,-1,-1
175,3,601,382,3,3,1,-1,-1,-1
175,4,71,467,4,4,1,-1,-1,-1
175,5,65,482,3,4,1,-1,-1,-1
175,6,244,487,3,3,1,-1,-1,-1
176,1,267,120,3,3,1,-1,-1,-1
176,2,602,382,3,4,1,-1,-1,-1
176,3,371,443,3,3,1,-1,-1,-1
176,4,70,468,4,5,1,-1,-1,-1
176,5,64,484,3,3,1,-1,-1,-1
176,6,245,485,3,3,1,-1,-1,-1
177,1,268,117,6,6,1,-1,-1,-1
177,2,584,377,4,5,1,-1,-1,-1
177,3,602,382,3,4,1,-1,-1,-1
177,4,69,470,4,4,1,-1,-1,-1
177,5,63,486,4,4,1,-1,-1,-1
178,1,603,382,4,3,1,-1,-1,-1
178,2,69,472,3,4,1,-1,-1,-1
178,3,245,484,4,3,1,-1,-1,-1
178,4,62,488,4,4,1,-1,-1,-1
179,1,272,116,3,3,1,-1,-1,-1
179,2,237,125,3,3,1,-1,-1,-1
179,3,586,378,3,3,1,-1,-1,-1
179,4,604,382,3,3,1,-1,-1,-1
179,5,249,472,3,3,1,-1,-1,-1
179,6,68,474,4,4,1,-1,-1,-1
179,7,61,489,4,4,1,-1,-1,-1
180,1,273,116,3,3,1,-1,-1,-1
180,2,238,125,3,3,1,-1,-1,-1
180,3,587,379,3,3,1,-1,-1,-1
180,4,605,382,3,5,1,-1,-1,-1
180,5,67,475,5,4,1,-1,-1,-1
180,6,246,482,3,3,1,-1,-1,-1
180,7,61,491,3,4,1,-1,-1,-1
181,1,272,115,3,3,1,-1,-1,-1
181,2,605,382,3,4,1,-1,-1,-1
181,3,66,477,4,4,1,-1,-1,-1
181,4,60,493,4,3,1,-1,-1,-1
182,1,271,115,6,4,1,-1,-1,-1
182,2,606,382,4,4,1,-1,-1,-1
182,3,65,479,4,4,1,-1,-1,-1
182,4,59,494,4,4,1,-1,-1,-1
183,1,272,117,3,3,1,-1,-1,-1
183,2,240,125,3,3,1,-1,-1,-1
183,3,607,383,3,3,1,-1,-1,-1
183,4,65,480,4,5,1,-1,-1,-1
183,5,59,496,3,4,1,-1,-1,-1
183,6,419,672,3,2,1,-1,-1,-1
184,1,274,113,3,3,1,-1,-1,-1
184,2,608,383,3,4,1,-1,-1,-1
184,3,64,482,4,4,1,-1,-1,-1
184,4,58,498,3,4,1,-1,-1,-1
185,1,272,113,6,5,1,-1,-1,-1
185,2,238,125,3,3,1,-1,-1,-1
185,3,608,384,4,3,1,-1,-1,-1
185,4,247,477,3,3,1,-1,-1,-1
185,5,63,484,4,4,1,-1,-1,-1
185,6,57,500,3,3,1,-1,-1,-1
186,1,273,115,3,3,1,-1,-1,-1
186,2,609,383,4,5,1,-1,-1,-1
186,3,442,433,3,3,1,-1,-1,-1
186,4,248,476,3,3,1,-1,-1,-1
186,5,62,486,4,4,1,-1,-1,-1
186,6,56,501,4,4,1,-1,-1,-1
187,1,274,115,3,3,1,-1,-1,-1
187,2,610,383,3,4,1,-1,-1,-1
187,3,62,488,4,3,1,-1,-1,-1
187,4,55,503,4,4,1,-1,-1,-1
188,1,274,111,6,6,1,-1,-1,-1
188,2,611,383,3,4,1,-1,-1,-1
188,3,442,434,3,3,1,-1,-1,-1
188,4,249,474,3,3,1,-1,-1,-1
188,5,61,489,4,4,1,-1,-1,-1
188,6,55,505,4,4,1,-1,-1,-1
189,1,275,114,3,3,1,-1,-1,-1
189,2,244,127,3,3,1,-1,-1,-1
189,3,611,384,4,4,1,-1,-1,-1
189,4,60,491,4,4,1,-1,-1,-1
189,5,54,507,3,4,1,-1,-1,-1
190,1,276,110,6,7,1,-1,-1,-1
190,2,242,126,6,3,1,-1,-1,-1
190,3,594,381,3,3,1,-1,-1,-1
190,4,613,383,3,5,1,-1,-1,-1
190,5,59,493,5,4,1,-1,-1,-1
190,6,53,509,3,3,1,-1,-1,-1
191,1,276,110,6,5,1,-1,-1,-1
191,2,246,126,3,3,1,-1,-1,-1
191,3,595,380,4,4,1,-1,-1,-1
191,4,613,384,4,4,1,-1,-1,-1
191,5,58,494,4,5,1,-1,-1,-1
191,6,53,511,3,3,1,-1,-1,-1
192,1,277,109,5,6,1,-1,-1,-1
192,2,243,126,3,3,1,-1,-1,-1
192,3,247,126,3,3,1,-1,-1,-1
192,4,614,385,4,4,1,-1,-1,-1
192,5,443,436,3,3,1,-1,-1,-1
192,6,58,496,4,4,1,-1,-1,-1
192,7,52,512,3,3,1,-1,-1,-1
193,1,277,109,7,6,1,-1,-1,-1
193,2,615,384,4,5,1,-1,-1,-1
193,3,250,469,3,3,1,-1,-1,-1
193,4,57,498,4,4,1,-1,-1,-1
193,5,51,514,3,4,1,-1,-1,-1
194,1,342,60,4,3,1,-1,-1,-1
194,2,281,109,3,3,1,-1,-1,-1
194,3,245,126,6,4,1,-1,-1,-1
194,4,597,381,4,3,1,-1,-1,-1
194,5,616,385,4,4,1,-1,-1,-1
194,6,362,423,3,3,1,-1,-1,-1
194,7,250,468,3,3,1,-1,-1,-1
194,8,56,501,3,3,1,-1,-1,-1
194,9,50,516,4,4,1,-1,-1,-1
195,1,279,108,6,6,1,-1,-1,-1
195,2,246,126,6,4,1,-1,-1,-1
195,3,599,381,3,4,1,-1,-1,-1
195,4,617,385,3,3,1,-1,-1,-1
195,5,361,422,4,5,1,-1,-1,-1
195,6,251,467,3,3,1,-1,-1,-1
195,7,55,501,4,5,1,-1,-1,-1
195,8,49,518,5,3,1,-1,-1,-1
196,1,280,111,3,3,1,-1,-1,-1
196,2,599,381,4,3,1,-1,-1,-1
196,3,617,384,3,6,1,-1,-1,-1
196,4,55,504,4,4,1,-1,-1,-1
196,5,49,520,3,3,1,-1,-1,-1
197,1,280,107,6,6,1,-1,-1,-1
197,2,601,381,3,3,1,-1,-1,-1
197,3,618,386,2,4,1,-1,-1,-1
197,4,251,464,3,3,1,-1,-1,-1
197,5,54,505,4,5,1,-1,-1,-1
197,6,48,521,4,4,1,-1,-1,-1
