1,2,1258,475,3,4,1,-1,-1,-1
1,3,1273,474,8,8,1,-1,-1,-1
1,4,1268,476,4,4,1,-1,-1,-1
1,5,310,507,3,3,1,-1,-1,-1
2,2,203,73,9,10,1,-1,-1,-1
2,3,715,411,4,3,1,-1,-1,-1
2,4,1274,472,3,3,1,-1,-1,-1
2,5,1270,472,13,8,1,-1,-1,-1
2,6,1257,476,4,3,1,-1,-1,-1
2,7,1252,481,4,4,1,-1,-1,-1
2,8,309,501,3,3,1,-1,-1,-1
2,9,309,506,5,3,1,-1,-1,-1
3,2,204,73,17,13,1,-1,-1,-1
3,3,680,214,4,3,1,-1,-1,-1
3,4,368,253,3,3,1,-1,-1,-1
3,5,324,263,3,3,1,-1,-1,-1
3,6,715,410,3,3,1,-1,-1,-1
3,7,1271,472,6,6,1,-1,-1,-1
3,8,1275,472,8,8,1,-1,-1,-1
3,9,1252,481,3,4,1,-1,-1,-1
3,10,308,501,6,3,1,-1,-1,-1
3,11,311,505,3,3,1,-1,-1,-1
4,1,196,61,21,21,1,-1,-1,-1
4,2,219,66,21,20,1,-1,-1,-1
4,3,368,253,3,3,1,-1,-1,-1
4,4,1275,471,8,10,1,-1,-1,-1
4,5,308,501,3,3,1,-1,-1,-1
5,2,682,213,3,3,1,-1,-1,-1
5,3,367,247,4,4,1,-1,-1,-1
5,4,1277,471,6,8,1,-1,-1,-1
6,2,681,213,3,3,1,-1,-1,-1
6,3,367,247,3,4,1,-1,-1,-1
6,4,368,252,3,3,1,-1,-1,-1
6,5,235,392,4,3,1,-1,-1,-1
6,6,713,404,4,4,1,-1,-1,-1
6,7,1277,469,3,3,1,-1,-1,-1
6,8,1277,470,6,8,1,-1,-1,-1
6,9,1273,473,3,3,1,-1,-1,-1
6,10,1255,479,3,3,1,-1,-1,-1
6,11,309,499,3,3,1,-1,-1,-1
6,12,309,504,4,3,1,-1,-1,-1
7,2,367,247,3,3,1,-1,-1,-1
7,3,368,252,3,3,1,-1,-1,-1
7,4,1277,468,5,3,1,-1,-1,-1
7,5,1273,472,10,6,1,-1,-1,-1
7,6,1250,484,3,3,1,-1,-1,-1
8,2,385,100,3,3,1,-1,-1,-1
8,3,367,247,3,3,1,-1,-1,-1
8,4,368,252,3,3,1,-1,-1,-1
8,5,1274,468,9,10,1,-1,-1,-1
8,6,1249,484,4,4,1,-1,-1,-1
8,7,1082,489,3,3,1,-1,-1,-1
9,1,212,65,21,22,1,-1,-1,-1
9,2,234,70,21,21,1,-1,-1,-1
9,3,385,99,3,3,1,-1,-1,-1
9,4,366,246,6,4,1,-1,-1,-1
9,5,713,402,4,5,1,-1,-1,-1
9,6,1275,466,8,11,1,-1,-1,-1
9,7,1252,482,4,3,1,-1,-1,-1
9,8,308,498,3,3,1,-1,-1,-1
10,2,1276,465,7,11,1,-1,-1,-1
10,3,1251,483,3,3,1,-1,-1,-1
10,4,1248,487,3,3,1,-1,-1,-1
11,2,682,215,3,3,1,-1,-1,-1
11,3,367,246,3,3,1,-1,-1,-1
11,4,368,251,3,3,1,-1,-1,-1
11,5,1281,465,2,4,1,-1,-1,-1
11,6,1280,470,3,7,1,-1,-1,-1
11,7,1250,483,4,3,1,-1,-1,-1
11,8,1247,488,3,3,1,-1,-1,-1
11,9,308,497,3,3,1,-1,-1,-1
12,2,235,82,7,9,1,-1,-1,-1
12,3,386,99,3,3,1,-1,-1,-1
12,4,366,246,4,3,1,-1,-1,-1
12,5,367,250,5,4,1,-1,-1,-1
12,6,713,402,3,4,1,-1,-1,-1
12,7,1279,468,4,6,1,-1,-1,-1
12,8,1246,489,4,3,1,-1,-1,-1
13,2,368,250,3,3,1,-1,-1,-1
13,3,1278,468,4,3,1,-1,-1,-1
13,4,1248,485,4,3,1,-1,-1,-1
13,5,1245,489,4,4,1,-1,-1,-1
14,1,226,70,21,21,1,-1,-1,-1
14,2,249,74,22,22,1,-1,-1,-1
14,3,682,214,3,4,1,-1,-1,-1
14,4,367,245,3,3,1,-1,-1,-1
14,5,367,250,3,3,1,-1,-1,-1
14,6,713,400,3,4,1,-1,-1,-1
14,7,714,405,3,3,1,-1,-1,-1
14,8,1278,467,4,5,1,-1,-1,-1
14,9,1248,484,5,5,1,-1,-1,-1
14,10,1075,491,3,3,1,-1,-1,-1
14,11,1244,490,4,4,1,-1,-1,-1
14,12,308,495,3,3,1,-1,-1,-1
14,13,309,500,3,3,1,-1,-1,-1
15,2,367,248,5,5,1,-1,-1,-1
15,3,322,263,3,3,1,-1,-1,-1
15,4,713,400,3,4,1,-1,-1,-1
15,5,714,405,3,3,1,-1,-1,-1
15,6,1280,465,3,4,1,-1,-1,-1
15,7,1247,487,3,3,1,-1,-1,-1
15,8,1080,489,3,3,1,-1,-1,-1
15,9,1244,491,3,3,1,-1,-1,-1
15,10,307,495,4,3,1,-1,-1,-1
15,11,308,499,3,3,1,-1,-1,-1
16,2,367,249,3,3,1,-1,-1,-1
16,3,1280,465,3,5,1,-1,-1,-1
16,4,1247,487,4,3,1,-1,-1,-1
16,5,1242,491,5,4,1,-1,-1,-1
17,2,681,213,3,3,1,-1,-1,-1
17,3,366,244,4,3,1,-1,-1,-1
17,4,367,249,3,3,1,-1,-1,-1
17,5,713,399,3,3,1,-1,-1,-1
17,6,1247,488,4,3,1,-1,-1,-1
17,7,1242,492,4,4,1,-1,-1,-1
18,2,681,213,4,3,1,-1,-1,-1
18,3,366,243,3,4,1,-1,-1,-1
18,4,713,399,3,3,1,-1,-1,-1
18,5,1245,489,5,3,1,-1,-1,-1
18,6,1079,490,3,3,1,-1,-1,-1
18,7,1242,493,4,3,1,-1,-1,-1
18,8,308,498,3,3,1,-1,-1,-1
19,1,242,74,20,22,1,-1,-1,-1
19,2,265,78,21,22,1,-1,-1,-1
19,3,682,213,3,3,1,-1,-1,-1
19,4,366,243,4,4,1,-1,-1,-1
19,5,367,248,4,3,1,-1,-1,-1
19,6,714,403,3,3,1,-1,-1,-1
19,7,1246,489,3,3,1,-1,-1,-1
19,8,307,492,3,3,1,-1,-1,-1
20,2,257,88,9,11,1,-1,-1,-1
20,3,367,248,3,3,1,-1,-1,-1
20,4,714,402,3,3,1,-1,-1,-1
20,5,307,491,3,4,1,-1,-1,-1
20,6,1244,491,3,3,1,-1,-1,-1
20,7,1241,495,3,3,1,-1,-1,-1
20,8,308,496,3,3,1,-1,-1,-1
21,2,366,243,3,3,1,-1,-1,-1
21,3,367,247,4,3,1,-1,-1,-1
21,4,714,402,3,3,1,-1,-1,-1
21,5,307,491,3,3,1,-1,-1,-1
21,6,1243,491,4,4,1,-1,-1,-1
21,7,308,496,4,3,1,-1,-1,-1
21,8,1240,496,3,3,1,-1,-1,-1
22,2,675,203,3,3,1,-1,-1,-1
22,3,366,243,3,3,1,-1,-1,-1
22,4,367,247,3,3,1,-1,-1,-1
22,5,307,491,3,3,1,-1,-1,-1
22,6,1243,492,3,3,1,-1,-1,-1
22,7,308,496,3,3,1,-1,-1,-1
22,8,1239,496,4,4,1,-1,-1,-1
23,2,676,208,3,3,1,-1,-1,-1
23,3,366,241,4,4,1,-1,-1,-1
23,4,366,247,4,3,1,-1,-1,-1
23,5,1242,493,4,3,1,-1,-1,-1
23,6,1239,497,3,3,1,-1,-1,-1
24,1,257,77,21,23,1,-1,-1,-1
24,2,281,82,21,21,1,-1,-1,-1
24,3,365,241,4,4,1,-1,-1,-1
24,4,366,246,5,4,1,-1,-1,-1
24,5,1241,493,5,4,1,-1,-1,-1
24,6,1237,498,4,4,1,-1,-1,-1
25,1,219,0,6,3,1,-1,-1,-1
25,3,385,100,3,3,1,-1,-1,-1
25,4,365,242,4,3,1,-1,-1,-1
25,5,367,246,4,3,1,-1,-1,-1
25,6,713,399,4,4,1,-1,-1,-1
25,7,306,489,3,3,1,-1,-1,-1
25,8,307,494,4,4,1,-1,-1,-1
25,9,1241,495,3,3,1,-1,-1,-1
25,10,1237,499,3,3,1,-1,-1,-1
26,1,220,0,8,5,1,-1,-1,-1
26,3,606,133,3,3,1,-1,-1,-1
26,4,365,241,4,3,1,-1,-1,-1
26,5,713,399,4,4,1,-1,-1,-1
26,6,306,489,4,3,1,-1,-1,-1
26,7,307,494,4,4,1,-1,-1,-1
26,8,1237,495,7,7,1,-1,-1,-1
27,1,220,0,11,6,1,-1,-1,-1
27,3,280,96,8,7,1,-1,-1,-1
27,4,386,98,3,4,1,-1,-1,-1
27,5,365,241,3,3,1,-1,-1,-1
27,6,367,245,4,3,1,-1,-1,-1
27,7,306,488,3,3,1,-1,-1,-1
27,8,308,493,3,3,1,-1,-1,-1
27,9,1240,496,3,3,1,-1,-1,-1
27,10,1235,501,4,4,1,-1,-1,-1
28,1,222,0,10,6,1,-1,-1,-1
28,3,280,96,8,8,1,-1,-1,-1
28,4,1239,497,3,3,1,-1,-1,-1
28,5,1235,501,4,3,1,-1,-1,-1
29,1,222,0,11,11,1,-1,-1,-1
29,2,233,5,3,3,1,-1,-1,-1
29,3,273,82,20,22,1,-1,-1,-1
29,4,296,86,21,22,1,-1,-1,-1
29,5,676,206,3,3,1,-1,-1,-1
29,6,680,210,3,3,1,-1,-1,-1
29,7,365,240,3,3,1,-1,-1,-1
29,8,366,244,4,3,1,-1,-1,-1
29,9,306,487,3,3,1,-1,-1,-1
29,10,1238,497,4,4,1,-1,-1,-1
29,11,1234,502,4,4,1,-1,-1,-1
30,1,221,0,11,12,1,-1,-1,-1
30,2,233,5,8,5,1,-1,-1,-1
30,4,365,244,5,3,1,-1,-1,-1
30,5,306,487,3,3,1,-1,-1,-1
30,6,307,491,3,3,1,-1,-1,-1
30,7,1074,492,3,3,1,-1,-1,-1
30,8,1237,499,3,3,1,-1,-1,-1
30,9,1233,503,4,4,1,-1,-1,-1
31,1,223,0,8,11,1,-1,-1,-1
31,2,235,6,5,5,1,-1,-1,-1
31,4,681,209,3,3,1,-1,-1,-1
31,5,366,244,4,3,1,-1,-1,-1
31,6,307,491,3,3,1,-1,-1,-1
31,7,1234,503,3,4,1,-1,-1,-1
32,1,219,0,9,12,1,-1,-1,-1
32,2,235,4,14,9,1,-1,-1,-1
32,4,681,209,3,3,1,-1,-1,-1
32,5,365,238,4,4,1,-1,-1,-1
32,6,366,243,4,4,1,-1,-1,-1
32,7,1233,505,3,3,1,-1,-1,-1
33,1,221,0,7,12,1,-1,-1,-1
33,2,234,4,16,10,1,-1,-1,-1
33,4,681,209,3,3,1,-1,-1,-1
33,5,365,243,4,3,1,-1,-1,-1
33,6,307,490,3,3,1,-1,-1,-1
33,7,1236,501,3,3,1,-1,-1,-1
33,8,1232,505,4,3,1,-1,-1,-1
34,1,220,0,10,12,1,-1,-1,-1
34,2,241,8,11,7,1,-1,-1,-1
34,3,288,86,20,22,1,-1,-1,-1
34,4,311,91,21,22,1,-1,-1,-1
34,5,365,243,3,3,1,-1,-1,-1
34,6,1231,501,8,9,1,-1,-1,-1
35,1,223,0,14,14,1,-1,-1,-1
35,2,240,4,15,14,1,-1,-1,-1
35,4,365,242,5,3,1,-1,-1,-1
35,5,711,391,3,3,1,-1,-1,-1
35,6,306,484,3,3,1,-1,-1,-1
35,7,1234,503,3,3,1,-1,-1,-1
35,8,1230,507,5,4,1,-1,-1,-1
36,1,223,0,15,9,1,-1,-1,-1
36,2,234,11,3,3,1,-1,-1,-1
36,3,249,11,6,7,1,-1,-1,-1
36,4,295,88,21,24,1,-1,-1,-1
36,5,317,91,22,24,1,-1,-1,-1
36,6,312,106,7,6,1,-1,-1,-1
36,7,364,238,3,3,1,-1,-1,-1
36,8,366,242,4,3,1,-1,-1,-1
36,9,711,391,4,3,1,-1,-1,-1
36,10,306,488,4,3,1,-1,-1,-1
36,11,1229,503,9,9,1,-1,-1,-1
37,1,225,0,7,6,1,-1,-1,-1
37,2,234,6,6,5,1,-1,-1,-1
37,3,251,8,3,3,1,-1,-1,-1
37,4,248,12,14,8,1,-1,-1,-1
37,6,364,236,4,5,1,-1,-1,-1
37,7,366,242,3,3,1,-1,-1,-1
37,8,711,390,4,3,1,-1,-1,-1
37,9,305,483,4,3,1,-1,-1,-1
37,10,306,488,4,3,1,-1,-1,-1
37,11,1232,504,5,4,1,-1,-1,-1
37,12,1229,509,4,4,1,-1,-1,-1
38,1,227,1,4,4,1,-1,-1,-1
38,2,236,7,6,4,1,-1,-1,-1
38,3,242,12,3,4,1,-1,-1,-1
38,4,248,12,13,9,1,-1,-1,-1
38,6,364,237,4,3,1,-1,-1,-1
38,7,315,265,3,3,1,-1,-1,-1
38,8,711,389,4,5,1,-1,-1,-1
38,9,305,483,3,3,1,-1,-1,-1
38,10,306,487,3,3,1,-1,-1,-1
38,11,1232,505,3,3,1,-1,-1,-1
38,12,1229,510,4,3,1,-1,-1,-1
39,1,227,0,3,4,1,-1,-1,-1
39,2,237,6,10,10,1,-1,-1,-1
39,3,259,13,3,5,1,-1,-1,-1
39,4,303,91,21,23,1,-1,-1,-1
39,5,326,96,22,21,1,-1,-1,-1
39,6,678,215,3,3,1,-1,-1,-1
39,7,364,237,3,3,1,-1,-1,-1
39,8,365,241,4,3,1,-1,-1,-1
39,9,711,389,3,3,1,-1,-1,-1
39,10,305,482,3,3,1,-1,-1,-1
39,11,306,487,3,3,1,-1,-1,-1
39,12,1232,505,3,4,1,-1,-1,-1
39,13,1228,511,4,3,1,-1,-1,-1
40,1,241,8,13,12,1,-1,-1,-1
40,2,266,15,5,4,1,-1,-1,-1
40,3,258,18,3,3,1,-1,-1,-1
40,5,365,240,4,4,1,-1,-1,-1
40,6,305,481,3,3,1,-1,-1,-1
40,7,1231,506,4,4,1,-1,-1,-1
40,8,1228,511,3,4,1,-1,-1,-1
41,1,242,8,11,12,1,-1,-1,-1
41,2,266,9,6,11,1,-1,-1,-1
41,4,366,240,3,3,1,-1,-1,-1
41,5,711,388,3,3,1,-1,-1,-1
41,6,305,480,3,3,1,-1,-1,-1
41,7,306,485,3,3,1,-1,-1,-1
41,8,1230,506,5,4,1,-1,-1,-1
41,9,1226,512,5,3,1,-1,-1,-1
42,1,266,7,13,15,1,-1,-1,-1
42,2,247,10,9,8,1,-1,-1,-1
42,4,711,388,3,3,1,-1,-1,-1
42,5,1230,509,3,3,1,-1,-1,-1
42,6,1226,514,3,3,1,-1,-1,-1
43,1,266,7,13,15,1,-1,-1,-1
43,2,250,11,9,9,1,-1,-1,-1
43,4,365,240,3,3,1,-1,-1,-1
43,5,1230,509,3,3,1,-1,-1,-1
43,6,1226,513,4,4,1,-1,-1,-1
44,1,245,9,4,4,1,-1,-1,-1
44,2,251,10,11,10,1,-1,-1,-1
44,3,270,16,12,8,1,-1,-1,-1
44,4,320,96,18,22,1,-1,-1,-1
44,5,341,100,21,22,1,-1,-1,-1
44,6,364,234,4,4,1,-1,-1,-1
44,7,365,239,4,4,1,-1,-1,-1
44,8,711,386,3,5,1,-1,-1,-1
44,9,304,478,4,5,1,-1,-1,-1
44,10,305,484,4,3,1,-1,-1,-1
44,11,1228,510,4,3,1,-1,-1,-1
44,12,1224,514,5,5,1,-1,-1,-1
45,1,265,6,5,7,1,-1,-1,-1
45,2,257,13,5,5,1,-1,-1,-1
45,3,270,17,14,10,1,-1,-1,-1
45,4,486,86,3,3,1,-1,-1,-1
45,6,605,133,4,4,1,-1,-1,-1
45,7,364,235,3,3,1,-1,-1,-1
45,8,365,239,4,3,1,-1,-1,-1
45,9,711,387,3,4,1,-1,-1,-1
45,10,305,478,3,3,1,-1,-1,-1
45,11,1227,511,4,4,1,-1,-1,-1
45,12,1224,516,3,3,1,-1,-1,-1
46,1,264,7,7,7,1,-1,-1,-1
46,2,258,14,3,3,1,-1,-1,-1
46,3,271,18,13,6,1,-1,-1,-1
46,5,365,239,3,3,1,-1,-1,-1
46,6,711,387,3,3,1,-1,-1,-1
46,7,1227,511,4,4,1,-1,-1,-1
46,8,1224,516,4,3,1,-1,-1,-1
47,1,265,13,10,11,1,-1,-1,-1
47,2,279,22,4,5,1,-1,-1,-1
47,4,679,218,3,3,1,-1,-1,-1
47,5,363,233,5,4,1,-1,-1,-1
47,6,710,385,4,3,1,-1,-1,-1
47,7,712,391,3,3,1,-1,-1,-1
47,8,305,477,3,3,1,-1,-1,-1
47,9,305,482,3,3,1,-1,-1,-1
47,10,1226,512,4,4,1,-1,-1,-1
47,11,1222,517,5,4,1,-1,-1,-1
48,1,268,16,7,11,1,-1,-1,-1
48,2,281,16,3,3,1,-1,-1,-1
48,3,278,23,6,8,1,-1,-1,-1
48,5,364,234,3,3,1,-1,-1,-1
48,6,1227,513,3,3,1,-1,-1,-1
48,7,1223,517,4,4,1,-1,-1,-1
49,1,267,14,12,10,1,-1,-1,-1
49,2,334,100,19,22,1,-1,-1,-1
49,3,356,104,22,22,1,-1,-1,-1
49,4,364,233,3,3,1,-1,-1,-1
49,5,711,390,3,3,1,-1,-1,-1
49,6,304,477,3,3,1,-1,-1,-1
49,7,1225,514,4,4,1,-1,-1,-1
49,8,1222,519,4,2,1,-1,-1,-1
50,1,267,15,3,3,1,-1,-1,-1
50,2,272,16,13,14,1,-1,-1,-1
50,4,364,232,3,4,1,-1,-1,-1
50,5,711,389,4,3,1,-1,-1,-1
50,6,304,476,3,3,1,-1,-1,-1
50,7,1225,515,4,4,1,-1,-1,-1
51,1,266,14,3,3,1,-1,-1,-1
51,2,272,18,10,10,1,-1,-1,-1
51,3,342,102,19,22,1,-1,-1,-1
51,5,363,232,4,4,1,-1,-1,-1
51,6,711,389,3,3,1,-1,-1,-1
51,7,304,475,3,3,1,-1,-1,-1
51,8,1225,516,3,3,1,-1,-1,-1
52,1,273,18,10,8,1,-1,-1,-1
52,3,363,231,4,4,1,-1,-1,-1
52,4,365,236,3,3,1,-1,-1,-1
52,5,710,383,4,4,1,-1,-1,-1
52,6,712,388,3,3,1,-1,-1,-1
52,7,1223,516,5,4,1,-1,-1,-1
53,1,275,18,8,6,1,-1,-1,-1
53,2,287,30,3,3,1,-1,-1,-1
53,4,363,232,3,3,1,-1,-1,-1
53,5,364,236,3,3,1,-1,-1,-1
53,6,710,382,4,4,1,-1,-1,-1
53,7,1223,517,4,4,1,-1,-1,-1
54,1,275,19,3,3,1,-1,-1,-1
54,2,280,19,4,3,1,-1,-1,-1
54,3,349,105,20,22,1,-1,-1,-1
54,4,371,109,23,22,1,-1,-1,-1
54,5,239,178,4,4,1,-1,-1,-1
54,6,363,231,3,3,1,-1,-1,-1
54,7,363,236,4,3,1,-1,-1,-1
54,8,305,266,4,3,1,-1,-1,-1
54,9,1222,518,4,3,1,-1,-1,-1
54,10,1241,519,3,2,1,-1,-1,-1
55,2,239,178,4,4,1,-1,-1,-1
55,3,363,235,4,4,1,-1,-1,-1
55,4,711,387,3,3,1,-1,-1,-1
55,5,304,473,3,3,1,-1,-1,-1
55,6,1221,519,4,2,1,-1,-1,-1
55,7,1241,519,3,2,1,-1,-1,-1
56,1,357,106,19,23,1,-1,-1,-1
56,2,373,109,27,23,1,-1,-1,-1
56,3,239,178,4,4,1,-1,-1,-1
56,4,363,230,3,3,1,-1,-1,-1
56,5,364,235,3,3,1,-1,-1,-1
56,6,709,381,4,5,1,-1,-1,-1
56,7,304,472,3,3,1,-1,-1,-1
56,8,305,478,3,3,1,-1,-1,-1
56,9,1222,519,3,2,1,-1,-1,-1
56,10,1241,519,3,2,1,-1,-1,-1
57,2,239,178,4,4,1,-1,-1,-1
57,3,305,267,3,3,1,-1,-1,-1
57,4,710,382,3,3,1,-1,-1,-1
57,5,711,386,3,3,1,-1,-1,-1
57,6,303,472,4,3,1,-1,-1,-1
57,7,304,477,3,3,1,-1,-1,-1
57,8,1241,517,5,4,1,-1,-1,-1
58,2,239,178,4,4,1,-1,-1,-1
58,3,303,472,3,3,1,-1,-1,-1
58,4,1242,519,3,2,1,-1,-1,-1
59,1,329,36,3,3,1,-1,-1,-1
59,2,364,109,19,21,1,-1,-1,-1
59,3,387,113,21,21,1,-1,-1,-1
59,4,239,178,4,4,1,-1,-1,-1
59,5,362,229,4,4,1,-1,-1,-1
59,6,364,234,3,3,1,-1,-1,-1
59,7,709,379,3,3,1,-1,-1,-1
59,8,710,385,3,3,1,-1,-1,-1
59,9,304,476,3,3,1,-1,-1,-1
60,1,327,35,6,5,1,-1,-1,-1
60,3,362,229,6,7,1,-1,-1,-1
60,4,710,379,3,3,1,-1,-1,-1
60,5,710,383,5,4,1,-1,-1,-1
60,6,1244,516,3,3,1,-1,-1,-1
61,1,326,35,8,6,1,-1,-1,-1
61,2,371,111,20,22,1,-1,-1,-1
61,3,387,113,28,22,1,-1,-1,-1
61,4,364,233,4,3,1,-1,-1,-1
61,5,710,383,5,4,1,-1,-1,-1
61,6,1244,516,3,3,1,-1,-1,-1
62,1,328,31,3,4,1,-1,-1,-1
62,2,329,36,8,6,1,-1,-1,-1
62,4,387,126,7,9,1,-1,-1,-1
62,5,363,228,3,3,1,-1,-1,-1
62,6,363,233,4,3,1,-1,-1,-1
62,7,709,378,3,3,1,-1,-1,-1
62,8,710,383,4,3,1,-1,-1,-1
62,9,303,469,3,3,1,-1,-1,-1
62,10,304,474,3,3,1,-1,-1,-1
62,11,1245,513,4,4,1,-1,-1,-1
62,12,1241,518,4,3,1,-1,-1,-1
63,1,328,29,10,13,1,-1,-1,-1
63,3,710,382,3,3,1,-1,-1,-1
63,4,302,469,4,3,1,-1,-1,-1
63,5,1245,513,4,4,1,-1,-1,-1
63,6,1242,518,3,3,1,-1,-1,-1
64,1,333,37,5,6,1,-1,-1,-1
64,2,380,113,19,22,1,-1,-1,-1
64,3,402,118,21,21,1,-1,-1,-1
64,4,364,232,3,3,1,-1,-1,-1
64,5,303,469,3,3,1,-1,-1,-1
64,6,303,474,3,3,1,-1,-1,-1
64,7,1246,513,3,3,1,-1,-1,-1
64,8,1242,518,3,3,1,-1,-1,-1
65,1,324,40,3,3,1,-1,-1,-1
65,2,334,40,5,5,1,-1,-1,-1
65,4,362,226,3,5,1,-1,-1,-1
65,5,171,367,3,4,1,-1,-1,-1
65,6,709,378,3,3,1,-1,-1,-1
65,7,303,467,3,4,1,-1,-1,-1
65,8,303,472,3,4,1,-1,-1,-1
65,9,1247,512,3,3,1,-1,-1,-1
65,10,1243,517,4,3,1,-1,-1,-1
66,1,325,31,6,8,1,-1,-1,-1
66,2,323,40,5,5,1,-1,-1,-1
66,4,362,226,3,4,1,-1,-1,-1
66,5,170,368,4,3,1,-1,-1,-1
66,6,710,381,3,3,1,-1,-1,-1
66,7,303,472,4,3,1,-1,-1,-1
66,8,1243,511,8,9,1,-1,-1,-1
67,1,327,35,7,6,1,-1,-1,-1
67,2,352,45,4,4,1,-1,-1,-1
67,4,362,227,4,3,1,-1,-1,-1
67,5,363,231,3,3,1,-1,-1,-1
67,6,171,368,4,3,1,-1,-1,-1
67,7,710,380,3,4,1,-1,-1,-1
67,8,303,472,3,3,1,-1,-1,-1
67,9,1248,511,3,4,1,-1,-1,-1
67,10,1243,515,4,4,1,-1,-1,-1
68,1,328,35,9,12,1,-1,-1,-1
68,2,352,43,6,6,1,-1,-1,-1
68,4,362,226,3,3,1,-1,-1,-1
68,5,171,368,4,3,1,-1,-1,-1
68,6,709,380,3,3,1,-1,-1,-1
68,7,303,466,4,4,1,-1,-1,-1
68,8,1244,514,4,4,1,-1,-1,-1
69,1,328,35,9,9,1,-1,-1,-1
69,2,352,41,8,9,1,-1,-1,-1
69,3,395,118,21,21,1,-1,-1,-1
69,4,417,122,21,21,1,-1,-1,-1
69,5,362,225,4,4,1,-1,-1,-1
69,6,363,230,3,3,1,-1,-1,-1
69,7,302,466,3,3,1,-1,-1,-1
69,8,303,470,3,3,1,-1,-1,-1
69,9,1250,509,3,3,1,-1,-1,-1
69,10,1245,514,3,3,1,-1,-1,-1
70,1,334,37,4,5,1,-1,-1,-1
70,2,352,40,12,10,1,-1,-1,-1
70,4,362,225,4,4,1,-1,-1,-1
70,5,362,230,4,3,1,-1,-1,-1
70,6,304,469,3,3,1,-1,-1,-1
70,7,1250,509,3,4,1,-1,-1,-1
70,8,1246,513,3,3,1,-1,-1,-1
71,1,334,38,4,5,1,-1,-1,-1
71,2,352,41,3,4,1,-1,-1,-1
71,3,357,45,7,6,1,-1,-1,-1
71,4,402,119,19,23,1,-1,-1,-1
71,5,418,122,27,21,1,-1,-1,-1
71,6,362,224,4,5,1,-1,-1,-1
71,7,680,224,3,3,1,-1,-1,-1
71,8,681,229,3,3,1,-1,-1,-1
71,9,363,230,3,3,1,-1,-1,-1
71,10,709,379,3,3,1,-1,-1,-1
71,11,302,464,4,4,1,-1,-1,-1
71,12,303,469,3,3,1,-1,-1,-1
71,13,1246,509,7,7,1,-1,-1,-1
72,1,359,43,9,9,1,-1,-1,-1
72,3,303,469,3,3,1,-1,-1,-1
72,4,1248,511,3,3,1,-1,-1,-1
73,1,352,40,4,4,1,-1,-1,-1
73,2,356,43,10,10,1,-1,-1,-1
73,3,345,47,6,5,1,-1,-1,-1
73,5,362,225,3,3,1,-1,-1,-1
73,6,363,229,3,3,1,-1,-1,-1
73,7,1248,506,7,9,1,-1,-1,-1
74,1,365,47,6,7,1,-1,-1,-1
74,2,410,122,21,21,1,-1,-1,-1
74,3,432,126,22,21,1,-1,-1,-1
74,4,361,223,4,4,1,-1,-1,-1
74,5,680,226,4,4,1,-1,-1,-1
74,6,362,228,4,3,1,-1,-1,-1
74,7,709,378,3,3,1,-1,-1,-1
74,8,302,462,3,4,1,-1,-1,-1
74,9,303,467,3,3,1,-1,-1,-1
74,10,1253,505,4,5,1,-1,-1,-1
74,11,1248,510,4,5,1,-1,-1,-1
75,1,354,43,9,5,1,-1,-1,-1
75,2,357,50,3,3,1,-1,-1,-1
75,3,363,52,6,6,1,-1,-1,-1
75,5,681,227,3,3,1,-1,-1,-1
75,6,362,228,4,3,1,-1,-1,-1
75,7,303,467,3,3,1,-1,-1,-1
75,8,1250,505,6,7,1,-1,-1,-1
76,1,353,44,6,7,1,-1,-1,-1
76,3,362,228,5,3,1,-1,-1,-1
76,4,1250,505,7,7,1,-1,-1,-1
77,1,353,44,13,7,1,-1,-1,-1
77,3,361,222,5,8,1,-1,-1,-1
77,4,681,228,3,3,1,-1,-1,-1
77,5,708,371,3,4,1,-1,-1,-1
77,6,709,376,3,3,1,-1,-1,-1
77,7,302,461,3,3,1,-1,-1,-1
77,8,302,466,3,3,1,-1,-1,-1
77,9,1255,503,4,5,1,-1,-1,-1
77,10,1251,507,3,4,1,-1,-1,-1
78,1,353,45,12,6,1,-1,-1,-1
78,2,363,55,3,3,1,-1,-1,-1
78,4,708,371,3,3,1,-1,-1,-1
78,5,709,376,3,3,1,-1,-1,-1
78,6,301,461,4,3,1,-1,-1,-1
78,7,302,466,3,3,1,-1,-1,-1
78,8,1251,503,8,8,1,-1,-1,-1
79,1,360,46,6,5,1,-1,-1,-1
79,2,425,126,22,22,1,-1,-1,-1
79,3,448,131,21,21,1,-1,-1,-1
79,4,301,460,4,4,1,-1,-1,-1
79,5,1252,502,8,8,1,-1,-1,-1
79,6,1241,519,3,2,1,-1,-1,-1
80,1,360,46,5,4,1,-1,-1,-1
80,3,362,226,4,3,1,-1,-1,-1
80,4,302,464,3,3,1,-1,-1,-1
80,5,1253,502,8,7,1,-1,-1,-1
80,6,1240,519,4,2,1,-1,-1,-1
81,1,367,49,3,3,1,-1,-1,-1
81,3,361,222,3,3,1,-1,-1,-1
81,4,362,226,3,3,1,-1,-1,-1
81,5,708,374,3,3,1,-1,-1,-1
81,6,301,459,3,3,1,-1,-1,-1
81,7,301,464,4,4,1,-1,-1,-1
81,8,1256,501,5,5,1,-1,-1,-1
81,9,1253,506,3,3,1,-1,-1,-1
81,10,1240,518,5,3,1,-1,-1,-1
82,1,385,59,9,7,1,-1,-1,-1
82,2,399,60,5,7,1,-1,-1,-1
82,4,360,221,6,8,1,-1,-1,-1
82,5,301,459,3,3,1,-1,-1,-1
82,6,302,464,3,4,1,-1,-1,-1
82,7,1253,500,9,9,1,-1,-1,-1
82,8,1241,517,5,4,1,-1,-1,-1
83,1,385,60,8,7,1,-1,-1,-1
83,2,400,61,5,6,1,-1,-1,-1
83,4,361,221,3,3,1,-1,-1,-1
83,5,363,225,3,3,1,-1,-1,-1
83,6,1254,500,8,8,1,-1,-1,-1
83,7,1241,517,5,4,1,-1,-1,-1
84,1,396,59,9,8,1,-1,-1,-1
84,2,407,65,4,3,1,-1,-1,-1
84,3,440,131,22,21,1,-1,-1,-1
84,4,463,135,21,21,1,-1,-1,-1
84,5,362,225,3,3,1,-1,-1,-1
84,6,683,235,3,3,1,-1,-1,-1
84,7,302,463,3,3,1,-1,-1,-1
84,8,1255,499,8,9,1,-1,-1,-1
84,9,1242,516,5,4,1,-1,-1,-1
85,1,400,59,4,7,1,-1,-1,-1
85,2,384,60,7,7,1,-1,-1,-1
85,3,396,63,3,3,1,-1,-1,-1
85,4,406,64,6,4,1,-1,-1,-1
85,6,361,220,3,4,1,-1,-1,-1
85,7,683,235,3,3,1,-1,-1,-1
85,8,1255,499,8,7,1,-1,-1,-1
85,9,1240,516,7,5,1,-1,-1,-1
86,1,385,59,6,6,1,-1,-1,-1
86,2,406,64,7,4,1,-1,-1,-1
86,4,361,220,3,3,1,-1,-1,-1
86,5,362,224,3,3,1,-1,-1,-1
86,6,683,236,3,3,1,-1,-1,-1
86,7,707,367,3,3,1,-1,-1,-1
86,8,708,372,3,3,1,-1,-1,-1
86,9,1256,497,9,10,1,-1,-1,-1
86,10,1240,515,8,6,1,-1,-1,-1
87,1,408,62,5,6,1,-1,-1,-1
87,3,361,220,3,3,1,-1,-1,-1
87,4,361,224,3,3,1,-1,-1,-1
87,5,683,233,3,3,1,-1,-1,-1
87,6,683,237,3,4,1,-1,-1,-1
87,7,300,456,3,3,1,-1,-1,-1
87,8,1256,497,9,9,1,-1,-1,-1
87,9,1240,514,9,7,1,-1,-1,-1
88,1,409,62,4,5,1,-1,-1,-1
88,2,456,135,18,22,1,-1,-1,-1
88,3,475,137,17,18,1,-1,-1,-1
88,4,470,150,10,8,1,-1,-1,-1
88,5,361,224,3,3,1,-1,-1,-1
88,6,1258,497,7,8,1,-1,-1,-1
88,7,1241,514,8,7,1,-1,-1,-1
89,1,456,136,18,20,1,-1,-1,-1
89,2,478,140,22,20,1,-1,-1,-1
89,3,361,219,3,3,1,-1,-1,-1
89,4,361,223,4,3,1,-1,-1,-1
89,5,682,234,4,3,1,-1,-1,-1
89,6,300,455,3,3,1,-1,-1,-1
89,7,1258,495,9,10,1,-1,-1,-1
89,8,1242,512,8,9,1,-1,-1,-1
90,1,403,63,4,4,1,-1,-1,-1
90,3,362,219,3,3,1,-1,-1,-1
90,4,361,223,4,3,1,-1,-1,-1
90,5,34,454,6,6,1,-1,-1,-1
90,6,300,454,3,4,1,-1,-1,-1
90,7,1259,494,8,9,1,-1,-1,-1
90,8,1243,512,8,8,1,-1,-1,-1
91,1,401,63,7,4,1,-1,-1,-1
91,2,462,137,20,21,1,-1,-1,-1
91,3,479,139,24,22,1,-1,-1,-1
91,4,362,223,3,3,1,-1,-1,-1
91,5,1259,495,8,8,1,-1,-1,-1
91,6,1247,511,4,4,1,-1,-1,-1
91,7,1243,516,4,4,1,-1,-1,-1
92,1,400,61,12,7,1,-1,-1,-1
92,2,464,139,26,21,1,-1,-1,-1
92,3,486,140,21,22,1,-1,-1,-1
92,4,361,222,4,3,1,-1,-1,-1
92,5,682,236,4,3,1,-1,-1,-1
92,6,706,364,4,4,1,-1,-1,-1
92,7,707,369,4,4,1,-1,-1,-1
92,8,300,453,3,3,1,-1,-1,-1
92,9,300,458,4,3,1,-1,-1,-1
92,10,1260,493,8,10,1,-1,-1,-1
92,11,1244,511,8,8,1,-1,-1,-1
93,1,400,60,6,7,1,-1,-1,-1
93,2,470,139,20,22,1,-1,-1,-1
93,3,486,141,21,21,1,-1,-1,-1
93,4,361,222,4,3,1,-1,-1,-1
93,5,682,236,4,3,1,-1,-1,-1
93,6,707,369,3,3,1,-1,-1,-1
93,7,300,453,4,3,1,-1,-1,-1
93,8,301,457,4,5,1,-1,-1,-1
93,9,1261,493,7,8,1,-1,-1,-1
93,10,1245,510,7,8,1,-1,-1,-1
94,1,400,61,5,5,1,-1,-1,-1
94,2,407,64,5,4,1,-1,-1,-1
94,3,470,139,20,22,1,-1,-1,-1
94,4,493,144,22,19,1,-1,-1,-1
94,5,361,222,3,3,1,-1,-1,-1
94,6,683,236,3,3,1,-1,-1,-1
94,7,300,452,4,4,1,-1,-1,-1
94,8,301,458,3,3,1,-1,-1,-1
94,9,1261,493,9,8,1,-1,-1,-1
94,10,1245,509,8,9,1,-1,-1,-1
95,1,409,63,5,4,1,-1,-1,-1
95,3,360,221,4,3,1,-1,-1,-1
95,4,706,362,3,4,1,-1,-1,-1
95,5,300,452,3,3,1,-1,-1,-1
95,6,36,454,4,4,1,-1,-1,-1
95,7,1262,492,8,7,1,-1,-1,-1
95,8,1247,509,7,7,1,-1,-1,-1
96,1,410,63,4,4,1,-1,-1,-1
96,3,360,220,4,4,1,-1,-1,-1
96,4,706,362,4,4,1,-1,-1,-1
96,5,300,451,3,3,1,-1,-1,-1
96,6,36,454,3,5,1,-1,-1,-1
96,7,300,456,4,3,1,-1,-1,-1
96,8,1263,491,8,8,1,-1,-1,-1
96,9,1246,508,9,8,1,-1,-1,-1
97,2,361,220,4,4,1,-1,-1,-1
97,3,1264,490,8,9,1,-1,-1,-1
97,4,1251,507,4,4,1,-1,-1,-1
97,5,1246,511,5,5,1,-1,-1,-1
98,1,443,74,3,3,1,-1,-1,-1
98,3,361,219,4,4,1,-1,-1,-1
98,4,683,239,3,3,1,-1,-1,-1
98,5,684,243,3,3,1,-1,-1,-1
98,6,1264,490,8,8,1,-1,-1,-1
98,7,1248,507,7,8,1,-1,-1,-1
99,1,486,143,18,22,1,-1,-1,-1
99,2,509,148,21,20,1,-1,-1,-1
99,3,361,219,3,4,1,-1,-1,-1
99,4,300,455,3,3,1,-1,-1,-1
99,5,1265,489,8,9,1,-1,-1,-1
99,6,1248,506,8,9,1,-1,-1,-1
100,1,454,78,4,4,1,-1,-1,-1
100,2,506,145,24,24,1,-1,-1,-1
100,3,493,149,16,18,1,-1,-1,-1
100,4,361,219,3,3,1,-1,-1,-1
100,5,299,449,3,4,1,-1,-1,-1
100,6,300,454,3,3,1,-1,-1,-1
100,7,1265,490,9,7,1,-1,-1,-1
100,8,1249,505,8,9,1,-1,-1,-1
101,1,455,78,4,4,1,-1,-1,-1
101,2,494,145,18,21,1,-1,-1,-1
101,3,510,148,27,20,1,-1,-1,-1
101,4,684,241,3,3,1,-1,-1,-1
101,5,706,361,3,3,1,-1,-1,-1
101,6,707,365,3,3,1,-1,-1,-1
101,7,299,448,4,4,1,-1,-1,-1
101,8,300,453,3,3,1,-1,-1,-1
101,9,1266,492,5,4,1,-1,-1,-1
101,10,1249,505,8,8,1,-1,-1,-1
102,1,494,149,19,17,1,-1,-1,-1
102,2,514,148,24,23,1,-1,-1,-1
102,3,511,159,5,7,1,-1,-1,-1
102,4,299,448,4,3,1,-1,-1,-1
102,5,1267,490,6,5,1,-1,-1,-1
102,6,1250,504,8,8,1,-1,-1,-1
103,2,707,364,3,3,1,-1,-1,-1
103,3,1281,447,2,3,1,-1,-1,-1
103,4,299,448,4,3,1,-1,-1,-1
103,5,300,452,3,3,1,-1,-1,-1
103,6,1268,487,7,8,1,-1,-1,-1
103,7,1251,503,8,9,1,-1,-1,-1
104,1,459,79,5,3,1,-1,-1,-1
104,2,502,148,18,19,1,-1,-1,-1
104,3,523,151,22,22,1,-1,-1,-1
104,4,685,246,3,4,1,-1,-1,-1
104,5,706,359,3,3,1,-1,-1,-1
104,6,299,447,3,3,1,-1,-1,-1
104,7,1280,447,3,5,1,-1,-1,-1
104,8,300,451,3,3,1,-1,-1,-1
104,9,1268,486,9,8,1,-1,-1,-1
104,10,1251,502,9,9,1,-1,-1,-1
105,1,449,75,3,3,1,-1,-1,-1
105,2,461,78,5,6,1,-1,-1,-1
105,4,684,247,4,3,1,-1,-1,-1
105,5,1280,447,3,5,1,-1,-1,-1
105,6,300,451,3,3,1,-1,-1,-1
105,7,1272,485,6,6,1,-1,-1,-1
105,8,1252,502,8,8,1,-1,-1,-1
106,2,684,243,3,3,1,-1,-1,-1
106,3,685,247,3,3,1,-1,-1,-1
106,4,706,363,3,3,1,-1,-1,-1
106,5,1279,447,4,5,1,-1,-1,-1
106,6,300,451,3,3,1,-1,-1,-1
106,7,1272,484,6,7,1,-1,-1,-1
106,8,1253,501,8,8,1,-1,-1,-1
107,1,478,86,5,4,1,-1,-1,-1
107,2,510,152,24,20,1,-1,-1,-1
107,3,532,154,21,21,1,-1,-1,-1
107,4,684,244,3,3,1,-1,-1,-1
107,5,685,248,3,3,1,-1,-1,-1
107,6,707,362,3,3,1,-1,-1,-1
107,7,298,445,4,4,1,-1,-1,-1
107,8,1278,448,5,5,1,-1,-1,-1
107,9,1271,484,8,8,1,-1,-1,-1
107,10,1254,500,8,9,1,-1,-1,-1
108,1,451,78,4,4,1,-1,-1,-1
108,2,476,86,7,5,1,-1,-1,-1
108,3,468,89,4,4,1,-1,-1,-1
108,5,684,245,3,3,1,-1,-1,-1
108,6,291,269,3,3,1,-1,-1,-1
108,7,705,357,5,7,1,-1,-1,-1
108,8,298,445,3,3,1,-1,-1,-1
108,9,1278,448,5,6,1,-1,-1,-1
108,10,299,450,4,3,1,-1,-1,-1
108,11,1271,484,8,7,1,-1,-1,-1
108,12,1257,501,5,5,1,-1,-1,-1
108,13,1254,505,3,3,1,-1,-1,-1
109,1,455,79,4,3,1,-1,-1,-1
109,2,478,85,8,7,1,-1,-1,-1
109,3,517,151,18,22,1,-1,-1,-1
109,4,539,155,21,22,1,-1,-1,-1
109,5,535,164,3,4,1,-1,-1,-1
109,6,706,357,3,3,1,-1,-1,-1
109,7,235,393,4,3,1,-1,-1,-1
109,8,299,444,3,4,1,-1,-1,-1
109,9,299,449,3,4,1,-1,-1,-1
109,10,1277,448,6,6,1,-1,-1,-1
109,11,1272,483,9,8,1,-1,-1,-1
109,12,1254,499,9,9,1,-1,-1,-1
110,1,455,79,6,3,1,-1,-1,-1
110,2,479,86,9,6,1,-1,-1,-1
110,4,243,166,3,3,1,-1,-1,-1
110,5,234,393,4,3,1,-1,-1,-1
110,6,298,444,4,3,1,-1,-1,-1
110,7,299,448,3,3,1,-1,-1,-1
110,8,1276,451,4,4,1,-1,-1,-1
110,9,1273,482,8,8,1,-1,-1,-1
110,10,1255,499,8,9,1,-1,-1,-1
111,1,455,78,11,6,1,-1,-1,-1
111,2,480,86,8,7,1,-1,-1,-1
111,3,467,89,5,4,1,-1,-1,-1
111,5,685,251,3,3,1,-1,-1,-1
111,6,235,393,3,3,1,-1,-1,-1
111,7,298,443,3,3,1,-1,-1,-1
111,8,1275,452,4,4,1,-1,-1,-1
111,9,1274,482,8,8,1,-1,-1,-1
111,10,1255,498,9,9,1,-1,-1,-1
112,1,484,80,4,5,1,-1,-1,-1
112,2,482,88,3,5,1,-1,-1,-1
112,4,539,168,7,9,1,-1,-1,-1
112,5,685,251,3,3,1,-1,-1,-1
112,6,705,356,3,3,1,-1,-1,-1
112,7,298,443,3,3,1,-1,-1,-1
112,8,299,447,3,3,1,-1,-1,-1
112,9,1274,452,5,5,1,-1,-1,-1
112,10,1275,481,7,8,1,-1,-1,-1
112,11,1256,498,9,8,1,-1,-1,-1
113,1,484,78,5,7,1,-1,-1,-1
113,2,486,89,13,6,1,-1,-1,-1
113,4,705,355,3,4,1,-1,-1,-1
113,5,706,360,3,3,1,-1,-1,-1
113,6,298,442,3,3,1,-1,-1,-1
113,7,299,447,3,4,1,-1,-1,-1
113,8,1274,453,4,4,1,-1,-1,-1
113,9,1279,480,4,5,1,-1,-1,-1
113,10,1275,484,3,4,1,-1,-1,-1
113,11,1257,497,8,8,1,-1,-1,-1
114,1,492,84,3,3,1,-1,-1,-1
114,2,496,92,4,3,1,-1,-1,-1
114,3,532,156,18,21,1,-1,-1,-1
114,4,554,159,22,22,1,-1,-1,-1
114,5,705,354,3,4,1,-1,-1,-1
114,6,706,359,3,3,1,-1,-1,-1
114,7,1281,447,2,3,1,-1,-1,-1
114,8,1273,453,5,5,1,-1,-1,-1
114,9,1275,480,8,8,1,-1,-1,-1
114,10,1257,496,9,9,1,-1,-1,-1
115,1,484,79,4,5,1,-1,-1,-1
115,2,491,82,5,8,1,-1,-1,-1
115,3,479,85,5,7,1,-1,-1,-1
115,4,496,92,5,4,1,-1,-1,-1
115,6,685,248,3,3,1,-1,-1,-1
115,7,705,359,4,3,1,-1,-1,-1
115,8,1281,447,2,4,1,-1,-1,-1
115,9,1272,455,4,3,1,-1,-1,-1
115,10,1277,479,6,8,1,-1,-1,-1
115,11,1259,496,8,8,1,-1,-1,-1
116,1,484,80,3,3,1,-1,-1,-1
116,2,492,85,3,3,1,-1,-1,-1
116,3,479,86,6,8,1,-1,-1,-1
116,4,496,93,7,5,1,-1,-1,-1
116,5,495,99,3,3,1,-1,-1,-1
116,6,538,156,21,23,1,-1,-1,-1
116,8,706,358,3,3,1,-1,-1,-1
116,9,298,440,3,4,1,-1,-1,-1
116,10,299,445,3,3,1,-1,-1,-1
116,11,1280,447,3,5,1,-1,-1,-1
116,12,1272,455,4,4,1,-1,-1,-1
116,13,1277,479,6,8,1,-1,-1,-1
116,14,1259,495,9,9,1,-1,-1,-1
117,1,492,84,3,3,1,-1,-1,-1
117,2,500,84,3,3,1,-1,-1,-1
117,3,478,86,9,7,1,-1,-1,-1
117,4,493,88,13,15,1,-1,-1,-1
117,5,540,157,19,22,1,-1,-1,-1
117,7,705,358,3,3,1,-1,-1,-1
117,8,297,440,3,3,1,-1,-1,-1
117,9,299,444,3,5,1,-1,-1,-1
117,10,1279,447,4,4,1,-1,-1,-1
117,11,1271,455,5,5,1,-1,-1,-1
117,12,1278,479,5,7,1,-1,-1,-1
117,13,1260,494,10,9,1,-1,-1,-1
118,1,492,84,3,5,1,-1,-1,-1
118,2,480,86,6,6,1,-1,-1,-1
118,3,494,93,11,10,1,-1,-1,-1
118,5,554,172,8,9,1,-1,-1,-1
118,6,298,445,3,3,1,-1,-1,-1
118,7,1279,448,4,4,1,-1,-1,-1
118,8,1270,457,5,3,1,-1,-1,-1
118,9,1278,482,5,3,1,-1,-1,-1
118,10,1264,495,4,4,1,-1,-1,-1
118,11,1261,499,3,3,1,-1,-1,-1
119,1,547,159,20,22,1,-1,-1,-1
119,2,570,164,21,21,1,-1,-1,-1
119,3,685,250,3,3,1,-1,-1,-1
119,4,686,255,3,3,1,-1,-1,-1
119,5,641,334,4,3,1,-1,-1,-1
119,6,1277,451,3,4,1,-1,-1,-1
119,7,1269,457,5,5,1,-1,-1,-1
119,8,1279,480,4,5,1,-1,-1,-1
119,9,1265,493,4,5,1,-1,-1,-1
119,10,1261,497,4,4,1,-1,-1,-1
120,1,493,88,12,17,1,-1,-1,-1
120,3,687,255,3,4,1,-1,-1,-1
120,4,641,334,4,3,1,-1,-1,-1
120,5,1277,450,4,4,1,-1,-1,-1
120,6,1269,458,5,4,1,-1,-1,-1
120,7,1280,479,3,5,1,-1,-1,-1
120,8,1262,493,8,8,1,-1,-1,-1
121,1,495,90,7,13,1,-1,-1,-1
121,3,686,251,3,3,1,-1,-1,-1
121,4,641,334,4,3,1,-1,-1,-1
121,5,297,438,3,3,1,-1,-1,-1
121,6,1277,450,4,4,1,-1,-1,-1
121,7,1269,458,4,4,1,-1,-1,-1
121,8,1280,479,3,5,1,-1,-1,-1
121,9,1262,492,9,9,1,-1,-1,-1
122,1,492,90,10,9,1,-1,-1,-1
122,2,243,161,3,3,1,-1,-1,-1
122,4,570,177,7,9,1,-1,-1,-1
122,5,686,252,3,3,1,-1,-1,-1
122,6,687,257,3,3,1,-1,-1,-1
122,7,641,333,4,5,1,-1,-1,-1
122,8,705,352,3,3,1,-1,-1,-1
122,9,297,437,3,4,1,-1,-1,-1
122,10,298,442,3,3,1,-1,-1,-1
122,11,1275,450,6,6,1,-1,-1,-1
122,12,1266,459,7,5,1,-1,-1,-1
122,13,1263,490,10,9,1,-1,-1,-1
123,1,497,93,5,5,1,-1,-1,-1
123,2,561,164,38,21,1,-1,-1,-1
123,3,569,177,18,10,1,-1,-1,-1
123,4,686,253,3,3,1,-1,-1,-1
123,5,687,257,3,3,1,-1,-1,-1
123,6,642,333,4,3,1,-1,-1,-1
123,7,235,393,3,4,1,-1,-1,-1
123,8,296,437,4,3,1,-1,-1,-1
123,9,298,442,3,3,1,-1,-1,-1
123,10,1275,452,4,4,1,-1,-1,-1
123,11,1266,460,6,5,1,-1,-1,-1
123,12,1264,491,9,8,1,-1,-1,-1
124,1,561,164,21,22,1,-1,-1,-1
124,2,583,169,23,21,1,-1,-1,-1
124,3,687,257,3,3,1,-1,-1,-1
124,4,642,333,3,3,1,-1,-1,-1
124,5,235,393,3,3,1,-1,-1,-1
124,6,1275,452,4,4,1,-1,-1,-1
124,7,1266,460,5,4,1,-1,-1,-1
124,8,1264,491,8,8,1,-1,-1,-1
125,1,243,161,3,3,1,-1,-1,-1
125,3,576,179,9,8,1,-1,-1,-1
125,4,265,293,4,3,1,-1,-1,-1
125,5,705,355,3,3,1,-1,-1,-1
125,6,297,435,3,3,1,-1,-1,-1
125,7,1274,454,3,3,1,-1,-1,-1
125,8,1266,462,3,3,1,-1,-1,-1
125,9,1265,489,9,9,1,-1,-1,-1
126,1,568,166,21,21,1,-1,-1,-1
126,2,590,169,22,21,1,-1,-1,-1
126,3,585,182,8,7,1,-1,-1,-1
126,4,686,254,3,3,1,-1,-1,-1
126,5,266,294,3,3,1,-1,-1,-1
126,6,1273,454,4,4,1,-1,-1,-1
126,7,1264,462,5,5,1,-1,-1,-1
126,8,1265,490,8,7,1,-1,-1,-1
127,1,532,97,3,3,1,-1,-1,-1
127,2,243,163,3,3,1,-1,-1,-1
127,3,569,167,23,22,1,-1,-1,-1
127,4,590,168,7,9,1,-1,-1,-1
127,5,592,170,22,22,1,-1,-1,-1
127,6,687,259,3,3,1,-1,-1,-1
127,7,266,295,3,4,1,-1,-1,-1
127,8,705,354,3,3,1,-1,-1,-1
127,9,297,435,3,3,1,-1,-1,-1
127,10,297,440,3,3,1,-1,-1,-1
127,11,1272,454,4,5,1,-1,-1,-1
127,12,1264,463,4,4,1,-1,-1,-1
127,13,1266,491,6,6,1,-1,-1,-1
128,1,532,98,3,3,1,-1,-1,-1
128,2,243,162,3,3,1,-1,-1,-1
128,3,590,168,24,24,1,-1,-1,-1
128,4,576,171,13,12,1,-1,-1,-1
128,5,584,181,8,8,1,-1,-1,-1
128,6,687,256,3,3,1,-1,-1,-1
128,7,266,295,3,3,1,-1,-1,-1
128,8,705,353,3,3,1,-1,-1,-1
128,9,296,434,4,3,1,-1,-1,-1
128,10,297,439,3,3,1,-1,-1,-1
128,11,1271,456,5,3,1,-1,-1,-1
128,12,1264,464,4,3,1,-1,-1,-1
128,13,1267,491,5,5,1,-1,-1,-1
129,1,543,108,6,4,1,-1,-1,-1
129,2,576,168,21,22,1,-1,-1,-1
129,3,600,173,20,21,1,-1,-1,-1
129,4,686,256,4,3,1,-1,-1,-1
129,5,266,296,3,4,1,-1,-1,-1
129,6,704,353,4,3,1,-1,-1,-1
129,7,297,439,3,3,1,-1,-1,-1
129,8,1271,456,4,4,1,-1,-1,-1
129,9,1263,464,4,4,1,-1,-1,-1
129,10,1268,486,8,9,1,-1,-1,-1
130,1,531,95,4,7,1,-1,-1,-1
130,2,542,106,9,7,1,-1,-1,-1
130,3,243,161,3,3,1,-1,-1,-1
130,4,596,170,25,24,1,-1,-1,-1
130,5,583,174,12,10,1,-1,-1,-1
130,6,592,183,8,9,1,-1,-1,-1
130,7,266,297,3,3,1,-1,-1,-1
130,8,1270,457,5,4,1,-1,-1,-1
130,9,1262,466,4,3,1,-1,-1,-1
130,10,1272,486,6,5,1,-1,-1,-1
131,1,543,107,9,7,1,-1,-1,-1
131,3,600,185,9,8,1,-1,-1,-1
131,4,687,261,4,5,1,-1,-1,-1
131,5,266,294,3,3,1,-1,-1,-1
131,6,705,351,3,4,1,-1,-1,-1
131,7,296,432,3,4,1,-1,-1,-1
131,8,297,437,3,3,1,-1,-1,-1
131,9,1269,457,5,5,1,-1,-1,-1
131,10,1261,465,5,5,1,-1,-1,-1
131,11,1270,486,8,8,1,-1,-1,-1
132,1,550,109,3,4,1,-1,-1,-1
132,2,585,172,18,18,1,-1,-1,-1
132,3,606,174,23,22,1,-1,-1,-1
132,4,600,186,7,7,1,-1,-1,-1
132,5,686,258,4,3,1,-1,-1,-1
132,6,688,262,3,4,1,-1,-1,-1
132,7,705,351,3,3,1,-1,-1,-1
132,8,297,436,3,4,1,-1,-1,-1
132,9,1268,458,5,5,1,-1,-1,-1
132,10,1260,466,5,5,1,-1,-1,-1
132,11,1273,485,6,6,1,-1,-1,-1
133,2,591,176,11,11,1,-1,-1,-1
133,3,688,262,3,3,1,-1,-1,-1
133,4,266,295,4,3,1,-1,-1,-1
133,5,705,350,3,4,1,-1,-1,-1
133,6,296,432,3,3,1,-1,-1,-1
133,7,297,437,3,3,1,-1,-1,-1
133,8,1268,459,4,4,1,-1,-1,-1
133,9,1260,466,5,5,1,-1,-1,-1
133,10,1273,485,5,5,1,-1,-1,-1
134,1,592,173,19,21,1,-1,-1,-1
134,2,614,179,23,19,1,-1,-1,-1
134,3,688,263,3,4,1,-1,-1,-1
134,4,266,296,3,3,1,-1,-1,-1
134,5,296,430,3,4,1,-1,-1,-1
134,6,297,435,3,4,1,-1,-1,-1
134,7,1267,459,4,5,1,-1,-1,-1
134,8,1258,467,6,6,1,-1,-1,-1
134,9,1272,484,9,7,1,-1,-1,-1
135,1,540,108,5,4,1,-1,-1,-1
135,2,551,115,4,3,1,-1,-1,-1
135,3,613,174,25,21,1,-1,-1,-1
135,4,598,178,12,10,1,-1,-1,-1
135,5,607,187,17,11,1,-1,-1,-1
135,6,687,264,4,3,1,-1,-1,-1
135,7,296,431,3,3,1,-1,-1,-1
135,8,1266,460,5,5,1,-1,-1,-1
135,9,1259,469,3,3,1,-1,-1,-1
135,10,1272,483,8,9,1,-1,-1,-1
136,1,598,174,21,22,1,-1,-1,-1
136,2,615,178,28,21,1,-1,-1,-1
136,3,688,264,3,3,1,-1,-1,-1
136,4,267,300,3,3,1,-1,-1,-1
136,5,296,430,3,3,1,-1,-1,-1
136,6,1266,461,4,4,1,-1,-1,-1
136,7,1258,469,4,4,1,-1,-1,-1
136,8,1277,483,4,4,1,-1,-1,-1
136,9,1272,486,4,6,1,-1,-1,-1
137,1,544,108,7,4,1,-1,-1,-1
137,3,614,190,8,8,1,-1,-1,-1
137,4,688,261,3,3,1,-1,-1,-1
137,5,688,265,3,3,1,-1,-1,-1
137,6,267,298,3,3,1,-1,-1,-1
137,7,295,429,4,3,1,-1,-1,-1
137,8,1265,462,4,4,1,-1,-1,-1
137,9,1257,471,4,4,1,-1,-1,-1
137,10,1273,482,9,9,1,-1,-1,-1
138,1,544,108,7,4,1,-1,-1,-1
138,3,607,180,10,10,1,-1,-1,-1
138,4,687,261,4,3,1,-1,-1,-1
138,5,688,265,3,4,1,-1,-1,-1
138,6,266,298,5,6,1,-1,-1,-1
138,7,295,428,4,4,1,-1,-1,-1
138,8,1264,463,4,4,1,-1,-1,-1
138,9,1256,471,5,4,1,-1,-1,-1
138,10,1274,482,8,8,1,-1,-1,-1
139,1,547,108,5,4,1,-1,-1,-1
139,3,688,261,3,4,1,-1,-1,-1
139,4,688,266,3,4,1,-1,-1,-1
139,5,267,302,3,3,1,-1,-1,-1
139,6,295,428,3,3,1,-1,-1,-1
139,7,296,433,3,3,1,-1,-1,-1
139,8,1263,463,5,5,1,-1,-1,-1
139,9,1256,472,3,4,1,-1,-1,-1
139,10,1274,480,9,10,1,-1,-1,-1
140,1,548,109,4,3,1,-1,-1,-1
140,2,622,179,30,23,1,-1,-1,-1
140,3,614,182,10,11,1,-1,-1,-1
140,4,688,267,3,3,1,-1,-1,-1
140,5,1263,464,4,4,1,-1,-1,-1
140,6,1256,473,3,3,1,-1,-1,-1
140,7,1276,480,7,8,1,-1,-1,-1
141,2,267,300,4,6,1,-1,-1,-1
141,3,296,432,3,3,1,-1,-1,-1
141,4,1263,464,4,5,1,-1,-1,-1
141,5,1254,474,4,3,1,-1,-1,-1
141,6,1276,480,7,7,1,-1,-1,-1
142,1,615,181,23,21,1,-1,-1,-1
142,2,636,181,24,24,1,-1,-1,-1
142,3,688,263,3,4,1,-1,-1,-1
142,4,688,268,4,3,1,-1,-1,-1
142,5,266,300,4,4,1,-1,-1,-1
142,6,295,426,3,3,1,-1,-1,-1
142,7,1261,465,5,5,1,-1,-1,-1
142,8,1254,473,5,5,1,-1,-1,-1
142,9,1277,480,6,8,1,-1,-1,-1
143,1,583,120,7,5,1,-1,-1,-1
143,3,621,184,11,11,1,-1,-1,-1
143,4,688,264,4,3,1,-1,-1,-1
143,5,688,268,4,4,1,-1,-1,-1
143,6,1262,466,3,3,1,-1,-1,-1
143,7,1254,474,4,4,1,-1,-1,-1
143,8,1278,479,5,8,1,-1,-1,-1
144,1,585,121,4,4,1,-1,-1,-1
144,2,622,181,19,21,1,-1,-1,-1
144,3,644,185,22,21,1,-1,-1,-1
144,4,688,265,3,3,1,-1,-1,-1
144,5,689,269,3,3,1,-1,-1,-1
144,6,295,426,3,3,1,-1,-1,-1
144,7,296,430,3,3,1,-1,-1,-1
144,8,1261,467,4,3,1,-1,-1,-1
144,9,1253,475,5,4,1,-1,-1,-1
144,10,1278,482,5,4,1,-1,-1,-1
145,2,688,265,3,3,1,-1,-1,-1
145,3,689,270,3,3,1,-1,-1,-1
145,4,294,425,4,3,1,-1,-1,-1
145,5,295,429,4,4,1,-1,-1,-1
145,6,1259,467,5,5,1,-1,-1,-1
145,7,1252,476,4,4,1,-1,-1,-1
145,8,1279,481,4,6,1,-1,-1,-1
146,2,267,303,4,3,1,-1,-1,-1
146,3,295,424,3,3,1,-1,-1,-1
146,4,295,429,3,3,1,-1,-1,-1
146,5,1258,468,5,5,1,-1,-1,-1
146,6,1251,477,4,5,1,-1,-1,-1
146,7,1279,480,4,5,1,-1,-1,-1
147,1,599,127,5,3,1,-1,-1,-1
147,3,689,267,5,6,1,-1,-1,-1
147,4,294,424,4,3,1,-1,-1,-1
147,5,295,429,4,3,1,-1,-1,-1
147,6,1258,469,5,5,1,-1,-1,-1
147,7,1251,477,4,5,1,-1,-1,-1
147,8,1280,479,3,6,1,-1,-1,-1
148,1,651,185,6,10,1,-1,-1,-1
148,2,657,187,17,18,1,-1,-1,-1
148,3,636,188,11,11,1,-1,-1,-1
148,4,644,197,17,12,1,-1,-1,-1
148,5,688,267,4,3,1,-1,-1,-1
148,6,295,424,3,3,1,-1,-1,-1
148,7,1258,469,4,4,1,-1,-1,-1
148,8,1251,478,4,4,1,-1,-1,-1
148,9,1281,480,2,4,1,-1,-1,-1
149,1,602,125,7,7,1,-1,-1,-1
149,2,637,185,19,21,1,-1,-1,-1
149,3,660,189,21,21,1,-1,-1,-1
149,4,688,268,3,3,1,-1,-1,-1
149,5,689,272,4,3,1,-1,-1,-1
149,6,1256,470,5,5,1,-1,-1,-1
149,7,1249,479,5,4,1,-1,-1,-1
150,1,602,124,7,10,1,-1,-1,-1
150,3,644,190,11,10,1,-1,-1,-1
150,4,689,272,4,4,1,-1,-1,-1
150,5,295,427,3,3,1,-1,-1,-1
150,6,1256,472,4,4,1,-1,-1,-1
150,7,1249,480,3,3,1,-1,-1,-1
151,1,603,125,3,3,1,-1,-1,-1
151,2,644,187,20,22,1,-1,-1,-1
151,3,661,190,25,20,1,-1,-1,-1
151,4,689,272,4,4,1,-1,-1,-1
151,5,1256,472,4,4,1,-1,-1,-1
151,6,1249,480,4,4,1,-1,-1,-1
152,1,584,121,7,5,1,-1,-1,-1
152,3,689,270,4,3,1,-1,-1,-1
152,4,689,274,4,4,1,-1,-1,-1
152,5,294,421,4,3,1,-1,-1,-1
152,6,295,426,3,3,1,-1,-1,-1
152,7,1255,471,7,6,1,-1,-1,-1
152,8,1247,480,6,6,1,-1,-1,-1
153,1,595,126,5,3,1,-1,-1,-1
153,2,607,131,3,5,1,-1,-1,-1
153,3,651,188,26,26,1,-1,-1,-1
153,4,672,190,18,20,1,-1,-1,-1
153,5,689,270,4,4,1,-1,-1,-1
153,6,689,275,4,3,1,-1,-1,-1
153,7,294,420,3,3,1,-1,-1,-1
153,8,295,425,3,3,1,-1,-1,-1
153,9,1254,473,5,5,1,-1,-1,-1
153,10,1247,482,4,4,1,-1,-1,-1
153,11,1240,519,4,2,1,-1,-1,-1
154,1,652,189,20,21,1,-1,-1,-1
154,2,675,194,21,21,1,-1,-1,-1
154,3,689,270,4,4,1,-1,-1,-1
154,4,294,420,3,3,1,-1,-1,-1
154,5,295,425,3,3,1,-1,-1,-1
154,6,1254,474,4,4,1,-1,-1,-1
154,7,1246,482,5,4,1,-1,-1,-1
154,8,1241,519,3,2,1,-1,-1,-1
155,1,599,126,11,9,1,-1,-1,-1
155,2,771,135,3,4,1,-1,-1,-1
155,4,659,195,11,10,1,-1,-1,-1
155,5,689,271,3,4,1,-1,-1,-1
155,6,295,424,3,3,1,-1,-1,-1
155,7,1253,475,4,4,1,-1,-1,-1
155,8,1245,484,5,4,1,-1,-1,-1
155,9,1241,518,3,3,1,-1,-1,-1
156,1,597,126,12,7,1,-1,-1,-1
156,2,771,136,3,3,1,-1,-1,-1
156,3,659,190,21,23,1,-1,-1,-1
156,4,676,193,27,23,1,-1,-1,-1
156,5,689,271,3,4,1,-1,-1,-1
156,6,294,419,3,3,1,-1,-1,-1
156,7,295,424,3,3,1,-1,-1,-1
156,8,1253,476,3,3,1,-1,-1,-1
156,9,1244,484,6,5,1,-1,-1,-1
156,10,1232,519,3,2,1,-1,-1,-1
156,11,1242,518,3,3,1,-1,-1,-1
157,1,1145,32,3,3,1,-1,-1,-1
157,2,386,99,3,3,1,-1,-1,-1
157,3,600,127,10,7,1,-1,-1,-1
157,5,675,206,8,9,1,-1,-1,-1
157,6,689,272,3,3,1,-1,-1,-1
157,7,690,276,4,4,1,-1,-1,-1
157,8,294,419,3,3,1,-1,-1,-1
157,9,1252,476,5,4,1,-1,-1,-1
157,10,1244,485,4,5,1,-1,-1,-1
157,11,1232,517,4,4,1,-1,-1,-1
157,12,1242,517,3,4,1,-1,-1,-1
158,1,386,99,3,4,1,-1,-1,-1
158,2,603,128,3,3,1,-1,-1,-1
158,3,634,139,3,3,1,-1,-1,-1
158,4,666,193,21,14,1,-1,-1,-1
158,5,674,195,30,22,1,-1,-1,-1
158,6,689,277,3,3,1,-1,-1,-1
158,7,293,418,3,3,1,-1,-1,-1
158,8,294,423,3,3,1,-1,-1,-1
158,9,291,477,3,3,1,-1,-1,-1
158,10,1251,477,4,4,1,-1,-1,-1
158,11,1244,486,4,3,1,-1,-1,-1
158,12,1243,517,3,3,1,-1,-1,-1
158,13,1233,518,3,3,1,-1,-1,-1
159,1,604,128,3,3,1,-1,-1,-1
159,2,771,136,3,3,1,-1,-1,-1
159,3,635,139,3,3,1,-1,-1,-1
159,4,667,194,21,20,1,-1,-1,-1
159,5,690,196,21,23,1,-1,-1,-1
159,6,689,274,3,3,1,-1,-1,-1
159,7,689,278,4,4,1,-1,-1,-1
159,8,293,417,3,3,1,-1,-1,-1
159,9,295,422,3,3,1,-1,-1,-1
159,10,291,477,4,3,1,-1,-1,-1
159,11,1250,478,6,4,1,-1,-1,-1
159,12,1243,487,4,3,1,-1,-1,-1
159,13,1233,517,5,4,1,-1,-1,-1
159,14,1243,516,4,3,1,-1,-1,-1
160,1,771,135,4,5,1,-1,-1,-1
160,3,689,274,5,7,1,-1,-1,-1
160,4,291,477,4,3,1,-1,-1,-1
160,5,1250,479,4,3,1,-1,-1,-1
160,6,1242,487,5,4,1,-1,-1,-1
160,7,1240,515,7,6,1,-1,-1,-1
160,8,1233,516,5,5,1,-1,-1,-1
161,1,243,173,3,3,1,-1,-1,-1
161,3,689,275,3,3,1,-1,-1,-1
161,4,690,279,3,3,1,-1,-1,-1
161,5,292,416,6,7,1,-1,-1,-1
161,6,1249,479,5,4,1,-1,-1,-1
161,7,1242,488,4,4,1,-1,-1,-1
161,8,1244,514,4,4,1,-1,-1,-1
161,9,1234,516,4,4,1,-1,-1,-1
161,10,1241,519,4,2,1,-1,-1,-1
162,1,678,195,4,3,1,-1,-1,-1
162,3,690,275,3,3,1,-1,-1,-1
162,4,293,415,3,4,1,-1,-1,-1
162,5,294,420,3,3,1,-1,-1,-1
162,6,1249,480,3,4,1,-1,-1,-1
162,7,1241,488,5,5,1,-1,-1,-1
162,8,1245,513,4,3,1,-1,-1,-1
162,9,1235,514,4,5,1,-1,-1,-1
162,10,1242,517,3,3,1,-1,-1,-1
163,2,689,211,9,8,1,-1,-1,-1
163,3,689,276,3,3,1,-1,-1,-1
163,4,1248,481,4,4,1,-1,-1,-1
163,5,1241,490,4,3,1,-1,-1,-1
163,6,1242,513,8,7,1,-1,-1,-1
163,7,1235,514,4,4,1,-1,-1,-1
164,1,678,194,3,3,1,-1,-1,-1
164,2,682,197,20,22,1,-1,-1,-1
164,3,705,201,21,22,1,-1,-1,-1
164,4,689,276,4,4,1,-1,-1,-1
164,5,690,281,4,3,1,-1,-1,-1
164,6,1248,482,3,3,1,-1,-1,-1
164,7,1240,490,4,5,1,-1,-1,-1
164,8,1246,511,4,5,1,-1,-1,-1
164,9,1236,513,5,5,1,-1,-1,-1
164,10,1243,516,3,3,1,-1,-1,-1
165,2,697,212,9,10,1,-1,-1,-1
165,3,690,277,3,3,1,-1,-1,-1
165,4,690,281,4,4,1,-1,-1,-1
165,5,1247,483,3,3,1,-1,-1,-1
165,6,1240,491,4,4,1,-1,-1,-1
165,7,1244,511,7,7,1,-1,-1,-1
165,8,1237,512,4,5,1,-1,-1,-1
165,9,1233,519,3,2,1,-1,-1,-1
166,1,689,198,21,23,1,-1,-1,-1
166,2,705,202,26,21,1,-1,-1,-1
166,3,1247,483,3,3,1,-1,-1,-1
166,4,1239,492,4,3,1,-1,-1,-1
166,5,1247,510,4,4,1,-1,-1,-1
166,6,1238,512,4,4,1,-1,-1,-1
167,1,678,193,3,3,1,-1,-1,-1
167,3,705,214,8,9,1,-1,-1,-1
167,4,691,283,3,3,1,-1,-1,-1
167,5,1245,483,5,5,1,-1,-1,-1
167,6,1238,493,4,5,1,-1,-1,-1
167,7,1245,509,7,7,1,-1,-1,-1
167,8,1239,510,4,5,1,-1,-1,-1
168,2,622,222,3,3,1,-1,-1,-1
168,3,690,279,3,3,1,-1,-1,-1
168,4,691,283,3,3,1,-1,-1,-1
168,5,294,417,3,3,1,-1,-1,-1
168,6,1245,485,4,3,1,-1,-1,-1
168,7,1237,493,5,5,1,-1,-1,-1
168,8,1248,509,4,4,1,-1,-1,-1
168,9,1239,510,4,5,1,-1,-1,-1
169,1,698,202,20,21,1,-1,-1,-1
169,2,719,205,22,22,1,-1,-1,-1
169,3,690,279,4,4,1,-1,-1,-1
169,4,1244,485,5,4,1,-1,-1,-1
169,5,1237,494,3,4,1,-1,-1,-1
169,6,1249,507,4,5,1,-1,-1,-1
169,7,1240,509,5,5,1,-1,-1,-1
169,8,1246,513,3,3,1,-1,-1,-1
170,1,669,148,6,6,1,-1,-1,-1
170,3,720,219,10,8,1,-1,-1,-1
170,4,691,284,3,4,1,-1,-1,-1
170,5,292,412,3,3,1,-1,-1,-1
170,6,1243,487,4,3,1,-1,-1,-1
170,7,1236,496,4,3,1,-1,-1,-1
170,8,1250,507,4,4,1,-1,-1,-1
170,9,1240,508,4,5,1,-1,-1,-1
170,10,1247,512,3,4,1,-1,-1,-1
171,1,668,149,7,5,1,-1,-1,-1
171,2,678,192,3,3,1,-1,-1,-1
171,4,690,281,3,3,1,-1,-1,-1
171,5,691,285,3,3,1,-1,-1,-1
171,6,271,321,3,3,1,-1,-1,-1
171,7,292,411,3,3,1,-1,-1,-1
171,8,293,416,3,3,1,-1,-1,-1
171,9,1243,486,5,5,1,-1,-1,-1
171,10,1236,496,4,3,1,-1,-1,-1
171,11,1250,506,4,4,1,-1,-1,-1
171,12,1241,508,3,4,1,-1,-1,-1
171,13,1247,511,3,3,1,-1,-1,-1
172,1,670,141,5,11,1,-1,-1,-1
172,2,676,150,5,5,1,-1,-1,-1
172,3,677,191,3,4,1,-1,-1,-1
172,5,727,206,22,24,1,-1,-1,-1
172,6,691,281,3,3,1,-1,-1,-1
172,7,691,286,3,3,1,-1,-1,-1
172,8,291,410,4,3,1,-1,-1,-1
172,9,1242,487,5,5,1,-1,-1,-1
172,10,1235,496,3,4,1,-1,-1,-1
172,11,1247,505,8,9,1,-1,-1,-1
172,12,1242,507,4,4,1,-1,-1,-1
172,13,1237,514,3,3,1,-1,-1,-1
173,1,670,141,6,11,1,-1,-1,-1
173,2,677,151,5,6,1,-1,-1,-1
173,3,677,191,3,3,1,-1,-1,-1
173,5,691,281,3,3,1,-1,-1,-1
173,6,701,329,3,3,1,-1,-1,-1
173,7,291,410,3,3,1,-1,-1,-1
173,8,1242,488,4,5,1,-1,-1,-1
173,9,1235,497,4,3,1,-1,-1,-1
173,10,1252,505,3,4,1,-1,-1,-1
173,11,1242,506,4,6,1,-1,-1,-1
173,12,1248,509,3,4,1,-1,-1,-1
174,1,677,150,6,7,1,-1,-1,-1
174,2,677,191,3,3,1,-1,-1,-1
174,3,713,205,19,22,1,-1,-1,-1
174,4,735,208,22,23,1,-1,-1,-1
174,5,691,287,3,3,1,-1,-1,-1
174,6,701,327,4,6,1,-1,-1,-1
174,7,291,409,4,4,1,-1,-1,-1
174,8,292,414,3,3,1,-1,-1,-1
174,9,1240,488,6,6,1,-1,-1,-1
174,10,1234,497,5,5,1,-1,-1,-1
174,11,1243,505,5,5,1,-1,-1,-1
174,12,1253,504,3,4,1,-1,-1,-1
174,13,1249,509,4,3,1,-1,-1,-1
175,1,670,140,4,8,1,-1,-1,-1
175,2,679,148,3,4,1,-1,-1,-1
175,3,719,206,21,17,1,-1,-1,-1
175,4,727,209,31,22,1,-1,-1,-1
175,5,691,283,3,3,1,-1,-1,-1
175,6,691,287,3,4,1,-1,-1,-1
175,7,271,320,3,3,1,-1,-1,-1
175,8,292,413,3,3,1,-1,-1,-1
175,9,1240,489,5,5,1,-1,-1,-1
175,10,1233,499,5,4,1,-1,-1,-1
175,11,1243,504,5,5,1,-1,-1,-1
175,12,1250,504,6,7,1,-1,-1,-1
176,1,670,141,4,6,1,-1,-1,-1
176,2,720,206,20,24,1,-1,-1,-1
176,3,741,209,22,23,1,-1,-1,-1
176,4,736,224,8,7,1,-1,-1,-1
176,5,691,288,3,3,1,-1,-1,-1
176,6,271,320,3,3,1,-1,-1,-1
176,7,700,327,3,3,1,-1,-1,-1
176,8,291,408,3,3,1,-1,-1,-1
176,9,292,413,3,3,1,-1,-1,-1
176,10,1240,490,4,4,1,-1,-1,-1
176,11,1232,499,5,4,1,-1,-1,-1
176,12,1250,503,7,8,1,-1,-1,-1
176,13,1244,504,5,6,1,-1,-1,-1
177,1,1171,100,3,3,1,-1,-1,-1
177,2,244,164,3,3,1,-1,-1,-1
177,3,721,208,18,21,1,-1,-1,-1
177,4,741,209,24,25,1,-1,-1,-1
177,5,735,224,7,6,1,-1,-1,-1
177,6,691,285,3,7,1,-1,-1,-1
177,7,271,321,3,3,1,-1,-1,-1
177,8,700,326,4,5,1,-1,-1,-1
177,9,292,412,3,3,1,-1,-1,-1
177,10,1280,447,3,5,1,-1,-1,-1
177,11,1239,491,4,5,1,-1,-1,-1
177,12,1232,500,4,4,1,-1,-1,-1
177,13,1244,503,6,5,1,-1,-1,-1
177,14,1251,502,7,8,1,-1,-1,-1
178,1,741,208,23,22,1,-1,-1,-1
178,2,728,214,10,9,1,-1,-1,-1
178,3,735,223,17,11,1,-1,-1,-1
178,4,691,285,3,3,1,-1,-1,-1
178,5,1280,448,3,4,1,-1,-1,-1
178,6,1239,492,4,4,1,-1,-1,-1
178,7,1232,500,4,4,1,-1,-1,-1
178,8,1245,503,5,4,1,-1,-1,-1
178,9,1252,506,3,3,1,-1,-1,-1
179,1,671,149,6,4,1,-1,-1,-1
179,2,728,209,19,21,1,-1,-1,-1
179,3,750,214,21,21,1,-1,-1,-1
179,4,691,285,3,4,1,-1,-1,-1
179,5,691,290,3,3,1,-1,-1,-1
179,6,291,406,3,3,1,-1,-1,-1
179,7,292,411,3,3,1,-1,-1,-1
179,8,1281,450,2,6,1,-1,-1,-1
179,9,1238,493,4,4,1,-1,-1,-1
179,10,1232,501,3,3,1,-1,-1,-1
179,11,1247,501,4,5,1,-1,-1,-1
179,12,1256,501,3,3,1,-1,-1,-1
179,13,1252,505,3,3,1,-1,-1,-1
179,14,1233,518,4,3,1,-1,-1,-1
180,1,671,148,4,4,1,-1,-1,-1
180,2,677,151,5,7,1,-1,-1,-1
180,3,704,162,4,4,1,-1,-1,-1
180,4,676,186,3,3,1,-1,-1,-1
180,6,700,325,3,3,1,-1,-1,-1
180,7,272,326,3,3,1,-1,-1,-1
180,8,701,330,3,3,1,-1,-1,-1
180,9,291,406,3,3,1,-1,-1,-1
180,10,1278,450,5,7,1,-1,-1,-1
180,11,1237,494,4,4,1,-1,-1,-1
180,12,1247,501,5,5,1,-1,-1,-1
180,13,1253,500,6,7,1,-1,-1,-1
180,14,1232,518,5,3,1,-1,-1,-1
181,2,691,286,3,3,1,-1,-1,-1
181,3,700,325,3,3,1,-1,-1,-1
181,4,291,406,3,3,1,-1,-1,-1
181,5,1278,450,5,8,1,-1,-1,-1
181,6,1236,494,5,4,1,-1,-1,-1
181,7,1247,501,4,4,1,-1,-1,-1
181,8,1231,503,3,3,1,-1,-1,-1
181,9,1253,504,3,3,1,-1,-1,-1
181,10,1232,518,5,3,1,-1,-1,-1
182,1,679,154,3,3,1,-1,-1,-1
182,2,243,162,4,4,1,-1,-1,-1
182,3,244,167,3,3,1,-1,-1,-1
182,4,354,186,4,5,1,-1,-1,-1
182,5,736,213,22,22,1,-1,-1,-1
182,6,756,214,23,23,1,-1,-1,-1
182,7,691,286,4,4,1,-1,-1,-1
182,8,691,292,4,4,1,-1,-1,-1
182,9,700,323,3,4,1,-1,-1,-1
182,10,272,328,3,4,1,-1,-1,-1
182,11,291,404,3,3,1,-1,-1,-1
182,12,291,409,4,3,1,-1,-1,-1
182,13,1280,448,3,4,1,-1,-1,-1
182,14,1276,452,7,7,1,-1,-1,-1
182,15,1235,494,6,6,1,-1,-1,-1
182,16,1249,499,8,7,1,-1,-1,-1
182,17,1258,498,3,4,1,-1,-1,-1
182,18,1228,502,6,7,1,-1,-1,-1
182,19,1234,516,5,5,1,-1,-1,-1
183,1,679,153,4,5,1,-1,-1,-1
183,2,354,186,4,4,1,-1,-1,-1
183,3,676,187,3,3,1,-1,-1,-1
183,5,691,288,3,3,1,-1,-1,-1
183,6,700,324,3,3,1,-1,-1,-1
183,7,272,328,3,3,1,-1,-1,-1
183,8,290,405,3,3,1,-1,-1,-1
183,9,1280,447,3,6,1,-1,-1,-1
183,10,1276,452,7,7,1,-1,-1,-1
183,11,1235,496,4,4,1,-1,-1,-1
183,12,1249,498,5,5,1,-1,-1,-1
183,13,1255,498,6,7,1,-1,-1,-1
183,14,1229,504,4,4,1,-1,-1,-1
183,15,1234,516,5,5,1,-1,-1,-1
184,1,743,214,19,21,1,-1,-1,-1
184,2,765,218,21,21,1,-1,-1,-1
184,3,272,328,4,3,1,-1,-1,-1
184,4,1280,448,3,5,1,-1,-1,-1
184,5,1276,452,6,7,1,-1,-1,-1
184,6,1235,496,4,4,1,-1,-1,-1
184,7,1250,498,4,4,1,-1,-1,-1
184,8,1258,498,3,3,1,-1,-1,-1
184,9,1255,502,3,3,1,-1,-1,-1
184,10,1228,504,5,6,1,-1,-1,-1
184,11,1234,516,5,4,1,-1,-1,-1
185,1,244,162,3,3,1,-1,-1,-1
185,2,244,166,3,3,1,-1,-1,-1
185,3,354,187,3,3,1,-1,-1,-1
185,5,273,329,3,3,1,-1,-1,-1
185,6,701,328,3,3,1,-1,-1,-1
185,7,290,403,4,3,1,-1,-1,-1
185,8,291,407,4,4,1,-1,-1,-1
185,9,1277,450,6,10,1,-1,-1,-1
185,10,1234,497,4,4,1,-1,-1,-1
185,11,1251,497,4,5,1,-1,-1,-1
185,12,1256,496,7,8,1,-1,-1,-1
185,13,1227,505,5,6,1,-1,-1,-1
185,14,1236,514,4,5,1,-1,-1,-1
186,1,244,166,3,3,1,-1,-1,-1
186,2,720,168,4,4,1,-1,-1,-1
186,3,354,185,5,4,1,-1,-1,-1
186,5,272,326,3,3,1,-1,-1,-1
186,6,701,327,4,4,1,-1,-1,-1
186,7,272,330,4,3,1,-1,-1,-1
186,8,290,403,3,3,1,-1,-1,-1
186,9,1274,450,9,11,1,-1,-1,-1
186,10,1234,497,7,5,1,-1,-1,-1
186,11,1251,496,5,5,1,-1,-1,-1
186,12,1256,496,7,7,1,-1,-1,-1
186,13,1226,507,4,5,1,-1,-1,-1
186,14,1236,514,4,4,1,-1,-1,-1
187,2,691,290,3,3,1,-1,-1,-1
187,3,272,326,3,4,1,-1,-1,-1
187,4,700,327,3,4,1,-1,-1,-1
187,5,1273,448,10,14,1,-1,-1,-1
187,6,1252,495,9,7,1,-1,-1,-1
187,7,1260,495,3,3,1,-1,-1,-1
187,8,1233,498,5,5,1,-1,-1,-1
187,9,1225,507,5,5,1,-1,-1,-1
187,10,1237,513,4,5,1,-1,-1,-1
188,1,723,168,7,4,1,-1,-1,-1
188,3,700,322,3,3,1,-1,-1,-1
188,4,290,402,3,3,1,-1,-1,-1
188,5,291,406,3,3,1,-1,-1,-1
188,6,1281,448,2,4,1,-1,-1,-1
188,7,1273,451,10,11,1,-1,-1,-1
188,8,1253,495,3,4,1,-1,-1,-1
188,9,1233,499,4,4,1,-1,-1,-1
188,10,1226,508,4,4,1,-1,-1,-1
188,11,1237,512,4,5,1,-1,-1,-1
189,1,705,162,5,4,1,-1,-1,-1
189,2,724,167,7,5,1,-1,-1,-1
189,3,353,185,4,3,1,-1,-1,-1
189,4,758,218,19,22,1,-1,-1,-1
189,5,780,222,21,23,1,-1,-1,-1
189,6,691,291,4,3,1,-1,-1,-1
189,7,692,296,3,3,1,-1,-1,-1
189,8,699,322,3,3,1,-1,-1,-1
189,9,700,326,4,3,1,-1,-1,-1
189,10,290,401,3,3,1,-1,-1,-1
189,11,290,406,4,3,1,-1,-1,-1
189,12,1279,449,4,4,1,-1,-1,-1
189,13,1276,453,7,6,1,-1,-1,-1
189,14,1272,456,7,9,1,-1,-1,-1
189,15,1262,493,3,3,1,-1,-1,-1
189,16,1253,494,5,5,1,-1,-1,-1
189,17,1258,498,4,3,1,-1,-1,-1
189,18,1232,500,4,4,1,-1,-1,-1
189,19,1225,509,4,5,1,-1,-1,-1
189,20,1237,510,7,6,1,-1,-1,-1
190,1,725,162,4,6,1,-1,-1,-1
190,2,727,169,3,3,1,-1,-1,-1
190,3,731,170,7,5,1,-1,-1,-1
190,5,692,292,3,3,1,-1,-1,-1
190,6,692,296,3,3,1,-1,-1,-1
190,7,700,326,3,3,1,-1,-1,-1
190,8,272,329,3,3,1,-1,-1,-1
190,9,1279,450,4,3,1,-1,-1,-1
190,10,1275,453,3,3,1,-1,-1,-1
190,11,1271,457,10,8,1,-1,-1,-1
190,12,1254,493,4,4,1,-1,-1,-1
190,13,1259,493,7,7,1,-1,-1,-1
190,14,1231,500,5,5,1,-1,-1,-1
190,15,1224,510,4,4,1,-1,-1,-1
190,16,1239,510,5,5,1,-1,-1,-1
191,1,728,169,10,7,1,-1,-1,-1
191,3,692,293,3,3,1,-1,-1,-1
191,4,692,297,3,3,1,-1,-1,-1
191,5,699,320,3,3,1,-1,-1,-1
191,6,700,326,3,3,1,-1,-1,-1
191,7,273,333,3,3,1,-1,-1,-1
191,8,236,393,3,3,1,-1,-1,-1
191,9,289,400,4,3,1,-1,-1,-1
191,10,290,404,3,3,1,-1,-1,-1
191,11,1279,451,3,3,1,-1,-1,-1
191,12,1271,458,7,8,1,-1,-1,-1
191,13,1255,493,4,5,1,-1,-1,-1
191,14,1262,493,3,3,1,-1,-1,-1
191,15,1231,501,5,5,1,-1,-1,-1
191,16,1239,509,5,6,1,-1,-1,-1
191,17,1224,510,4,5,1,-1,-1,-1
192,1,728,169,11,10,1,-1,-1,-1
192,2,354,184,3,3,1,-1,-1,-1
192,3,765,220,19,20,1,-1,-1,-1
192,4,785,222,7,10,1,-1,-1,-1
192,5,787,225,22,21,1,-1,-1,-1
192,6,780,235,7,9,1,-1,-1,-1
192,7,274,333,3,3,1,-1,-1,-1
192,8,236,393,3,3,1,-1,-1,-1
192,9,1270,455,9,11,1,-1,-1,-1
192,10,1256,491,4,5,1,-1,-1,-1
192,11,1264,492,3,3,1,-1,-1,-1
192,12,1230,502,4,5,1,-1,-1,-1
192,13,1240,509,5,4,1,-1,-1,-1
192,14,1223,512,4,3,1,-1,-1,-1
193,1,721,169,4,4,1,-1,-1,-1
193,2,736,171,4,4,1,-1,-1,-1
193,3,729,172,6,6,1,-1,-1,-1
193,4,676,184,3,3,1,-1,-1,-1
193,6,700,325,3,3,1,-1,-1,-1
193,7,273,334,3,3,1,-1,-1,-1
193,8,291,404,3,3,1,-1,-1,-1
193,9,1277,448,6,7,1,-1,-1,-1
193,10,1269,459,11,8,1,-1,-1,-1
193,11,1264,491,3,4,1,-1,-1,-1
193,12,1256,492,4,5,1,-1,-1,-1
193,13,1230,502,4,4,1,-1,-1,-1
193,14,1240,509,5,3,1,-1,-1,-1
193,15,1223,512,4,4,1,-1,-1,-1
194,1,721,167,5,7,1,-1,-1,-1
194,2,738,173,3,6,1,-1,-1,-1
194,3,746,175,4,3,1,-1,-1,-1
194,4,354,182,3,4,1,-1,-1,-1
194,5,772,222,21,22,1,-1,-1,-1
194,6,795,227,21,21,1,-1,-1,-1
194,7,692,294,3,3,1,-1,-1,-1
194,8,693,298,3,3,1,-1,-1,-1
194,9,699,319,3,3,1,-1,-1,-1
194,10,700,324,3,3,1,-1,-1,-1
194,11,236,393,3,3,1,-1,-1,-1
194,12,289,398,4,3,1,-1,-1,-1
194,13,290,402,4,4,1,-1,-1,-1
194,14,1276,449,7,7,1,-1,-1,-1
194,15,1268,457,12,12,1,-1,-1,-1
194,16,1257,489,5,6,1,-1,-1,-1
194,17,1266,489,3,4,1,-1,-1,-1
194,18,1229,504,5,5,1,-1,-1,-1
194,19,1241,507,6,6,1,-1,-1,-1
194,20,1221,513,5,5,1,-1,-1,-1
195,1,724,169,9,9,1,-1,-1,-1
195,2,746,174,6,5,1,-1,-1,-1
195,3,734,176,7,6,1,-1,-1,-1
195,4,354,186,3,3,1,-1,-1,-1
195,6,787,237,9,9,1,-1,-1,-1
195,7,795,240,10,9,1,-1,-1,-1
195,8,699,319,3,3,1,-1,-1,-1
195,9,273,333,3,5,1,-1,-1,-1
195,10,1268,450,14,18,1,-1,-1,-1
195,11,1265,489,4,3,1,-1,-1,-1
195,12,1258,490,3,5,1,-1,-1,-1
195,13,1229,505,3,3,1,-1,-1,-1
195,14,1242,507,5,4,1,-1,-1,-1
195,15,1221,514,4,4,1,-1,-1,-1
196,1,726,168,8,12,1,-1,-1,-1
196,2,747,174,4,5,1,-1,-1,-1
196,3,736,176,5,5,1,-1,-1,-1
196,5,700,320,3,6,1,-1,-1,-1
196,6,273,332,4,3,1,-1,-1,-1
196,7,1278,450,5,4,1,-1,-1,-1
196,8,1267,454,11,15,1,-1,-1,-1
196,9,1266,489,3,3,1,-1,-1,-1
196,10,1258,490,4,3,1,-1,-1,-1
196,11,1228,505,5,4,1,-1,-1,-1
196,12,1243,505,4,6,1,-1,-1,-1
196,13,1221,515,3,3,1,-1,-1,-1
197,1,243,158,3,3,1,-1,-1,-1
197,2,727,168,14,13,1,-1,-1,-1
197,3,746,178,4,4,1,-1,-1,-1
197,4,354,182,3,3,1,-1,-1,-1
197,5,354,186,3,3,1,-1,-1,-1
197,7,692,296,3,3,1,-1,-1,-1
197,8,693,301,4,3,1,-1,-1,-1
197,9,698,317,4,4,1,-1,-1,-1
197,10,700,322,3,4,1,-1,-1,-1
197,11,273,333,3,3,1,-1,-1,-1
197,12,289,396,3,4,1,-1,-1,-1
197,13,290,401,3,3,1,-1,-1,-1
197,14,1274,451,8,7,1,-1,-1,-1
197,15,1266,458,11,12,1,-1,-1,-1
197,16,1259,488,4,4,1,-1,-1,-1
197,17,1267,489,3,3,1,-1,-1,-1
197,18,1254,495,3,3,1,-1,-1,-1
197,19,1244,504,4,5,1,-1,-1,-1
197,20,1226,506,5,5,1,-1,-1,-1
197,21,1219,515,5,5,1,-1,-1,-1
198,1,243,158,3,3,1,-1,-1,-1
198,2,725,168,4,3,1,-1,-1,-1
198,3,731,169,10,13,1,-1,-1,-1
198,4,746,179,3,3,1,-1,-1,-1
198,6,794,239,9,9,1,-1,-1,-1
198,7,693,301,3,3,1,-1,-1,-1
198,8,700,322,3,3,1,-1,-1,-1
198,9,273,334,3,5,1,-1,-1,-1
198,10,289,396,3,3,1,-1,-1,-1
198,11,1266,452,15,18,1,-1,-1,-1
198,12,1260,488,4,4,1,-1,-1,-1
198,13,1264,488,7,7,1,-1,-1,-1
198,14,1244,504,5,5,1,-1,-1,-1
198,15,1227,507,4,3,1,-1,-1,-1
198,16,1220,517,3,3,1,-1,-1,-1
199,1,732,170,7,5,1,-1,-1,-1
199,2,737,176,3,5,1,-1,-1,-1
199,3,786,227,21,21,1,-1,-1,-1
199,4,810,231,22,21,1,-1,-1,-1
199,5,692,297,3,3,1,-1,-1,-1
199,6,700,322,3,3,1,-1,-1,-1
199,7,273,334,4,5,1,-1,-1,-1
199,8,289,396,3,3,1,-1,-1,-1
199,9,1273,453,7,6,1,-1,-1,-1
199,10,1265,462,11,9,1,-1,-1,-1
199,11,1260,487,7,7,1,-1,-1,-1
199,12,1244,503,6,6,1,-1,-1,-1
199,13,1226,507,6,5,1,-1,-1,-1
199,14,1219,516,5,5,1,-1,-1,-1
200,1,732,171,4,3,1,-1,-1,-1
200,2,744,179,4,4,1,-1,-1,-1
200,3,762,180,5,5,1,-1,-1,-1
200,5,692,297,4,4,1,-1,-1,-1
200,6,699,317,3,3,1,-1,-1,-1
200,7,289,395,3,3,1,-1,-1,-1
200,8,1268,454,10,10,1,-1,-1,-1
200,9,1264,464,3,3,1,-1,-1,-1
200,10,1265,465,9,7,1,-1,-1,-1
200,11,1261,486,8,7,1,-1,-1,-1
200,12,1245,503,5,5,1,-1,-1,-1
200,13,1225,508,5,5,1,-1,-1,-1
200,14,1218,518,4,3,1,-1,-1,-1
201,1,243,160,4,3,1,-1,-1,-1
201,2,742,176,6,7,1,-1,-1,-1
201,3,762,180,5,5,1,-1,-1,-1
201,5,692,298,3,3,1,-1,-1,-1
201,6,698,316,3,3,1,-1,-1,-1
201,7,273,335,3,3,1,-1,-1,-1
201,8,289,394,3,4,1,-1,-1,-1
201,9,1275,454,3,3,1,-1,-1,-1
201,10,1268,457,6,7,1,-1,-1,-1
201,11,1264,464,3,4,1,-1,-1,-1
201,12,1264,465,9,9,1,-1,-1,-1
201,13,1270,485,3,3,1,-1,-1,-1
201,14,1262,486,7,7,1,-1,-1,-1
201,15,1246,502,5,5,1,-1,-1,-1
201,16,1225,509,5,5,1,-1,-1,-1
201,17,1218,518,4,3,1,-1,-1,-1
202,1,675,179,3,3,1,-1,-1,-1
202,2,353,180,4,4,1,-1,-1,-1
202,3,764,181,3,3,1,-1,-1,-1
202,4,760,183,3,3,1,-1,-1,-1
202,6,810,244,7,8,1,-1,-1,-1
202,7,289,393,3,3,1,-1,-1,-1
202,8,1267,455,11,10,1,-1,-1,-1
202,9,1263,466,3,3,1,-1,-1,-1
202,10,1268,466,4,4,1,-1,-1,-1
202,11,1264,471,3,3,1,-1,-1,-1
202,12,1263,484,6,8,1,-1,-1,-1
202,13,1270,484,5,4,1,-1,-1,-1
202,14,1246,501,6,5,1,-1,-1,-1
202,15,1224,510,4,5,1,-1,-1,-1
202,16,1219,519,3,2,1,-1,-1,-1
203,1,748,176,3,3,1,-1,-1,-1
203,2,353,181,4,3,1,-1,-1,-1
203,3,752,181,3,5,1,-1,-1,-1
203,5,809,244,9,9,1,-1,-1,-1
203,6,699,315,3,4,1,-1,-1,-1
203,7,699,320,3,3,1,-1,-1,-1
203,8,289,393,3,3,1,-1,-1,-1
203,9,1267,466,4,4,1,-1,-1,-1
203,10,1263,471,4,3,1,-1,-1,-1
203,11,300,474,3,3,1,-1,-1,-1
203,12,1263,484,4,5,1,-1,-1,-1
203,13,1270,484,4,4,1,-1,-1,-1
203,14,1247,501,5,5,1,-1,-1,-1
203,15,1224,510,4,5,1,-1,-1,-1
204,1,243,159,3,3,1,-1,-1,-1
204,2,674,178,4,3,1,-1,-1,-1
204,3,770,181,3,3,1,-1,-1,-1
204,4,802,231,20,22,1,-1,-1,-1
204,5,825,235,21,22,1,-1,-1,-1
204,6,289,397,3,4,1,-1,-1,-1
204,7,1272,456,4,3,1,-1,-1,-1
204,8,1266,460,6,6,1,-1,-1,-1
204,9,1261,467,3,3,1,-1,-1,-1
204,10,1267,467,3,4,1,-1,-1,-1
204,11,1262,472,4,4,1,-1,-1,-1
204,12,1264,482,5,5,1,-1,-1,-1
204,13,1271,483,4,4,1,-1,-1,-1
204,14,1248,499,5,6,1,-1,-1,-1
204,15,1223,512,4,3,1,-1,-1,-1
205,1,674,177,4,3,1,-1,-1,-1
205,2,354,184,3,3,1,-1,-1,-1
205,4,816,246,9,9,1,-1,-1,-1
205,5,699,319,3,3,1,-1,-1,-1
205,6,289,397,3,3,1,-1,-1,-1
205,7,1268,457,7,7,1,-1,-1,-1
205,8,1261,467,3,3,1,-1,-1,-1
205,9,1262,468,8,9,1,-1,-1,-1
205,10,1265,482,10,8,1,-1,-1,-1
205,11,1260,489,3,3,1,-1,-1,-1
205,12,1248,499,6,5,1,-1,-1,-1
205,13,1222,512,5,5,1,-1,-1,-1
206,1,243,159,3,3,1,-1,-1,-1
206,2,674,177,3,3,1,-1,-1,-1
206,3,353,183,4,3,1,-1,-1,-1
206,4,809,233,21,22,1,-1,-1,-1
206,5,825,235,28,23,1,-1,-1,-1
206,6,692,301,3,3,1,-1,-1,-1
206,7,699,314,3,3,1,-1,-1,-1
206,8,699,319,3,3,1,-1,-1,-1
206,9,289,396,3,3,1,-1,-1,-1
206,10,1271,457,3,3,1,-1,-1,-1
206,11,1268,461,3,3,1,-1,-1,-1
206,12,1260,468,3,3,1,-1,-1,-1
206,13,1265,469,3,3,1,-1,-1,-1
206,14,1261,473,3,4,1,-1,-1,-1
206,15,1265,481,5,5,1,-1,-1,-1
206,16,1273,481,4,5,1,-1,-1,-1
206,17,1249,498,6,5,1,-1,-1,-1
206,18,1222,513,5,5,1,-1,-1,-1
207,1,1152,104,3,3,1,-1,-1,-1
207,2,675,176,3,3,1,-1,-1,-1
207,3,810,233,19,20,1,-1,-1,-1
207,4,830,235,24,24,1,-1,-1,-1
207,5,825,247,7,9,1,-1,-1,-1
207,6,693,301,3,3,1,-1,-1,-1
207,7,694,306,3,3,1,-1,-1,-1
207,8,275,342,3,3,1,-1,-1,-1
207,9,288,390,3,4,1,-1,-1,-1
207,10,289,395,3,3,1,-1,-1,-1
207,11,1267,461,3,4,1,-1,-1,-1
207,12,1259,465,7,8,1,-1,-1,-1
207,13,1264,470,4,5,1,-1,-1,-1
207,14,300,474,3,4,1,-1,-1,-1
207,15,1260,474,3,4,1,-1,-1,-1
207,16,1266,480,5,6,1,-1,-1,-1
207,17,1273,481,4,3,1,-1,-1,-1
207,18,1271,485,3,3,1,-1,-1,-1
207,19,1250,497,5,5,1,-1,-1,-1
207,20,1221,513,6,5,1,-1,-1,-1
208,2,825,247,7,10,1,-1,-1,-1
208,3,288,391,3,3,1,-1,-1,-1
208,4,1270,459,3,3,1,-1,-1,-1
208,5,1266,462,3,3,1,-1,-1,-1
208,6,1259,470,3,3,1,-1,-1,-1
208,7,1263,471,4,4,1,-1,-1,-1
208,8,300,474,3,3,1,-1,-1,-1
208,9,1267,480,3,5,1,-1,-1,-1
208,10,1271,485,3,3,1,-1,-1,-1
208,11,1251,497,4,4,1,-1,-1,-1
208,12,1221,514,5,4,1,-1,-1,-1
209,1,675,179,3,3,1,-1,-1,-1
209,2,764,181,4,3,1,-1,-1,-1
209,3,817,235,19,22,1,-1,-1,-1
209,4,839,240,22,21,1,-1,-1,-1
209,5,34,258,3,3,1,-1,-1,-1
209,6,698,312,3,4,1,-1,-1,-1
209,7,289,395,3,3,1,-1,-1,-1
209,8,1263,472,3,3,1,-1,-1,-1
209,9,1258,477,3,3,1,-1,-1,-1
209,10,1268,478,6,9,1,-1,-1,-1
209,11,1275,479,4,4,1,-1,-1,-1
209,12,1252,496,5,5,1,-1,-1,-1
209,13,1220,515,4,5,1,-1,-1,-1
210,1,778,180,4,6,1,-1,-1,-1
210,2,825,237,19,22,1,-1,-1,-1
210,3,839,238,23,23,1,-1,-1,-1
210,4,34,258,3,3,1,-1,-1,-1
210,5,694,308,8,8,1,-1,-1,-1
210,6,699,317,3,3,1,-1,-1,-1
210,7,1265,460,6,7,1,-1,-1,-1
210,8,1261,467,3,3,1,-1,-1,-1
210,9,1257,471,7,10,1,-1,-1,-1
210,10,1269,478,4,5,1,-1,-1,-1
210,11,1276,479,3,3,1,-1,-1,-1
210,12,1253,495,4,4,1,-1,-1,-1
210,13,1219,517,4,3,1,-1,-1,-1
211,1,824,237,20,23,1,-1,-1,-1
211,2,840,240,28,23,1,-1,-1,-1
211,3,34,258,3,3,1,-1,-1,-1
211,4,698,313,3,3,1,-1,-1,-1
211,5,288,389,3,3,1,-1,-1,-1
211,6,1265,461,6,6,1,-1,-1,-1
211,7,1261,467,3,4,1,-1,-1,-1
211,8,1258,477,3,3,1,-1,-1,-1
211,9,1269,478,4,5,1,-1,-1,-1
211,10,1276,479,3,4,1,-1,-1,-1
211,11,1252,495,6,5,1,-1,-1,-1
211,12,1220,516,3,4,1,-1,-1,-1
212,1,1149,104,3,3,1,-1,-1,-1
212,2,242,151,4,5,1,-1,-1,-1
212,3,674,173,3,4,1,-1,-1,-1
212,4,353,178,3,3,1,-1,-1,-1
212,5,674,178,3,3,1,-1,-1,-1
212,6,771,182,3,3,1,-1,-1,-1
212,8,33,258,4,4,1,-1,-1,-1
212,9,693,304,3,4,1,-1,-1,-1
212,10,694,310,3,3,1,-1,-1,-1
212,11,698,315,5,4,1,-1,-1,-1
212,12,275,341,3,3,1,-1,-1,-1
212,13,275,345,4,4,1,-1,-1,-1
212,14,287,388,4,4,1,-1,-1,-1
212,15,288,393,3,3,1,-1,-1,-1
212,16,1256,462,14,16,1,-1,-1,-1
212,17,1271,477,4,4,1,-1,-1,-1
212,18,1276,477,6,5,1,-1,-1,-1
212,19,1256,479,4,4,1,-1,-1,-1
212,20,1273,482,3,4,1,-1,-1,-1
212,21,1264,485,3,4,1,-1,-1,-1
212,22,1252,493,7,7,1,-1,-1,-1
212,23,1218,518,6,3,1,-1,-1,-1
213,1,242,151,3,5,1,-1,-1,-1
213,2,801,192,3,3,1,-1,-1,-1
213,4,693,305,3,3,1,-1,-1,-1
213,5,695,309,3,3,1,-1,-1,-1
213,6,698,315,5,3,1,-1,-1,-1
213,7,276,342,3,3,1,-1,-1,-1
213,8,287,388,3,3,1,-1,-1,-1
213,9,288,392,3,4,1,-1,-1,-1
213,10,1266,462,3,3,1,-1,-1,-1
213,11,1255,466,12,10,1,-1,-1,-1
213,12,1256,475,7,8,1,-1,-1,-1
213,13,1271,476,11,8,1,-1,-1,-1
213,14,306,486,3,3,1,-1,-1,-1
213,15,1254,493,5,5,1,-1,-1,-1
213,16,1218,518,5,3,1,-1,-1,-1
214,1,832,240,19,21,1,-1,-1,-1
214,2,855,244,21,21,1,-1,-1,-1
214,3,693,305,3,3,1,-1,-1,-1
214,4,694,310,3,3,1,-1,-1,-1
214,5,699,315,3,3,1,-1,-1,-1
214,6,288,392,3,3,1,-1,-1,-1
214,7,1262,466,4,3,1,-1,-1,-1
214,8,1259,470,3,3,1,-1,-1,-1
214,9,1255,474,3,3,1,-1,-1,-1
214,10,1271,475,5,5,1,-1,-1,-1
214,11,1259,476,3,3,1,-1,-1,-1
214,12,1278,477,3,3,1,-1,-1,-1
214,13,1255,480,3,3,1,-1,-1,-1
214,14,1255,493,4,4,1,-1,-1,-1
214,15,1218,519,4,2,1,-1,-1,-1
215,1,674,173,3,3,1,-1,-1,-1
215,3,694,310,6,3,1,-1,-1,-1
215,4,699,315,3,3,1,-1,-1,-1
215,5,287,386,3,3,1,-1,-1,-1
215,6,1258,464,10,10,1,-1,-1,-1
215,7,1272,475,5,4,1,-1,-1,-1
215,8,1278,476,4,3,1,-1,-1,-1
215,9,1254,481,3,3,1,-1,-1,-1
215,10,1256,492,4,4,1,-1,-1,-1
216,1,353,180,4,3,1,-1,-1,-1
216,3,855,258,9,7,1,-1,-1,-1
216,4,694,310,6,4,1,-1,-1,-1
216,5,275,344,3,3,1,-1,-1,-1
216,6,287,386,4,3,1,-1,-1,-1
216,7,1265,465,3,3,1,-1,-1,-1
216,8,1258,468,6,6,1,-1,-1,-1
216,9,1253,475,4,3,1,-1,-1,-1
216,10,1273,475,6,7,1,-1,-1,-1
216,11,1280,475,3,5,1,-1,-1,-1
216,12,1254,481,3,3,1,-1,-1,-1
216,13,1257,491,4,5,1,-1,-1,-1
217,1,673,173,5,6,1,-1,-1,-1
217,2,841,242,25,23,1,-1,-1,-1
217,3,862,246,23,22,1,-1,-1,-1
217,4,694,310,7,5,1,-1,-1,-1
217,5,275,345,3,3,1,-1,-1,-1
217,6,288,390,3,3,1,-1,-1,-1
217,7,1264,465,3,4,1,-1,-1,-1
217,8,1260,468,3,4,1,-1,-1,-1
217,9,1256,472,3,3,1,-1,-1,-1
217,10,1274,473,9,9,1,-1,-1,-1
217,11,1253,476,3,3,1,-1,-1,-1
217,12,1257,479,3,3,1,-1,-1,-1
217,13,1257,490,5,6,1,-1,-1,-1
218,1,674,175,3,3,1,-1,-1,-1
218,3,694,310,7,5,1,-1,-1,-1
218,4,287,384,3,4,1,-1,-1,-1
218,5,288,389,3,4,1,-1,-1,-1
218,6,1260,466,6,6,1,-1,-1,-1
218,7,1252,473,7,9,1,-1,-1,-1
218,8,1275,473,3,4,1,-1,-1,-1
218,9,1281,474,2,4,1,-1,-1,-1
218,10,1252,483,4,4,1,-1,-1,-1
218,11,1258,490,4,5,1,-1,-1,-1
219,1,242,150,3,3,1,-1,-1,-1
219,2,847,245,19,19,1,-1,-1,-1
219,3,869,249,22,21,1,-1,-1,-1
219,4,698,309,3,3,1,-1,-1,-1
219,5,275,345,4,4,1,-1,-1,-1
219,6,1262,466,4,4,1,-1,-1,-1
219,7,1259,470,3,3,1,-1,-1,-1
219,8,1275,473,6,7,1,-1,-1,-1
219,9,1255,474,3,3,1,-1,-1,-1
219,10,1255,480,3,3,1,-1,-1,-1
219,11,1251,484,4,3,1,-1,-1,-1
219,12,1258,488,6,6,1,-1,-1,-1
220,1,353,178,3,4,1,-1,-1,-1
220,3,694,309,3,3,1,-1,-1,-1
220,4,275,346,3,3,1,-1,-1,-1
220,5,1255,467,10,11,1,-1,-1,-1
220,6,1276,472,7,7,1,-1,-1,-1
220,7,1250,478,4,4,1,-1,-1,-1
220,8,1250,485,4,4,1,-1,-1,-1
220,9,1259,488,5,5,1,-1,-1,-1
221,1,1144,105,4,3,1,-1,-1,-1
221,2,673,171,3,3,1,-1,-1,-1
221,3,353,179,3,3,1,-1,-1,-1
221,4,854,246,19,22,1,-1,-1,-1
221,5,870,249,26,22,1,-1,-1,-1
221,6,694,310,3,3,1,-1,-1,-1
221,7,695,312,6,6,1,-1,-1,-1
221,8,277,351,3,3,1,-1,-1,-1
221,9,287,383,3,3,1,-1,-1,-1
221,10,288,388,3,3,1,-1,-1,-1
221,11,1258,468,6,7,1,-1,-1,-1
221,12,1277,471,6,8,1,-1,-1,-1
221,13,1254,475,3,3,1,-1,-1,-1
221,14,1250,479,3,3,1,-1,-1,-1
221,15,1260,486,5,6,1,-1,-1,-1
222,1,673,174,4,3,1,-1,-1,-1
222,3,694,310,5,4,1,-1,-1,-1
222,4,277,351,3,3,1,-1,-1,-1
222,5,286,383,3,3,1,-1,-1,-1
222,6,1257,469,7,7,1,-1,-1,-1
222,7,1278,470,5,8,1,-1,-1,-1
222,8,1253,476,3,3,1,-1,-1,-1
222,9,1250,480,3,3,1,-1,-1,-1
222,10,1249,487,3,3,1,-1,-1,-1
222,11,1261,486,5,5,1,-1,-1,-1
223,1,674,174,3,3,1,-1,-1,-1
223,3,694,311,6,3,1,-1,-1,-1
223,4,1260,470,3,3,1,-1,-1,-1
223,5,1278,470,5,7,1,-1,-1,-1
223,6,1256,472,3,4,1,-1,-1,-1
223,7,1253,477,3,3,1,-1,-1,-1
223,8,1248,481,8,10,1,-1,-1,-1
223,9,1245,483,3,3,1,-1,-1,-1
223,10,1262,486,4,5,1,-1,-1,-1
224,1,673,169,3,3,1,-1,-1,-1
224,2,862,249,19,20,1,-1,-1,-1
224,3,884,254,23,20,1,-1,-1,-1
224,4,33,258,4,4,1,-1,-1,-1
224,5,694,305,7,10,1,-1,-1,-1
224,6,695,316,3,3,1,-1,-1,-1
224,7,277,352,3,4,1,-1,-1,-1
224,8,286,382,3,3,1,-1,-1,-1
224,9,287,387,3,3,1,-1,-1,-1
224,10,1279,469,4,4,1,-1,-1,-1
224,11,1255,473,4,4,1,-1,-1,-1
224,12,1248,477,7,11,1,-1,-1,-1
224,13,1262,484,6,6,1,-1,-1,-1
224,14,1247,488,3,4,1,-1,-1,-1
225,1,242,151,3,3,1,-1,-1,-1
225,2,673,169,3,3,1,-1,-1,-1
225,3,673,173,3,3,1,-1,-1,-1
225,4,353,177,3,4,1,-1,-1,-1
225,5,832,205,3,3,1,-1,-1,-1
225,6,837,205,3,3,1,-1,-1,-1
225,7,868,251,21,21,1,-1,-1,-1
225,8,884,252,22,23,1,-1,-1,-1
225,9,33,258,3,3,1,-1,-1,-1
225,10,696,305,3,4,1,-1,-1,-1
225,11,695,310,6,5,1,-1,-1,-1
225,12,695,316,3,4,1,-1,-1,-1
225,13,276,350,4,6,1,-1,-1,-1
225,14,286,382,3,3,1,-1,-1,-1
225,15,287,386,3,3,1,-1,-1,-1
225,16,1280,468,3,5,1,-1,-1,-1
225,17,1255,471,6,7,1,-1,-1,-1
225,18,1247,478,7,7,1,-1,-1,-1
225,19,1263,484,5,5,1,-1,-1,-1
225,20,302,487,3,3,1,-1,-1,-1
225,21,1247,489,3,3,1,-1,-1,-1
226,1,353,177,3,3,1,-1,-1,-1
226,3,695,311,5,4,1,-1,-1,-1
226,4,695,316,3,4,1,-1,-1,-1
226,5,276,350,4,5,1,-1,-1,-1
226,6,286,381,3,3,1,-1,-1,-1
226,7,1280,467,3,5,1,-1,-1,-1
226,8,1257,471,5,3,1,-1,-1,-1
226,9,1251,475,6,6,1,-1,-1,-1
226,10,1247,482,3,3,1,-1,-1,-1
226,11,1250,485,4,4,1,-1,-1,-1
226,12,1263,484,5,5,1,-1,-1,-1
226,13,303,487,3,3,1,-1,-1,-1
227,1,870,252,25,22,1,-1,-1,-1
227,2,891,255,22,22,1,-1,-1,-1
227,3,697,309,4,3,1,-1,-1,-1
227,4,695,318,3,3,1,-1,-1,-1
227,5,278,354,3,4,1,-1,-1,-1
227,6,285,380,4,3,1,-1,-1,-1
227,7,1281,467,2,4,1,-1,-1,-1
227,8,1253,476,4,3,1,-1,-1,-1
227,9,1250,480,3,3,1,-1,-1,-1
227,10,1265,483,4,4,1,-1,-1,-1
227,11,1246,484,3,3,1,-1,-1,-1
227,12,1245,491,3,3,1,-1,-1,-1
228,1,1146,105,3,3,1,-1,-1,-1
228,2,241,149,4,5,1,-1,-1,-1
228,3,672,168,4,6,1,-1,-1,-1
228,4,843,207,8,5,1,-1,-1,-1
228,6,34,258,3,3,1,-1,-1,-1
228,7,697,309,4,3,1,-1,-1,-1
228,8,695,314,3,3,1,-1,-1,-1
228,9,695,318,4,4,1,-1,-1,-1
228,10,277,354,5,4,1,-1,-1,-1
228,11,285,380,3,3,1,-1,-1,-1
228,12,1281,468,2,3,1,-1,-1,-1
228,13,1249,473,10,10,1,-1,-1,-1
228,14,1265,482,6,6,1,-1,-1,-1
228,15,1245,484,4,3,1,-1,-1,-1
228,16,1245,488,7,6,1,-1,-1,-1
229,1,672,168,4,6,1,-1,-1,-1
229,2,876,253,19,21,1,-1,-1,-1
229,3,899,257,21,21,1,-1,-1,-1
229,4,697,308,3,4,1,-1,-1,-1
229,5,695,314,3,4,1,-1,-1,-1
229,6,695,319,4,3,1,-1,-1,-1
229,7,286,379,3,3,1,-1,-1,-1
229,8,286,384,4,3,1,-1,-1,-1
229,9,1256,473,3,4,1,-1,-1,-1
229,10,1252,477,3,3,1,-1,-1,-1
229,11,1249,481,3,3,1,-1,-1,-1
229,12,1265,480,6,6,1,-1,-1,-1
229,13,1244,485,7,6,1,-1,-1,-1
230,1,672,167,3,3,1,-1,-1,-1
230,3,697,308,3,3,1,-1,-1,-1
230,4,277,353,3,3,1,-1,-1,-1
230,5,286,378,3,3,1,-1,-1,-1
230,6,286,383,5,3,1,-1,-1,-1
230,7,1281,468,2,3,1,-1,-1,-1
230,8,1251,475,7,6,1,-1,-1,-1
230,9,1267,480,5,5,1,-1,-1,-1
230,10,1249,482,3,3,1,-1,-1,-1
230,11,1244,485,3,3,1,-1,-1,-1
230,12,303,487,3,3,1,-1,-1,-1
230,13,1243,489,7,8,1,-1,-1,-1
231,1,672,167,3,3,1,-1,-1,-1
231,2,884,255,19,21,1,-1,-1,-1
231,3,905,258,21,21,1,-1,-1,-1
231,4,900,271,9,7,1,-1,-1,-1
231,5,697,308,3,3,1,-1,-1,-1
231,6,695,316,3,3,1,-1,-1,-1
231,7,277,353,3,3,1,-1,-1,-1
231,8,285,378,4,3,1,-1,-1,-1
231,9,1254,475,3,3,1,-1,-1,-1
231,10,1251,479,3,3,1,-1,-1,-1
231,11,1267,480,5,5,1,-1,-1,-1
231,12,1246,490,3,3,1,-1,-1,-1
231,13,1243,494,3,3,1,-1,-1,-1
232,1,673,170,3,3,1,-1,-1,-1
232,2,854,207,7,9,1,-1,-1,-1
232,4,696,302,4,4,1,-1,-1,-1
232,5,697,307,3,3,1,-1,-1,-1
232,6,695,316,3,3,1,-1,-1,-1
232,7,278,357,3,3,1,-1,-1,-1
232,8,286,382,4,3,1,-1,-1,-1
232,9,839,468,4,3,1,-1,-1,-1
232,10,1246,476,11,10,1,-1,-1,-1
232,11,1268,479,5,5,1,-1,-1,-1
232,12,1242,487,5,4,1,-1,-1,-1
232,13,1246,491,3,3,1,-1,-1,-1
232,14,1242,495,3,4,1,-1,-1,-1
233,1,672,166,3,3,1,-1,-1,-1
233,3,696,302,3,4,1,-1,-1,-1
233,4,696,317,3,3,1,-1,-1,-1
233,5,696,321,3,3,1,-1,-1,-1
233,6,285,376,4,3,1,-1,-1,-1
233,7,287,381,3,3,1,-1,-1,-1
233,8,839,468,3,3,1,-1,-1,-1
233,9,1249,477,7,6,1,-1,-1,-1
233,10,1269,479,4,4,1,-1,-1,-1
233,11,1246,484,3,3,1,-1,-1,-1
233,12,1242,487,4,4,1,-1,-1,-1
233,13,1241,492,7,7,1,-1,-1,-1
234,1,672,169,3,3,1,-1,-1,-1
234,2,840,206,3,3,1,-1,-1,-1
234,3,861,211,5,7,1,-1,-1,-1
234,4,892,257,18,21,1,-1,-1,-1
234,5,914,262,21,20,1,-1,-1,-1
234,6,696,302,3,3,1,-1,-1,-1
234,7,695,317,4,3,1,-1,-1,-1
234,8,696,322,3,3,1,-1,-1,-1
234,9,277,354,3,4,1,-1,-1,-1
234,10,285,376,4,3,1,-1,-1,-1
234,11,286,381,3,3,1,-1,-1,-1
234,12,1269,478,6,5,1,-1,-1,-1
234,13,1246,481,6,6,1,-1,-1,-1
234,14,1242,489,3,3,1,-1,-1,-1
234,15,1240,496,4,4,1,-1,-1,-1
235,1,672,165,4,6,1,-1,-1,-1
235,2,846,208,4,4,1,-1,-1,-1
235,4,696,301,3,4,1,-1,-1,-1
235,5,697,306,3,3,1,-1,-1,-1
235,6,695,317,4,4,1,-1,-1,-1
235,7,285,376,3,3,1,-1,-1,-1
235,8,1271,477,4,5,1,-1,-1,-1
235,9,1251,478,4,3,1,-1,-1,-1
235,10,1245,482,7,6,1,-1,-1,-1
235,11,1241,489,3,4,1,-1,-1,-1
235,12,1239,494,7,7,1,-1,-1,-1
236,1,671,165,3,3,1,-1,-1,-1
236,2,846,208,5,5,1,-1,-1,-1
236,3,867,215,6,5,1,-1,-1,-1
236,5,696,300,5,8,1,-1,-1,-1
236,6,696,318,3,4,1,-1,-1,-1
236,7,696,323,3,3,1,-1,-1,-1
236,8,285,375,3,3,1,-1,-1,-1
236,9,1271,476,5,6,1,-1,-1,-1
236,10,1252,478,3,3,1,-1,-1,-1
236,11,1248,482,3,3,1,-1,-1,-1
236,12,1244,485,4,4,1,-1,-1,-1
236,13,1240,490,4,3,1,-1,-1,-1
236,14,1243,494,3,3,1,-1,-1,-1
236,15,1238,498,5,4,1,-1,-1,-1
237,1,869,214,5,7,1,-1,-1,-1
237,3,696,300,4,7,1,-1,-1,-1
237,4,279,360,3,3,1,-1,-1,-1
237,5,1281,455,2,3,1,-1,-1,-1
237,6,1272,475,5,5,1,-1,-1,-1
237,7,1247,480,6,6,1,-1,-1,-1
237,8,1244,487,3,3,1,-1,-1,-1
237,9,1240,491,3,3,1,-1,-1,-1
237,10,1238,496,6,7,1,-1,-1,-1
238,1,672,167,3,3,1,-1,-1,-1
238,2,869,213,3,3,1,-1,-1,-1
238,3,871,217,3,3,1,-1,-1,-1
238,5,278,357,3,3,1,-1,-1,-1
238,6,1273,475,4,5,1,-1,-1,-1
238,7,1247,484,3,3,1,-1,-1,-1
238,8,1243,487,3,3,1,-1,-1,-1
238,9,1238,496,6,7,1,-1,-1,-1
239,1,877,217,3,3,1,-1,-1,-1
239,2,907,262,18,21,1,-1,-1,-1
239,3,929,266,21,21,1,-1,-1,-1
239,4,696,298,3,5,1,-1,-1,-1
239,5,285,373,3,3,1,-1,-1,-1
239,6,285,377,3,3,1,-1,-1,-1
239,7,1273,473,6,6,1,-1,-1,-1
239,8,1245,485,4,3,1,-1,-1,-1
239,9,1241,496,3,3,1,-1,-1,-1
239,10,1236,501,4,5,1,-1,-1,-1
240,1,875,214,13,10,1,-1,-1,-1
240,3,696,298,3,5,1,-1,-1,-1
240,4,697,304,3,3,1,-1,-1,-1
240,5,1275,474,4,4,1,-1,-1,-1
240,6,1245,485,3,3,1,-1,-1,-1
240,7,1242,489,3,3,1,-1,-1,-1
240,8,1238,493,4,4,1,-1,-1,-1
240,9,1238,498,4,3,1,-1,-1,-1
240,10,1236,502,3,4,1,-1,-1,-1
241,1,671,163,4,6,1,-1,-1,-1
241,2,914,264,20,21,1,-1,-1,-1
241,3,930,266,27,22,1,-1,-1,-1
241,4,1275,474,4,4,1,-1,-1,-1
241,5,1248,482,3,3,1,-1,-1,-1
241,6,1245,486,3,3,1,-1,-1,-1
241,7,1238,493,3,3,1,-1,-1,-1
241,8,1239,498,4,3,1,-1,-1,-1
241,9,1236,502,3,4,1,-1,-1,-1
242,1,1133,107,4,3,1,-1,-1,-1
242,2,1138,107,3,3,1,-1,-1,-1
242,3,240,140,3,3,1,-1,-1,-1
242,4,671,162,5,8,1,-1,-1,-1
242,5,861,213,12,7,1,-1,-1,-1
242,6,888,222,4,4,1,-1,-1,-1
242,8,695,298,4,4,1,-1,-1,-1
242,9,696,303,3,4,1,-1,-1,-1
242,10,696,321,3,3,1,-1,-1,-1
242,11,697,326,3,3,1,-1,-1,-1
242,12,279,363,3,3,1,-1,-1,-1
242,13,285,376,5,5,1,-1,-1,-1
242,14,1275,471,7,6,1,-1,-1,-1
242,15,1240,487,6,7,1,-1,-1,-1
242,16,1237,495,3,3,1,-1,-1,-1
242,17,1238,499,4,4,1,-1,-1,-1
242,18,1234,504,3,4,1,-1,-1,-1
243,1,1138,107,3,3,1,-1,-1,-1
243,2,240,139,4,4,1,-1,-1,-1
243,3,672,165,3,3,1,-1,-1,-1
243,4,868,215,7,6,1,-1,-1,-1
243,5,880,216,15,11,1,-1,-1,-1
243,7,696,303,3,3,1,-1,-1,-1
243,8,279,360,3,3,1,-1,-1,-1
243,9,284,371,4,3,1,-1,-1,-1
243,10,285,376,4,3,1,-1,-1,-1
243,11,1277,471,5,5,1,-1,-1,-1
243,12,1240,484,9,10,1,-1,-1,-1
243,13,1236,495,4,4,1,-1,-1,-1
243,14,1237,500,5,3,1,-1,-1,-1
243,15,1234,504,4,4,1,-1,-1,-1
244,1,672,161,3,3,1,-1,-1,-1
244,2,869,217,3,3,1,-1,-1,-1
244,3,890,224,5,3,1,-1,-1,-1
244,4,920,266,20,21,1,-1,-1,-1
244,5,944,270,21,21,1,-1,-1,-1
244,6,696,298,3,3,1,-1,-1,-1
244,7,696,302,3,4,1,-1,-1,-1
244,8,279,360,3,3,1,-1,-1,-1
244,9,284,371,4,3,1,-1,-1,-1
244,10,1277,471,5,5,1,-1,-1,-1
244,11,1246,484,3,3,1,-1,-1,-1
244,12,1240,488,6,7,1,-1,-1,-1
244,13,1236,496,3,3,1,-1,-1,-1
244,14,1233,505,4,4,1,-1,-1,-1
245,1,1130,108,4,3,1,-1,-1,-1
245,2,671,160,3,3,1,-1,-1,-1
245,3,881,221,4,3,1,-1,-1,-1
245,5,696,297,4,8,1,-1,-1,-1
245,6,697,324,3,3,1,-1,-1,-1
245,7,280,365,3,3,1,-1,-1,-1
245,8,1279,469,4,5,1,-1,-1,-1
245,9,1241,489,4,3,1,-1,-1,-1
245,10,1238,493,3,3,1,-1,-1,-1
245,11,1232,502,8,8,1,-1,-1,-1
246,1,240,139,3,3,1,-1,-1,-1
246,2,671,160,3,3,1,-1,-1,-1
246,3,899,226,4,3,1,-1,-1,-1
246,4,929,269,19,21,1,-1,-1,-1
246,5,944,271,28,22,1,-1,-1,-1
246,6,696,297,3,3,1,-1,-1,-1
246,7,696,301,4,4,1,-1,-1,-1
246,8,284,370,3,3,1,-1,-1,-1
246,9,1279,469,4,5,1,-1,-1,-1
246,10,1238,490,6,6,1,-1,-1,-1
246,11,1234,497,4,3,1,-1,-1,-1
246,12,1236,503,3,3,1,-1,-1,-1
246,13,1232,507,3,4,1,-1,-1,-1
247,1,671,160,4,6,1,-1,-1,-1
247,2,899,227,4,4,1,-1,-1,-1
247,3,930,269,21,22,1,-1,-1,-1
247,4,950,271,23,23,1,-1,-1,-1
247,5,695,295,3,4,1,-1,-1,-1
247,6,696,301,4,3,1,-1,-1,-1
247,7,284,369,3,3,1,-1,-1,-1
247,8,1279,469,4,5,1,-1,-1,-1
247,9,1240,490,4,3,1,-1,-1,-1
247,10,1237,494,3,3,1,-1,-1,-1
247,11,1234,498,3,4,1,-1,-1,-1
247,12,1234,504,4,3,1,-1,-1,-1
247,13,1231,508,4,3,1,-1,-1,-1
248,1,1130,108,4,3,1,-1,-1,-1
248,2,884,221,3,3,1,-1,-1,-1
248,3,901,227,8,4,1,-1,-1,-1
248,5,695,294,3,5,1,-1,-1,-1
248,6,696,300,4,4,1,-1,-1,-1
248,7,697,325,4,4,1,-1,-1,-1
248,8,283,368,4,3,1,-1,-1,-1
248,9,1280,468,3,5,1,-1,-1,-1
248,10,1237,491,7,7,1,-1,-1,-1
248,11,1233,499,4,3,1,-1,-1,-1
248,12,1230,505,7,7,1,-1,-1,-1
249,1,670,159,4,3,1,-1,-1,-1
249,2,905,227,7,5,1,-1,-1,-1
249,3,937,271,18,20,1,-1,-1,-1
249,4,959,276,20,19,1,-1,-1,-1
249,5,695,295,4,4,1,-1,-1,-1
249,6,696,300,3,3,1,-1,-1,-1
249,7,697,326,3,3,1,-1,-1,-1
249,8,280,367,3,3,1,-1,-1,-1
249,9,1281,468,2,4,1,-1,-1,-1
249,10,1239,492,4,3,1,-1,-1,-1
249,11,1233,499,3,4,1,-1,-1,-1
249,12,1229,505,8,9,1,-1,-1,-1
250,1,671,162,3,3,1,-1,-1,-1
250,2,889,223,8,3,1,-1,-1,-1
250,3,907,226,4,3,1,-1,-1,-1
250,4,907,230,3,3,1,-1,-1,-1
250,6,695,295,4,4,1,-1,-1,-1
250,7,696,300,3,3,1,-1,-1,-1
250,8,1239,492,3,4,1,-1,-1,-1
250,9,1235,496,3,3,1,-1,-1,-1
250,10,1232,501,4,3,1,-1,-1,-1
250,11,1229,506,6,8,1,-1,-1,-1
251,1,239,136,4,4,1,-1,-1,-1
251,2,240,141,3,3,1,-1,-1,-1
251,3,670,158,3,3,1,-1,-1,-1
251,4,891,223,5,4,1,-1,-1,-1
251,6,695,294,4,4,1,-1,-1,-1
251,7,696,299,4,3,1,-1,-1,-1
251,8,284,367,3,3,1,-1,-1,-1
251,9,284,371,3,3,1,-1,-1,-1
251,10,1238,493,4,3,1,-1,-1,-1
251,11,1235,497,3,3,1,-1,-1,-1
251,12,1232,501,3,3,1,-1,-1,-1
251,13,1229,507,6,7,1,-1,-1,-1
252,1,239,136,4,3,1,-1,-1,-1
252,2,671,161,3,3,1,-1,-1,-1
252,3,914,230,9,5,1,-1,-1,-1
252,5,695,293,3,4,1,-1,-1,-1
252,6,695,298,5,4,1,-1,-1,-1
252,7,284,371,4,3,1,-1,-1,-1
252,8,1231,502,3,4,1,-1,-1,-1
252,9,1227,508,8,8,1,-1,-1,-1
253,1,670,158,5,5,1,-1,-1,-1
253,2,899,226,7,4,1,-1,-1,-1
253,3,913,227,13,10,1,-1,-1,-1
253,5,695,293,3,4,1,-1,-1,-1
253,6,695,298,5,4,1,-1,-1,-1
253,7,1240,491,3,3,1,-1,-1,-1
253,8,1237,495,4,3,1,-1,-1,-1
253,9,1230,499,7,7,1,-1,-1,-1
253,10,1230,508,4,4,1,-1,-1,-1
254,1,238,136,4,3,1,-1,-1,-1
254,2,240,140,3,3,1,-1,-1,-1
254,3,670,157,4,6,1,-1,-1,-1
254,4,898,226,6,4,1,-1,-1,-1
254,5,922,234,5,4,1,-1,-1,-1
254,6,928,235,3,3,1,-1,-1,-1
254,7,951,276,19,19,1,-1,-1,-1
254,8,973,280,21,21,1,-1,-1,-1
254,9,969,288,3,3,1,-1,-1,-1
254,10,695,292,3,4,1,-1,-1,-1
254,11,695,297,5,4,1,-1,-1,-1
254,12,283,365,3,3,1,-1,-1,-1
254,13,284,370,3,3,1,-1,-1,-1
254,14,1240,492,3,3,1,-1,-1,-1
254,15,1236,496,3,3,1,-1,-1,-1
254,16,1233,500,3,3,1,-1,-1,-1
254,17,1230,504,3,3,1,-1,-1,-1
254,18,1229,509,5,4,1,-1,-1,-1
254,19,1226,514,4,4,1,-1,-1,-1
255,1,239,135,3,3,1,-1,-1,-1
255,2,923,228,3,4,1,-1,-1,-1
255,3,906,230,4,3,1,-1,-1,-1
255,4,925,233,9,7,1,-1,-1,-1
255,6,695,297,4,3,1,-1,-1,-1
255,7,280,368,3,3,1,-1,-1,-1
255,8,284,369,3,3,1,-1,-1,-1
255,9,1236,493,6,6,1,-1,-1,-1
255,10,1229,504,3,4,1,-1,-1,-1
255,11,1225,511,7,7,1,-1,-1,-1
256,1,239,139,4,3,1,-1,-1,-1
256,2,671,156,3,3,1,-1,-1,-1
256,3,670,160,4,3,1,-1,-1,-1
256,4,906,229,3,3,1,-1,-1,-1
256,5,927,234,7,6,1,-1,-1,-1
256,7,695,296,4,4,1,-1,-1,-1
256,8,1239,493,3,3,1,-1,-1,-1
256,9,1235,497,4,3,1,-1,-1,-1
256,10,1232,501,4,3,1,-1,-1,-1
256,11,1229,505,3,3,1,-1,-1,-1
256,12,1228,511,4,3,1,-1,-1,-1
256,13,1226,515,3,4,1,-1,-1,-1
257,1,240,138,3,3,1,-1,-1,-1
257,2,912,230,7,5,1,-1,-1,-1
257,4,695,295,5,5,1,-1,-1,-1
257,5,283,368,3,3,1,-1,-1,-1
257,6,1237,495,3,3,1,-1,-1,-1
257,7,1228,502,6,8,1,-1,-1,-1
257,8,1227,512,4,4,1,-1,-1,-1
257,9,1224,517,4,3,1,-1,-1,-1
258,1,1129,108,3,3,1,-1,-1,-1
258,2,239,133,3,3,1,-1,-1,-1
258,3,240,138,3,3,1,-1,-1,-1
258,4,914,231,6,4,1,-1,-1,-1
258,5,928,239,3,3,1,-1,-1,-1
258,6,936,238,5,4,1,-1,-1,-1
258,8,695,295,5,4,1,-1,-1,-1
258,9,1237,495,3,3,1,-1,-1,-1
258,10,1227,499,10,11,1,-1,-1,-1
258,11,1226,513,5,3,1,-1,-1,-1
258,12,1224,517,4,4,1,-1,-1,-1
259,1,239,138,4,3,1,-1,-1,-1
259,2,669,155,6,7,1,-1,-1,-1
259,3,913,231,7,4,1,-1,-1,-1
259,4,936,239,5,3,1,-1,-1,-1
259,5,966,279,19,21,1,-1,-1,-1
259,6,987,284,23,21,1,-1,-1,-1
259,7,694,291,3,3,1,-1,-1,-1
259,8,695,295,5,4,1,-1,-1,-1
259,9,283,363,3,3,1,-1,-1,-1
259,10,283,367,4,4,1,-1,-1,-1
259,11,1230,499,7,7,1,-1,-1,-1
259,12,1227,507,4,4,1,-1,-1,-1
259,13,1227,513,4,4,1,-1,-1,-1
259,14,1223,518,4,3,1,-1,-1,-1
260,1,671,157,3,3,1,-1,-1,-1
260,2,922,234,5,3,1,-1,-1,-1
260,3,943,240,3,3,1,-1,-1,-1
260,5,695,294,3,3,1,-1,-1,-1
260,6,283,362,3,3,1,-1,-1,-1
260,7,1229,497,10,10,1,-1,-1,-1
260,8,1226,509,3,3,1,-1,-1,-1
260,9,1223,515,6,6,1,-1,-1,-1
261,1,669,154,5,6,1,-1,-1,-1
261,2,922,234,7,4,1,-1,-1,-1
261,3,944,241,5,3,1,-1,-1,-1
261,4,973,282,19,21,1,-1,-1,-1
261,5,989,284,26,22,1,-1,-1,-1
261,6,694,288,3,4,1,-1,-1,-1
261,7,282,362,4,3,1,-1,-1,-1
261,8,1235,497,4,3,1,-1,-1,-1
261,9,1232,501,4,3,1,-1,-1,-1
261,10,1225,505,7,7,1,-1,-1,-1
261,11,1224,515,4,4,1,-1,-1,-1
261,12,1233,519,3,2,1,-1,-1,-1
262,1,239,136,3,3,1,-1,-1,-1
262,2,670,153,3,3,1,-1,-1,-1
262,3,670,157,4,3,1,-1,-1,-1
262,5,696,293,3,3,1,-1,-1,-1
262,6,283,365,3,3,1,-1,-1,-1
262,7,1231,498,7,7,1,-1,-1,-1
262,8,1225,506,7,8,1,-1,-1,-1
262,9,1223,516,5,4,1,-1,-1,-1
262,10,1233,518,4,3,1,-1,-1,-1
263,1,238,131,3,3,1,-1,-1,-1
263,2,669,153,4,3,1,-1,-1,-1
263,3,670,157,3,3,1,-1,-1,-1
263,4,930,236,4,3,1,-1,-1,-1
263,6,694,288,3,4,1,-1,-1,-1
263,7,695,293,3,3,1,-1,-1,-1
263,8,283,364,3,3,1,-1,-1,-1
263,9,839,468,3,3,1,-1,-1,-1
263,10,1224,499,13,15,1,-1,-1,-1
263,11,1224,517,4,4,1,-1,-1,-1
263,12,1234,518,3,3,1,-1,-1,-1
264,1,239,131,3,3,1,-1,-1,-1
264,2,669,152,4,3,1,-1,-1,-1
264,3,669,156,4,3,1,-1,-1,-1
264,4,930,236,5,4,1,-1,-1,-1
264,5,951,242,6,5,1,-1,-1,-1
264,6,981,284,18,20,1,-1,-1,-1
264,7,694,289,3,3,1,-1,-1,-1
264,8,1003,289,21,19,1,-1,-1,-1
264,9,694,293,3,3,1,-1,-1,-1
264,10,283,364,3,3,1,-1,-1,-1
264,11,839,468,3,3,1,-1,-1,-1
264,12,1230,500,7,6,1,-1,-1,-1
264,13,1227,507,3,3,1,-1,-1,-1
264,14,1224,511,3,4,1,-1,-1,-1
264,15,1234,517,4,4,1,-1,-1,-1
264,16,1223,518,4,3,1,-1,-1,-1
265,1,670,155,4,3,1,-1,-1,-1
265,3,695,292,3,3,1,-1,-1,-1
265,4,283,364,3,3,1,-1,-1,-1
265,5,1233,501,3,3,1,-1,-1,-1
265,6,1230,505,3,3,1,-1,-1,-1
265,7,1226,508,3,3,1,-1,-1,-1
265,8,1223,512,4,4,1,-1,-1,-1
265,9,1235,517,3,3,1,-1,-1,-1
265,10,1222,519,4,2,1,-1,-1,-1
266,1,238,130,3,3,1,-1,-1,-1
266,2,239,134,3,3,1,-1,-1,-1
266,3,669,152,4,6,1,-1,-1,-1
266,4,987,286,20,21,1,-1,-1,-1
266,5,1004,289,26,22,1,-1,-1,-1
266,6,283,362,3,4,1,-1,-1,-1
266,7,1232,501,4,3,1,-1,-1,-1
266,8,1226,505,6,7,1,-1,-1,-1
266,9,1223,513,4,4,1,-1,-1,-1
266,10,1236,516,3,3,1,-1,-1,-1
267,1,239,134,4,3,1,-1,-1,-1
267,2,669,151,3,3,1,-1,-1,-1
267,3,670,155,3,3,1,-1,-1,-1
267,4,939,239,3,3,1,-1,-1,-1
267,6,283,362,3,3,1,-1,-1,-1
267,7,1232,501,3,3,1,-1,-1,-1
267,8,1225,506,7,6,1,-1,-1,-1
267,9,1222,514,4,4,1,-1,-1,-1
267,10,1233,515,7,6,1,-1,-1,-1
268,1,670,154,3,3,1,-1,-1,-1
268,3,1010,303,11,8,1,-1,-1,-1
268,4,282,362,4,4,1,-1,-1,-1
268,5,1228,503,6,6,1,-1,-1,-1
268,6,1225,510,3,3,1,-1,-1,-1
268,7,1233,518,4,3,1,-1,-1,-1
269,1,238,129,3,3,1,-1,-1,-1
269,2,239,133,3,3,1,-1,-1,-1
269,3,669,150,3,3,1,-1,-1,-1
269,4,996,289,18,19,1,-1,-1,-1
269,5,1018,293,21,20,1,-1,-1,-1
269,6,283,362,3,3,1,-1,-1,-1
269,7,1227,508,3,3,1,-1,-1,-1
269,8,1221,516,3,3,1,-1,-1,-1
269,9,1234,517,4,4,1,-1,-1,-1
270,1,668,150,5,6,1,-1,-1,-1
270,3,1226,505,7,6,1,-1,-1,-1
270,4,1224,512,3,3,1,-1,-1,-1
270,5,1220,516,3,5,1,-1,-1,-1
270,6,1235,516,4,3,1,-1,-1,-1
271,1,669,153,3,3,1,-1,-1,-1
271,2,1002,290,20,22,1,-1,-1,-1
271,3,1018,294,27,20,1,-1,-1,-1
271,4,1229,505,3,3,1,-1,-1,-1
271,5,1226,509,4,3,1,-1,-1,-1
272,1,238,132,4,3,1,-1,-1,-1
272,2,668,149,5,6,1,-1,-1,-1
272,3,952,243,8,6,1,-1,-1,-1
272,4,693,284,5,9,1,-1,-1,-1
272,6,1229,506,3,3,1,-1,-1,-1
272,7,1240,509,4,6,1,-1,-1,-1
272,8,1226,510,3,3,1,-1,-1,-1
272,9,1222,514,4,3,1,-1,-1,-1
272,10,1235,516,4,4,1,-1,-1,-1
272,11,1218,518,5,3,1,-1,-1,-1
273,1,239,131,3,3,1,-1,-1,-1
273,2,668,149,5,6,1,-1,-1,-1
273,3,694,288,4,4,1,-1,-1,-1
273,5,1224,506,8,7,1,-1,-1,-1
273,6,1241,510,3,3,1,-1,-1,-1
273,7,1218,514,7,7,1,-1,-1,-1
273,8,1237,515,3,3,1,-1,-1,-1
274,1,670,152,3,3,1,-1,-1,-1
274,2,694,288,3,3,1,-1,-1,-1
274,3,1010,292,19,22,1,-1,-1,-1
274,4,1031,296,23,22,1,-1,-1,-1
274,5,1228,507,3,3,1,-1,-1,-1
274,6,1224,511,4,3,1,-1,-1,-1
274,7,1222,515,3,3,1,-1,-1,-1
274,8,1237,514,3,3,1,-1,-1,-1
274,9,1218,519,4,2,1,-1,-1,-1
275,1,237,125,3,3,1,-1,-1,-1
275,2,238,130,3,3,1,-1,-1,-1
275,3,693,282,3,4,1,-1,-1,-1
275,5,1224,512,3,3,1,-1,-1,-1
275,6,1238,513,3,3,1,-1,-1,-1
275,7,1221,516,3,3,1,-1,-1,-1
276,1,237,126,3,3,1,-1,-1,-1
276,2,668,147,4,3,1,-1,-1,-1
276,3,693,282,3,4,1,-1,-1,-1
276,4,1018,294,18,22,1,-1,-1,-1
276,5,1033,297,28,21,1,-1,-1,-1
276,6,1226,508,4,4,1,-1,-1,-1
276,7,1243,508,3,3,1,-1,-1,-1
276,8,1238,512,4,3,1,-1,-1,-1
277,1,669,150,3,3,1,-1,-1,-1
277,2,693,282,3,3,1,-1,-1,-1
277,3,694,286,3,3,1,-1,-1,-1
277,5,1244,506,3,4,1,-1,-1,-1
277,6,1240,510,3,4,1,-1,-1,-1
277,7,1223,514,3,3,1,-1,-1,-1
278,1,237,124,3,3,1,-1,-1,-1
278,2,668,150,4,3,1,-1,-1,-1
278,3,138,176,4,3,1,-1,-1,-1
278,5,1222,511,6,7,1,-1,-1,-1
278,6,1240,510,3,4,1,-1,-1,-1
278,7,1219,518,3,3,1,-1,-1,-1
279,1,238,129,3,3,1,-1,-1,-1
279,2,668,149,4,3,1,-1,-1,-1
279,3,138,176,4,4,1,-1,-1,-1
279,4,1025,297,19,21,1,-1,-1,-1
279,5,1047,301,22,21,1,-1,-1,-1
279,6,1043,310,3,3,1,-1,-1,-1
279,7,1245,504,3,5,1,-1,-1,-1
279,8,1224,511,4,3,1,-1,-1,-1
279,9,1241,510,3,3,1,-1,-1,-1
279,10,1219,516,6,5,1,-1,-1,-1
280,1,238,129,3,3,1,-1,-1,-1
280,2,668,148,3,4,1,-1,-1,-1
280,3,1032,298,20,23,1,-1,-1,-1
280,4,1047,301,23,22,1,-1,-1,-1
280,5,1246,504,3,3,1,-1,-1,-1
280,6,1242,509,3,3,1,-1,-1,-1
280,7,1221,516,3,3,1,-1,-1,-1
281,1,237,123,3,3,1,-1,-1,-1
281,2,238,128,3,3,1,-1,-1,-1
281,3,668,147,4,4,1,-1,-1,-1
281,4,693,280,3,3,1,-1,-1,-1
281,6,281,350,3,3,1,-1,-1,-1
281,7,1246,504,3,3,1,-1,-1,-1
281,8,1243,508,3,3,1,-1,-1,-1
281,9,1221,516,3,3,1,-1,-1,-1
282,1,237,122,3,4,1,-1,-1,-1
282,2,668,147,4,4,1,-1,-1,-1
282,3,138,176,3,4,1,-1,-1,-1
282,5,1243,507,4,4,1,-1,-1,-1
282,6,1223,513,3,3,1,-1,-1,-1
282,7,1220,518,3,3,1,-1,-1,-1
283,1,138,177,3,3,1,-1,-1,-1
283,3,1243,506,3,3,1,-1,-1,-1
283,4,1219,514,7,7,1,-1,-1,-1
284,1,1114,111,3,3,1,-1,-1,-1
284,2,237,126,4,3,1,-1,-1,-1
284,3,667,143,3,3,1,-1,-1,-1
284,4,693,279,3,3,1,-1,-1,-1
284,5,693,283,3,3,1,-1,-1,-1
284,6,1040,301,19,21,1,-1,-1,-1
284,7,1062,306,21,20,1,-1,-1,-1
284,8,280,348,4,4,1,-1,-1,-1
284,9,1249,499,4,5,1,-1,-1,-1
284,10,1244,505,4,4,1,-1,-1,-1
284,11,1221,515,4,3,1,-1,-1,-1
284,12,1219,519,3,2,1,-1,-1,-1
285,1,237,126,4,3,1,-1,-1,-1
285,2,667,143,4,4,1,-1,-1,-1
285,3,693,278,3,3,1,-1,-1,-1
285,5,280,348,3,3,1,-1,-1,-1
285,6,1245,501,7,7,1,-1,-1,-1
285,7,1219,519,3,2,1,-1,-1,-1
286,2,1245,501,7,7,1,-1,-1,-1
286,3,1221,516,3,3,1,-1,-1,-1
287,1,667,142,4,4,1,-1,-1,-1
287,2,1022,268,7,4,1,-1,-1,-1
287,3,693,282,3,3,1,-1,-1,-1
287,4,1048,305,25,21,1,-1,-1,-1
287,5,1070,308,21,21,1,-1,-1,-1
287,6,280,347,3,3,1,-1,-1,-1
287,7,703,352,3,4,1,-1,-1,-1
287,8,1250,498,5,4,1,-1,-1,-1
287,9,1247,503,4,4,1,-1,-1,-1
287,10,1219,518,3,3,1,-1,-1,-1
288,1,1107,112,3,3,1,-1,-1,-1
288,2,237,124,4,3,1,-1,-1,-1
288,3,667,142,4,3,1,-1,-1,-1
288,4,1023,268,8,5,1,-1,-1,-1
288,6,280,347,3,3,1,-1,-1,-1
288,7,703,353,3,3,1,-1,-1,-1
288,8,1247,497,8,9,1,-1,-1,-1
288,9,1219,518,3,3,1,-1,-1,-1
288,10,1243,519,3,2,1,-1,-1,-1
289,1,237,124,3,3,1,-1,-1,-1
289,2,1026,269,4,4,1,-1,-1,-1
289,3,692,277,3,3,1,-1,-1,-1
289,4,693,281,3,3,1,-1,-1,-1
289,5,1055,306,19,20,1,-1,-1,-1
289,6,1077,310,21,21,1,-1,-1,-1
289,7,280,346,3,3,1,-1,-1,-1
289,8,703,354,3,3,1,-1,-1,-1
289,9,1281,454,2,3,1,-1,-1,-1
289,10,1248,498,7,7,1,-1,-1,-1
289,11,1219,518,4,3,1,-1,-1,-1
289,12,1243,519,3,2,1,-1,-1,-1
290,1,667,143,3,3,1,-1,-1,-1
290,3,280,350,4,3,1,-1,-1,-1
290,4,703,355,3,3,1,-1,-1,-1
290,5,1281,452,2,5,1,-1,-1,-1
290,6,1249,496,8,8,1,-1,-1,-1
290,7,1243,518,4,3,1,-1,-1,-1
291,2,1281,453,2,5,1,-1,-1,-1
291,3,1254,496,4,3,1,-1,-1,-1
291,4,1249,500,4,3,1,-1,-1,-1
291,5,1243,518,4,3,1,-1,-1,-1
292,1,237,123,3,3,1,-1,-1,-1
292,2,667,143,4,3,1,-1,-1,-1
292,4,279,344,4,3,1,-1,-1,-1
292,5,703,356,3,3,1,-1,-1,-1
292,6,1279,454,4,5,1,-1,-1,-1
292,7,1254,495,4,3,1,-1,-1,-1
292,8,1250,499,5,3,1,-1,-1,-1
292,9,1244,517,4,4,1,-1,-1,-1
293,1,237,121,3,4,1,-1,-1,-1
293,2,667,143,4,3,1,-1,-1,-1
293,3,692,274,3,3,1,-1,-1,-1
293,5,279,343,3,3,1,-1,-1,-1
293,6,703,356,3,3,1,-1,-1,-1
293,7,1279,454,4,5,1,-1,-1,-1
293,8,1255,494,3,3,1,-1,-1,-1
293,9,1252,498,3,3,1,-1,-1,-1
293,10,1245,517,3,4,1,-1,-1,-1
294,1,236,121,4,3,1,-1,-1,-1
294,2,692,274,3,3,1,-1,-1,-1
294,3,1069,310,19,21,1,-1,-1,-1
294,4,1091,315,22,21,1,-1,-1,-1
294,5,1277,456,6,5,1,-1,-1,-1
294,6,1256,493,4,4,1,-1,-1,-1
294,7,1252,497,3,4,1,-1,-1,-1
295,1,237,121,3,3,1,-1,-1,-1
295,2,666,139,3,3,1,-1,-1,-1
295,4,280,347,3,4,1,-1,-1,-1
295,5,704,358,3,3,1,-1,-1,-1
295,6,1281,453,2,3,1,-1,-1,-1
295,7,1277,457,5,4,1,-1,-1,-1
295,8,1257,492,3,4,1,-1,-1,-1
295,9,1253,496,3,4,1,-1,-1,-1
295,10,1246,515,3,4,1,-1,-1,-1
296,1,666,139,3,3,1,-1,-1,-1
296,2,1076,312,20,21,1,-1,-1,-1
296,3,1093,314,27,21,1,-1,-1,-1
296,4,280,347,3,3,1,-1,-1,-1
296,5,704,358,3,3,1,-1,-1,-1
296,6,1276,453,7,9,1,-1,-1,-1
296,7,1257,491,4,4,1,-1,-1,-1
296,8,1253,496,4,3,1,-1,-1,-1
296,9,1243,515,7,6,1,-1,-1,-1
297,1,666,138,4,3,1,-1,-1,-1
297,2,693,278,3,3,1,-1,-1,-1
297,4,280,346,3,3,1,-1,-1,-1
297,5,704,359,3,3,1,-1,-1,-1
297,6,1275,454,8,9,1,-1,-1,-1
297,7,1255,490,7,8,1,-1,-1,-1
297,8,1243,515,7,6,1,-1,-1,-1
298,1,665,137,5,3,1,-1,-1,-1
298,3,279,341,3,3,1,-1,-1,-1
298,4,703,354,3,4,1,-1,-1,-1
298,5,704,359,3,3,1,-1,-1,-1
298,6,1275,454,8,9,1,-1,-1,-1
298,7,1255,495,3,3,1,-1,-1,-1
298,8,1248,514,3,3,1,-1,-1,-1
298,9,1244,518,3,3,1,-1,-1,-1
299,1,1084,315,19,20,1,-1,-1,-1
299,2,1107,319,20,20,1,-1,-1,-1
299,3,279,340,3,3,1,-1,-1,-1
299,4,704,356,3,3,1,-1,-1,-1
299,5,704,361,3,3,1,-1,-1,-1
299,6,1274,456,9,9,1,-1,-1,-1
299,7,1260,489,4,4,1,-1,-1,-1
299,8,1244,513,8,7,1,-1,-1,-1
300,1,666,136,3,3,1,-1,-1,-1
300,2,667,140,3,3,1,-1,-1,-1
300,4,703,356,4,4,1,-1,-1,-1
300,5,1273,457,9,9,1,-1,-1,-1
300,6,1260,488,4,4,1,-1,-1,-1
300,7,1257,493,4,3,1,-1,-1,-1
300,8,1249,512,3,3,1,-1,-1,-1
300,9,1245,516,4,4,1,-1,-1,-1
301,1,666,136,3,3,1,-1,-1,-1
301,2,692,271,3,3,1,-1,-1,-1
301,4,704,361,3,3,1,-1,-1,-1
301,5,1272,457,10,10,1,-1,-1,-1
301,6,1245,516,4,3,1,-1,-1,-1
302,1,235,113,4,4,1,-1,-1,-1
302,2,1099,114,3,3,1,-1,-1,-1
302,3,666,135,3,3,1,-1,-1,-1
302,4,666,139,3,3,1,-1,-1,-1
302,5,692,270,3,5,1,-1,-1,-1
302,7,278,338,4,4,1,-1,-1,-1
302,8,280,343,3,3,1,-1,-1,-1
302,9,286,395,3,3,1,-1,-1,-1
302,10,1270,458,11,11,1,-1,-1,-1
302,11,1263,487,3,3,1,-1,-1,-1
302,12,1246,511,8,8,1,-1,-1,-1
303,1,235,113,4,4,1,-1,-1,-1
303,2,666,135,3,3,1,-1,-1,-1
303,3,692,270,3,3,1,-1,-1,-1
303,4,692,275,3,3,1,-1,-1,-1
303,6,1272,459,8,8,1,-1,-1,-1
303,7,1263,487,3,3,1,-1,-1,-1
303,8,1258,490,4,4,1,-1,-1,-1
303,9,1247,511,7,7,1,-1,-1,-1
304,1,692,275,3,3,1,-1,-1,-1
304,2,1099,319,19,20,1,-1,-1,-1
304,3,1120,323,22,21,1,-1,-1,-1
304,4,705,363,3,3,1,-1,-1,-1
304,5,1270,459,10,9,1,-1,-1,-1
304,6,1259,490,3,4,1,-1,-1,-1
304,7,1247,510,7,8,1,-1,-1,-1
305,1,235,112,3,3,1,-1,-1,-1
305,2,1102,113,4,3,1,-1,-1,-1
305,3,1098,114,3,3,1,-1,-1,-1
305,4,665,134,4,3,1,-1,-1,-1
305,5,691,269,3,3,1,-1,-1,-1
305,6,692,274,3,3,1,-1,-1,-1
305,7,1080,287,4,3,1,-1,-1,-1
305,9,278,337,3,3,1,-1,-1,-1
305,10,279,341,3,4,1,-1,-1,-1
305,11,704,360,5,7,1,-1,-1,-1
305,12,1269,461,9,8,1,-1,-1,-1
305,13,1261,489,4,3,1,-1,-1,-1
305,14,1251,509,4,3,1,-1,-1,-1
305,15,1247,513,4,4,1,-1,-1,-1
306,1,235,112,3,3,1,-1,-1,-1
306,2,1102,113,3,3,1,-1,-1,-1
306,3,665,133,4,7,1,-1,-1,-1
306,4,353,159,3,3,1,-1,-1,-1
306,5,692,274,3,3,1,-1,-1,-1
306,6,1080,287,7,4,1,-1,-1,-1
306,8,704,360,3,3,1,-1,-1,-1
306,9,705,364,4,4,1,-1,-1,-1
306,10,1269,461,9,9,1,-1,-1,-1
306,11,1261,488,3,4,1,-1,-1,-1
306,12,1249,509,7,8,1,-1,-1,-1
307,1,665,133,5,7,1,-1,-1,-1
307,2,1080,288,7,6,1,-1,-1,-1
307,4,704,360,4,4,1,-1,-1,-1
307,5,705,365,4,3,1,-1,-1,-1
307,6,1268,462,9,9,1,-1,-1,-1
307,7,1262,487,4,3,1,-1,-1,-1
307,8,1249,508,8,8,1,-1,-1,-1
307,9,1234,519,3,2,1,-1,-1,-1
308,1,235,111,3,3,1,-1,-1,-1
308,2,666,136,3,3,1,-1,-1,-1
308,3,691,269,3,3,1,-1,-1,-1
308,4,1086,289,7,4,1,-1,-1,-1
308,6,1128,337,10,10,1,-1,-1,-1
308,7,705,366,3,3,1,-1,-1,-1
308,8,1268,463,8,8,1,-1,-1,-1
308,9,1263,486,3,4,1,-1,-1,-1
308,10,1249,508,7,7,1,-1,-1,-1
308,11,1234,519,4,2,1,-1,-1,-1
309,1,235,110,3,4,1,-1,-1,-1
309,2,1100,113,3,3,1,-1,-1,-1
309,3,665,132,4,3,1,-1,-1,-1
309,4,666,136,3,3,1,-1,-1,-1
309,5,691,268,3,3,1,-1,-1,-1
309,6,1087,286,6,7,1,-1,-1,-1
309,7,1114,323,19,22,1,-1,-1,-1
309,8,1136,327,21,21,1,-1,-1,-1
309,9,278,335,3,3,1,-1,-1,-1
309,10,279,340,3,3,1,-1,-1,-1
309,11,706,366,3,4,1,-1,-1,-1
309,12,1266,464,9,9,1,-1,-1,-1
309,13,1267,482,4,3,1,-1,-1,-1
309,14,1250,507,8,8,1,-1,-1,-1
309,15,1235,517,4,3,1,-1,-1,-1
310,1,666,135,3,3,1,-1,-1,-1
310,2,1089,286,4,5,1,-1,-1,-1
310,4,279,339,3,3,1,-1,-1,-1
310,5,704,362,3,3,1,-1,-1,-1
310,6,706,367,3,3,1,-1,-1,-1
310,7,1265,465,9,9,1,-1,-1,-1
310,8,1268,480,5,5,1,-1,-1,-1
310,9,1250,507,8,7,1,-1,-1,-1
310,10,1236,517,3,3,1,-1,-1,-1
311,1,235,110,3,3,1,-1,-1,-1
311,2,665,131,3,3,1,-1,-1,-1
311,4,279,338,3,3,1,-1,-1,-1
311,5,705,362,3,4,1,-1,-1,-1
311,6,707,367,3,3,1,-1,-1,-1
311,7,1265,465,9,9,1,-1,-1,-1
311,8,1269,479,5,6,1,-1,-1,-1
311,9,1251,506,7,8,1,-1,-1,-1
312,1,235,109,3,3,1,-1,-1,-1
312,2,1098,114,3,3,1,-1,-1,-1
312,3,666,134,3,3,1,-1,-1,-1
312,4,692,271,3,3,1,-1,-1,-1
312,5,1122,327,21,22,1,-1,-1,-1
312,6,1142,328,23,23,1,-1,-1,-1
312,7,278,333,3,4,1,-1,-1,-1
312,8,278,338,3,3,1,-1,-1,-1
312,9,704,364,4,3,1,-1,-1,-1
312,10,706,368,4,4,1,-1,-1,-1
312,11,1281,454,2,4,1,-1,-1,-1
312,12,1264,466,9,9,1,-1,-1,-1
312,13,1270,479,4,4,1,-1,-1,-1
312,14,1256,505,3,4,1,-1,-1,-1
312,15,1252,510,3,3,1,-1,-1,-1
312,16,1238,514,3,3,1,-1,-1,-1
312,17,1234,518,3,3,1,-1,-1,-1
313,1,1098,114,3,3,1,-1,-1,-1
313,2,666,134,3,3,1,-1,-1,-1
313,3,691,271,4,3,1,-1,-1,-1
313,4,1080,287,7,5,1,-1,-1,-1
313,6,277,333,3,3,1,-1,-1,-1
313,7,705,364,4,3,1,-1,-1,-1
313,8,706,368,3,3,1,-1,-1,-1
313,9,1281,454,2,5,1,-1,-1,-1
313,10,1263,467,9,8,1,-1,-1,-1
313,11,1271,479,3,3,1,-1,-1,-1
313,12,1267,483,4,3,1,-1,-1,-1
313,13,1256,505,3,4,1,-1,-1,-1
313,14,1252,509,3,4,1,-1,-1,-1
313,15,1235,514,6,7,1,-1,-1,-1
314,1,665,129,4,8,1,-1,-1,-1
314,2,691,265,3,4,1,-1,-1,-1
314,3,691,271,3,3,1,-1,-1,-1
314,4,1128,327,19,21,1,-1,-1,-1
314,5,277,331,3,4,1,-1,-1,-1
314,6,1151,332,21,20,1,-1,-1,-1
314,7,278,336,3,3,1,-1,-1,-1
314,8,705,365,4,4,1,-1,-1,-1
314,9,706,370,4,3,1,-1,-1,-1
314,10,1279,455,4,5,1,-1,-1,-1
314,11,1262,468,10,10,1,-1,-1,-1
314,12,1272,477,4,4,1,-1,-1,-1
314,13,1257,504,3,4,1,-1,-1,-1
314,14,1252,508,4,4,1,-1,-1,-1
314,15,1235,517,4,3,1,-1,-1,-1
315,1,235,112,4,3,1,-1,-1,-1
315,2,665,129,3,3,1,-1,-1,-1
315,3,665,133,3,3,1,-1,-1,-1
315,4,691,266,3,3,1,-1,-1,-1
315,5,1089,290,4,3,1,-1,-1,-1
315,6,1111,297,3,3,1,-1,-1,-1
315,8,277,331,3,3,1,-1,-1,-1
315,9,1142,341,9,10,1,-1,-1,-1
315,10,706,366,3,7,1,-1,-1,-1
315,11,1279,456,3,4,1,-1,-1,-1
315,12,1261,469,9,8,1,-1,-1,-1
315,13,1273,477,3,3,1,-1,-1,-1
315,14,1269,481,3,3,1,-1,-1,-1
315,15,1253,504,7,7,1,-1,-1,-1
315,16,1240,513,3,3,1,-1,-1,-1
316,1,235,112,4,3,1,-1,-1,-1
316,2,665,129,3,3,1,-1,-1,-1
316,3,665,133,3,3,1,-1,-1,-1
316,4,1089,289,5,4,1,-1,-1,-1
316,5,1112,298,3,3,1,-1,-1,-1
316,7,277,332,3,3,1,-1,-1,-1
316,8,706,366,3,3,1,-1,-1,-1
316,9,706,370,3,3,1,-1,-1,-1
316,10,1278,457,5,4,1,-1,-1,-1
316,11,1260,469,10,10,1,-1,-1,-1
316,12,1269,480,3,4,1,-1,-1,-1
316,13,1254,503,7,8,1,-1,-1,-1
316,14,1236,512,7,6,1,-1,-1,-1
317,1,235,111,3,3,1,-1,-1,-1
317,2,1095,115,3,3,1,-1,-1,-1
317,3,665,128,3,3,1,-1,-1,-1
317,4,665,132,3,3,1,-1,-1,-1
317,5,691,269,3,3,1,-1,-1,-1
317,6,1089,289,3,4,1,-1,-1,-1
317,7,277,330,3,3,1,-1,-1,-1
317,9,277,335,3,3,1,-1,-1,-1
317,10,1150,344,8,8,1,-1,-1,-1
317,11,705,367,5,4,1,-1,-1,-1
317,12,1281,454,2,3,1,-1,-1,-1
317,13,1277,458,5,4,1,-1,-1,-1
317,14,1260,471,9,8,1,-1,-1,-1
317,15,1275,476,3,3,1,-1,-1,-1
317,16,1271,479,3,3,1,-1,-1,-1
317,17,1258,503,3,3,1,-1,-1,-1
317,18,1255,507,3,3,1,-1,-1,-1
317,19,1242,510,3,3,1,-1,-1,-1
318,1,235,111,3,3,1,-1,-1,-1
318,2,1095,114,3,3,1,-1,-1,-1
318,3,664,128,3,3,1,-1,-1,-1
318,4,691,269,3,3,1,-1,-1,-1
318,5,277,330,3,3,1,-1,-1,-1
318,7,278,334,3,3,1,-1,-1,-1
318,8,1150,344,8,9,1,-1,-1,-1
318,9,705,368,4,3,1,-1,-1,-1
318,10,707,372,3,3,1,-1,-1,-1
318,11,1281,454,2,4,1,-1,-1,-1
318,12,1277,458,4,4,1,-1,-1,-1
318,13,1260,472,8,8,1,-1,-1,-1
318,14,1275,475,3,4,1,-1,-1,-1
318,15,1271,479,3,3,1,-1,-1,-1
318,16,1255,506,3,3,1,-1,-1,-1
318,17,1238,513,3,3,1,-1,-1,-1
319,1,235,110,3,4,1,-1,-1,-1
319,2,665,131,4,3,1,-1,-1,-1
319,3,1143,332,19,20,1,-1,-1,-1
319,4,1165,337,22,21,1,-1,-1,-1
319,5,706,369,5,8,1,-1,-1,-1
319,6,1276,455,7,8,1,-1,-1,-1
319,7,1258,472,10,10,1,-1,-1,-1
319,8,1276,474,4,4,1,-1,-1,-1
319,9,1272,478,3,3,1,-1,-1,-1
319,10,1255,501,8,8,1,-1,-1,-1
319,11,1243,508,3,3,1,-1,-1,-1
320,1,235,109,3,3,1,-1,-1,-1
320,2,664,127,4,3,1,-1,-1,-1
320,3,1150,334,37,20,1,-1,-1,-1
320,4,1158,346,17,12,1,-1,-1,-1
320,5,707,373,3,4,1,-1,-1,-1
320,6,1280,456,3,3,1,-1,-1,-1
320,7,1275,460,4,4,1,-1,-1,-1
320,8,1277,473,3,4,1,-1,-1,-1
320,9,1258,474,8,8,1,-1,-1,-1
320,10,1273,477,3,3,1,-1,-1,-1
320,11,1260,501,3,3,1,-1,-1,-1
320,12,1256,505,3,3,1,-1,-1,-1
320,13,1241,508,6,6,1,-1,-1,-1
321,1,234,108,4,5,1,-1,-1,-1
321,2,664,127,4,6,1,-1,-1,-1
321,3,1128,304,4,3,1,-1,-1,-1
321,4,276,328,3,3,1,-1,-1,-1
321,5,278,333,3,3,1,-1,-1,-1
321,6,1149,334,21,21,1,-1,-1,-1
321,7,1171,337,23,22,1,-1,-1,-1
321,8,1166,349,9,8,1,-1,-1,-1
321,9,705,368,6,10,1,-1,-1,-1
321,10,1279,456,4,5,1,-1,-1,-1
321,11,1275,461,3,3,1,-1,-1,-1
321,12,1277,472,4,4,1,-1,-1,-1
321,13,1257,474,9,9,1,-1,-1,-1
321,14,1273,477,4,3,1,-1,-1,-1
321,15,1260,500,5,4,1,-1,-1,-1
321,16,1256,505,4,3,1,-1,-1,-1
321,17,1241,507,6,7,1,-1,-1,-1
322,1,234,109,4,4,1,-1,-1,-1
322,2,664,126,3,3,1,-1,-1,-1
322,3,276,328,3,3,1,-1,-1,-1
322,4,277,332,3,3,1,-1,-1,-1
322,5,1150,334,20,20,1,-1,-1,-1
322,6,1171,337,5,8,1,-1,-1,-1
322,7,1172,338,23,21,1,-1,-1,-1
322,8,1165,349,7,8,1,-1,-1,-1
322,9,706,369,4,5,1,-1,-1,-1
322,10,707,375,4,3,1,-1,-1,-1
322,11,1273,457,9,9,1,-1,-1,-1
322,12,1256,474,9,9,1,-1,-1,-1
322,13,1274,475,4,4,1,-1,-1,-1
322,14,1261,500,4,3,1,-1,-1,-1
322,15,1257,504,4,3,1,-1,-1,-1
322,16,1245,506,3,3,1,-1,-1,-1
322,17,1242,510,3,3,1,-1,-1,-1
