1,1,73,214,3,3,1,-1,-1,-1
1,2,354,282,3,3,1,-1,-1,-1
1,3,358,293,4,4,1,-1,-1,-1
1,4,339,294,14,10,1,-1,-1,-1
1,5,357,298,15,7,1,-1,-1,-1
1,6,369,305,3,3,1,-1,-1,-1
1,7,347,312,8,10,1,-1,-1,-1
1,8,89,458,3,3,1,-1,-1,-1
1,9,211,489,4,3,1,-1,-1,-1
1,10,221,493,3,3,1,-1,-1,-1
2,1,181,177,3,3,1,-1,-1,-1
2,2,354,281,3,3,1,-1,-1,-1
2,3,343,293,11,11,1,-1,-1,-1
2,4,358,292,4,4,1,-1,-1,-1
2,5,358,297,14,10,1,-1,-1,-1
2,6,337,298,5,6,1,-1,-1,-1
2,7,352,310,4,5,1,-1,-1,-1
2,8,345,316,9,4,1,-1,-1,-1
3,1,354,280,3,3,1,-1,-1,-1
3,2,349,291,5,6,1,-1,-1,-1
3,3,357,291,5,4,1,-1,-1,-1
3,4,343,294,10,9,1,-1,-1,-1
3,5,358,296,13,8,1,-1,-1,-1
3,6,368,303,4,3,1,-1,-1,-1
3,7,349,310,7,7,1,-1,-1,-1
3,8,42,429,4,3,1,-1,-1,-1
3,9,51,428,4,3,1,-1,-1,-1
3,10,184,444,3,3,1,-1,-1,-1
4,1,192,177,4,3,1,-1,-1,-1
4,2,354,279,3,3,1,-1,-1,-1
4,3,359,290,3,3,1,-1,-1,-1
4,4,342,292,11,9,1,-1,-1,-1
4,5,358,295,9,8,1,-1,-1,-1
4,6,337,299,3,3,1,-1,-1,-1
4,7,368,298,4,3,1,-1,-1,-1
4,8,369,302,3,3,1,-1,-1,-1
4,9,347,310,8,7,1,-1,-1,-1
5,1,13,112,3,3,1,-1,-1,-1
5,2,354,278,3,3,1,-1,-1,-1
5,3,350,289,3,6,1,-1,-1,-1
5,4,357,290,3,3,1,-1,-1,-1
5,5,341,293,12,8,1,-1,-1,-1
5,6,358,294,13,8,1,-1,-1,-1
5,7,369,301,3,3,1,-1,-1,-1
5,8,347,312,6,4,1,-1,-1,-1
5,9,356,316,3,3,1,-1,-1,-1
5,10,45,431,3,3,1,-1,-1,-1
5,11,85,458,4,3,1,-1,-1,-1
5,12,88,491,3,3,1,-1,-1,-1
5,13,208,490,8,3,1,-1,-1,-1
6,1,190,112,3,3,1,-1,-1,-1
6,2,192,178,4,3,1,-1,-1,-1
6,3,354,277,3,3,1,-1,-1,-1
6,4,350,289,3,5,1,-1,-1,-1
6,5,358,288,4,3,1,-1,-1,-1
6,6,340,292,13,8,1,-1,-1,-1
6,7,358,293,14,10,1,-1,-1,-1
6,8,352,308,4,3,1,-1,-1,-1
6,9,348,312,5,3,1,-1,-1,-1
6,10,85,458,3,3,1,-1,-1,-1
6,11,118,485,3,3,1,-1,-1,-1
6,12,213,489,3,4,1,-1,-1,-1
7,1,354,276,3,3,1,-1,-1,-1
7,2,350,289,4,3,1,-1,-1,-1
7,3,341,291,12,8,1,-1,-1,-1
7,4,359,292,12,10,1,-1,-1,-1
7,5,352,306,4,4,1,-1,-1,-1
7,6,346,311,7,4,1,-1,-1,-1
8,1,8,113,5,3,1,-1,-1,-1
8,2,181,112,3,3,1,-1,-1,-1
8,3,177,178,4,3,1,-1,-1,-1
8,4,192,178,4,3,1,-1,-1,-1
8,5,170,221,3,3,1,-1,-1,-1
8,6,353,276,4,3,1,-1,-1,-1
8,7,350,287,4,5,1,-1,-1,-1
8,8,359,286,3,3,1,-1,-1,-1
8,9,341,289,12,9,1,-1,-1,-1
8,10,358,291,13,10,1,-1,-1,-1
8,11,351,306,5,3,1,-1,-1,-1
8,12,349,310,4,3,1,-1,-1,-1
9,1,179,112,5,3,1,-1,-1,-1
9,2,350,287,4,4,1,-1,-1,-1
9,3,345,288,8,9,1,-1,-1,-1
9,4,358,290,15,9,1,-1,-1,-1
9,5,333,292,8,5,1,-1,-1,-1
9,6,351,305,4,3,1,-1,-1,-1
9,7,349,309,4,3,1,-1,-1,-1
9,8,44,432,3,3,1,-1,-1,-1
9,9,118,487,3,3,1,-1,-1,-1
9,10,118,500,3,3,1,-1,-1,-1
10,1,196,178,3,3,1,-1,-1,-1
10,2,354,274,3,3,1,-1,-1,-1
10,3,359,284,3,3,1,-1,-1,-1
10,4,350,286,3,4,1,-1,-1,-1
10,5,357,289,14,9,1,-1,-1,-1
10,6,336,293,5,4,1,-1,-1,-1
10,7,347,292,6,4,1,-1,-1,-1
10,8,347,305,6,6,1,-1,-1,-1
11,1,51,94,5,3,1,-1,-1,-1
11,2,169,180,3,3,1,-1,-1,-1
11,3,112,206,3,3,1,-1,-1,-1
11,4,177,227,4,4,1,-1,-1,-1
11,5,107,256,3,3,1,-1,-1,-1
11,6,353,273,3,3,1,-1,-1,-1
11,7,351,285,3,3,1,-1,-1,-1
11,8,357,288,14,11,1,-1,-1,-1
11,9,339,290,4,4,1,-1,-1,-1
11,10,344,291,9,5,1,-1,-1,-1
11,11,352,304,3,3,1,-1,-1,-1
11,12,346,306,8,5,1,-1,-1,-1
11,13,118,488,3,3,1,-1,-1,-1
11,14,208,490,8,4,1,-1,-1,-1
11,15,185,492,4,3,1,-1,-1,-1
12,1,63,113,3,3,1,-1,-1,-1
12,2,181,113,3,3,1,-1,-1,-1
12,3,355,272,3,3,1,-1,-1,-1
12,4,342,285,12,10,1,-1,-1,-1
12,5,350,285,3,3,1,-1,-1,-1
12,6,338,288,3,3,1,-1,-1,-1
12,7,360,288,12,9,1,-1,-1,-1
12,8,347,300,9,10,1,-1,-1,-1
12,9,48,423,3,3,1,-1,-1,-1
12,10,168,445,8,4,1,-1,-1,-1
12,11,83,459,8,4,1,-1,-1,-1
12,12,78,476,3,3,1,-1,-1,-1
13,1,349,282,5,5,1,-1,-1,-1
13,2,342,286,4,5,1,-1,-1,-1
13,3,358,287,11,9,1,-1,-1,-1
13,4,348,290,5,3,1,-1,-1,-1
13,5,349,301,5,4,1,-1,-1,-1
13,6,348,306,6,3,1,-1,-1,-1
13,7,53,423,4,4,1,-1,-1,-1
13,8,164,445,12,4,1,-1,-1,-1
14,1,11,114,4,3,1,-1,-1,-1
14,2,191,179,4,4,1,-1,-1,-1
14,3,179,180,3,3,1,-1,-1,-1
14,4,111,211,3,3,1,-1,-1,-1
14,5,74,213,3,3,1,-1,-1,-1
14,6,72,217,3,3,1,-1,-1,-1
14,7,192,221,4,4,1,-1,-1,-1
14,8,354,270,3,3,1,-1,-1,-1
14,9,346,283,8,10,1,-1,-1,-1
14,10,358,286,11,9,1,-1,-1,-1
14,11,339,289,3,3,1,-1,-1,-1
14,12,352,301,3,3,1,-1,-1,-1
14,13,348,305,5,3,1,-1,-1,-1
14,14,88,493,3,3,1,-1,-1,-1
15,1,177,222,3,3,1,-1,-1,-1
15,2,189,222,9,3,1,-1,-1,-1
15,3,351,270,7,5,1,-1,-1,-1
15,4,349,280,5,5,1,-1,-1,-1
15,5,357,280,16,15,1,-1,-1,-1
15,6,343,284,10,8,1,-1,-1,-1
15,7,352,300,4,3,1,-1,-1,-1
15,8,348,304,5,3,1,-1,-1,-1
15,9,164,446,4,4,1,-1,-1,-1
15,10,170,446,6,4,1,-1,-1,-1
15,11,184,446,5,4,1,-1,-1,-1
16,1,354,269,4,3,1,-1,-1,-1
16,2,344,279,9,9,1,-1,-1,-1
16,3,358,280,3,3,1,-1,-1,-1
16,4,339,284,3,3,1,-1,-1,-1
16,5,358,284,13,9,1,-1,-1,-1
16,6,349,287,4,4,1,-1,-1,-1
16,7,338,288,3,3,1,-1,-1,-1
16,8,346,299,10,8,1,-1,-1,-1
16,9,42,431,3,3,1,-1,-1,-1
16,10,173,447,3,3,1,-1,-1,-1
16,11,182,446,5,4,1,-1,-1,-1
16,12,164,451,3,3,1,-1,-1,-1
16,13,208,492,8,3,1,-1,-1,-1
17,1,355,268,3,3,1,-1,-1,-1
17,2,345,281,8,9,1,-1,-1,-1
17,3,350,281,3,3,1,-1,-1,-1
17,4,358,283,10,9,1,-1,-1,-1
17,5,369,287,3,3,1,-1,-1,-1
17,6,352,298,3,3,1,-1,-1,-1
17,7,349,302,4,3,1,-1,-1,-1
17,8,200,584,3,3,1,-1,-1,-1
18,1,180,179,3,4,1,-1,-1,-1
18,2,193,179,4,4,1,-1,-1,-1
18,3,171,181,4,3,1,-1,-1,-1
18,4,72,214,5,3,1,-1,-1,-1
18,5,187,222,5,4,1,-1,-1,-1
18,6,354,267,3,3,1,-1,-1,-1
18,7,345,281,8,8,1,-1,-1,-1
18,8,350,280,4,3,1,-1,-1,-1
18,9,358,283,12,9,1,-1,-1,-1
18,10,338,286,3,3,1,-1,-1,-1
18,11,347,297,5,7,1,-1,-1,-1
18,12,353,297,4,3,1,-1,-1,-1
18,13,93,460,3,3,1,-1,-1,-1
18,14,196,492,3,4,1,-1,-1,-1
18,15,209,493,5,3,1,-1,-1,-1
19,1,353,265,4,4,1,-1,-1,-1
19,2,357,281,15,9,1,-1,-1,-1
19,3,338,285,4,3,1,-1,-1,-1
19,4,346,284,7,5,1,-1,-1,-1
19,5,368,289,3,3,1,-1,-1,-1
19,6,348,297,3,3,1,-1,-1,-1
19,7,352,296,5,4,1,-1,-1,-1
19,8,347,301,7,3,1,-1,-1,-1
19,9,43,424,3,3,1,-1,-1,-1
20,1,354,264,3,4,1,-1,-1,-1
20,2,350,277,3,5,1,-1,-1,-1
20,3,358,276,3,3,1,-1,-1,-1
20,4,358,280,12,9,1,-1,-1,-1
20,5,343,282,3,3,1,-1,-1,-1
20,6,348,283,5,4,1,-1,-1,-1
20,7,336,285,3,5,1,-1,-1,-1
20,8,369,288,3,3,1,-1,-1,-1
20,9,352,296,3,3,1,-1,-1,-1
20,10,347,300,6,3,1,-1,-1,-1
21,1,189,223,3,4,1,-1,-1,-1
21,2,194,222,3,4,1,-1,-1,-1
21,3,77,224,3,3,1,-1,-1,-1
21,4,354,264,4,3,1,-1,-1,-1
21,5,350,277,3,3,1,-1,-1,-1
21,6,358,279,14,9,1,-1,-1,-1
21,7,345,280,8,6,1,-1,-1,-1
21,8,337,287,3,3,1,-1,-1,-1
21,9,368,287,3,3,1,-1,-1,-1
21,10,348,294,7,8,1,-1,-1,-1
21,11,42,432,3,3,1,-1,-1,-1
21,12,187,448,5,3,1,-1,-1,-1
22,1,197,113,3,3,1,-1,-1,-1
22,2,112,213,4,3,1,-1,-1,-1
22,3,82,225,3,3,1,-1,-1,-1
22,4,354,263,3,3,1,-1,-1,-1
22,5,350,276,3,4,1,-1,-1,-1
22,6,358,279,14,8,1,-1,-1,-1
22,7,339,280,14,6,1,-1,-1,-1
22,8,368,286,4,3,1,-1,-1,-1
22,9,352,293,3,4,1,-1,-1,-1
22,10,348,294,3,3,1,-1,-1,-1
22,11,345,298,9,4,1,-1,-1,-1
22,12,117,496,3,3,1,-1,-1,-1
23,1,354,262,3,3,1,-1,-1,-1
23,2,349,273,4,6,1,-1,-1,-1
23,3,339,279,14,6,1,-1,-1,-1
23,4,358,278,14,10,1,-1,-1,-1
23,5,338,285,3,3,1,-1,-1,-1
23,6,352,293,5,3,1,-1,-1,-1
23,7,348,297,6,3,1,-1,-1,-1
23,8,172,447,4,4,1,-1,-1,-1
23,9,189,493,3,4,1,-1,-1,-1
23,10,193,493,5,4,1,-1,-1,-1
23,11,207,493,3,3,1,-1,-1,-1
24,1,73,215,3,3,1,-1,-1,-1
24,2,350,273,4,5,1,-1,-1,-1
24,3,342,276,6,6,1,-1,-1,-1
24,4,358,277,9,8,1,-1,-1,-1
24,5,346,280,7,4,1,-1,-1,-1
24,6,368,280,3,3,1,-1,-1,-1
24,7,370,285,3,3,1,-1,-1,-1
24,8,346,294,6,5,1,-1,-1,-1
24,9,50,425,5,3,1,-1,-1,-1
25,1,350,273,4,4,1,-1,-1,-1
25,2,358,272,3,3,1,-1,-1,-1
25,3,344,274,9,9,1,-1,-1,-1
25,4,357,276,11,9,1,-1,-1,-1
25,5,339,283,3,3,1,-1,-1,-1
25,6,352,291,3,3,1,-1,-1,-1
25,7,346,295,7,4,1,-1,-1,-1
25,8,208,493,7,4,1,-1,-1,-1
25,9,197,586,3,3,1,-1,-1,-1
26,1,342,275,11,7,1,-1,-1,-1
26,2,358,275,13,9,1,-1,-1,-1
26,3,342,281,3,3,1,-1,-1,-1
26,4,349,290,6,8,1,-1,-1,-1
26,5,165,449,3,3,1,-1,-1,-1
26,6,170,448,6,4,1,-1,-1,-1
26,7,80,462,7,3,1,-1,-1,-1
26,8,208,493,4,4,1,-1,-1,-1
27,1,353,259,4,3,1,-1,-1,-1
27,2,351,271,3,3,1,-1,-1,-1
27,3,345,274,8,7,1,-1,-1,-1
27,4,358,274,9,9,1,-1,-1,-1
27,5,339,280,6,4,1,-1,-1,-1
27,6,369,282,3,3,1,-1,-1,-1
27,7,347,290,7,9,1,-1,-1,-1
27,8,353,290,3,3,1,-1,-1,-1
27,9,187,449,3,3,1,-1,-1,-1
28,1,354,258,3,3,1,-1,-1,-1
28,2,351,271,3,3,1,-1,-1,-1
28,3,343,273,10,7,1,-1,-1,-1
28,4,358,273,7,8,1,-1,-1,-1
28,5,367,276,3,3,1,-1,-1,-1
28,6,342,279,3,3,1,-1,-1,-1
28,7,366,280,5,4,1,-1,-1,-1
28,8,349,288,8,4,1,-1,-1,-1
28,9,115,327,3,3,1,-1,-1,-1
28,10,210,494,3,4,1,-1,-1,-1
28,11,117,500,3,3,1,-1,-1,-1
29,1,71,216,4,3,1,-1,-1,-1
29,2,169,224,3,4,1,-1,-1,-1
29,3,188,224,6,4,1,-1,-1,-1
29,4,354,257,3,3,1,-1,-1,-1
29,5,350,269,3,5,1,-1,-1,-1
29,6,344,273,9,7,1,-1,-1,-1
29,7,358,273,14,10,1,-1,-1,-1
29,8,337,280,3,3,1,-1,-1,-1
29,9,352,288,4,3,1,-1,-1,-1
29,10,344,292,9,4,1,-1,-1,-1
29,11,183,449,3,3,1,-1,-1,-1
29,12,195,494,4,4,1,-1,-1,-1
29,13,208,494,6,4,1,-1,-1,-1
30,1,351,253,7,6,1,-1,-1,-1
30,2,349,267,5,6,1,-1,-1,-1
30,3,359,267,3,3,1,-1,-1,-1
30,4,341,272,12,7,1,-1,-1,-1
30,5,358,272,14,10,1,-1,-1,-1
30,6,337,278,7,4,1,-1,-1,-1
30,7,348,287,8,3,1,-1,-1,-1
30,8,348,291,6,3,1,-1,-1,-1
31,1,354,255,3,3,1,-1,-1,-1
31,2,357,266,4,4,1,-1,-1,-1
31,3,351,268,3,4,1,-1,-1,-1
31,4,336,270,17,11,1,-1,-1,-1
31,5,358,271,15,10,1,-1,-1,-1
31,6,350,285,5,4,1,-1,-1,-1
31,7,348,290,5,3,1,-1,-1,-1
32,1,354,254,4,4,1,-1,-1,-1
32,2,337,265,17,15,1,-1,-1,-1
32,3,358,270,14,10,1,-1,-1,-1
32,4,351,285,4,3,1,-1,-1,-1
32,5,348,289,5,3,1,-1,-1,-1
33,1,354,253,3,3,1,-1,-1,-1
33,2,349,264,5,6,1,-1,-1,-1
33,3,338,269,15,10,1,-1,-1,-1
33,4,358,269,9,8,1,-1,-1,-1
33,5,368,272,3,3,1,-1,-1,-1
33,6,368,276,4,3,1,-1,-1,-1
33,7,351,284,5,3,1,-1,-1,-1
33,8,348,288,5,3,1,-1,-1,-1
34,1,354,252,3,3,1,-1,-1,-1
34,2,349,263,5,6,1,-1,-1,-1
34,3,337,268,16,10,1,-1,-1,-1
34,4,358,268,11,9,1,-1,-1,-1
34,5,369,275,3,3,1,-1,-1,-1
34,6,346,283,10,8,1,-1,-1,-1
34,7,42,427,6,3,1,-1,-1,-1
34,8,209,496,4,3,1,-1,-1,-1
35,1,171,225,5,3,1,-1,-1,-1
35,2,190,225,3,4,1,-1,-1,-1
35,3,349,262,5,6,1,-1,-1,-1
35,4,359,262,3,3,1,-1,-1,-1
35,5,339,267,14,10,1,-1,-1,-1
35,6,358,267,13,10,1,-1,-1,-1
35,7,352,282,3,3,1,-1,-1,-1
35,8,349,286,4,3,1,-1,-1,-1
35,9,212,496,4,3,1,-1,-1,-1
35,10,117,505,3,3,1,-1,-1,-1
36,1,349,261,5,6,1,-1,-1,-1
36,2,358,261,4,4,1,-1,-1,-1
36,3,339,266,14,10,1,-1,-1,-1
36,4,358,266,11,9,1,-1,-1,-1
36,5,351,280,4,4,1,-1,-1,-1
36,6,347,282,6,7,1,-1,-1,-1
36,7,112,451,3,3,1,-1,-1,-1
36,8,169,451,4,3,1,-1,-1,-1
37,1,354,250,3,3,1,-1,-1,-1
37,2,338,262,16,13,1,-1,-1,-1
37,3,358,265,13,10,1,-1,-1,-1
37,4,347,281,7,7,1,-1,-1,-1
37,5,352,280,4,3,1,-1,-1,-1
37,6,358,288,3,3,1,-1,-1,-1
37,7,112,452,3,3,1,-1,-1,-1
38,1,353,248,5,4,1,-1,-1,-1
38,2,350,260,3,3,1,-1,-1,-1
38,3,344,264,9,7,1,-1,-1,-1
38,4,359,264,13,11,1,-1,-1,-1
38,5,339,270,6,4,1,-1,-1,-1
38,6,352,278,4,5,1,-1,-1,-1
38,7,347,284,3,3,1,-1,-1,-1
38,8,111,452,4,4,1,-1,-1,-1
38,9,82,464,6,3,1,-1,-1,-1
38,10,117,507,3,3,1,-1,-1,-1
39,1,353,248,3,3,1,-1,-1,-1
39,2,339,263,14,10,1,-1,-1,-1
39,3,360,263,11,9,1,-1,-1,-1
39,4,347,278,10,8,1,-1,-1,-1
39,5,208,496,8,4,1,-1,-1,-1
39,6,115,506,4,5,1,-1,-1,-1
40,1,111,212,3,3,1,-1,-1,-1
40,2,192,227,3,3,1,-1,-1,-1
40,3,354,247,3,3,1,-1,-1,-1
40,4,342,259,11,12,1,-1,-1,-1
40,5,358,262,10,9,1,-1,-1,-1
40,6,369,266,3,3,1,-1,-1,-1
40,7,338,270,3,3,1,-1,-1,-1
40,8,352,277,5,3,1,-1,-1,-1
40,9,348,281,5,4,1,-1,-1,-1
40,10,115,330,3,3,1,-1,-1,-1
40,11,89,465,3,3,1,-1,-1,-1
40,12,192,496,7,4,1,-1,-1,-1
40,13,209,496,4,4,1,-1,-1,-1
41,1,188,227,5,3,1,-1,-1,-1
41,2,350,258,3,4,1,-1,-1,-1
41,3,342,260,11,10,1,-1,-1,-1
41,4,357,261,14,9,1,-1,-1,-1
41,5,338,265,3,3,1,-1,-1,-1
41,6,351,276,3,3,1,-1,-1,-1
41,7,348,281,3,3,1,-1,-1,-1
41,8,187,457,3,3,1,-1,-1,-1
41,9,82,465,3,3,1,-1,-1,-1
41,10,86,465,4,3,1,-1,-1,-1
41,11,117,508,3,4,1,-1,-1,-1
42,1,173,228,3,3,1,-1,-1,-1
42,2,354,245,3,3,1,-1,-1,-1
42,3,338,256,15,15,1,-1,-1,-1
42,4,358,256,3,3,1,-1,-1,-1
42,5,358,260,14,11,1,-1,-1,-1
42,6,352,276,3,3,1,-1,-1,-1
42,7,348,280,6,3,1,-1,-1,-1
42,8,43,428,3,3,1,-1,-1,-1
42,9,189,498,3,3,1,-1,-1,-1
43,1,350,255,4,6,1,-1,-1,-1
43,2,359,255,3,3,1,-1,-1,-1
43,3,343,260,10,8,1,-1,-1,-1
43,4,358,260,13,10,1,-1,-1,-1
43,5,339,263,3,3,1,-1,-1,-1
43,6,338,267,3,3,1,-1,-1,-1
43,7,352,275,3,3,1,-1,-1,-1
43,8,348,279,5,3,1,-1,-1,-1
43,9,171,452,3,3,1,-1,-1,-1
43,10,212,497,3,4,1,-1,-1,-1
43,11,116,511,4,3,1,-1,-1,-1
44,1,359,254,3,3,1,-1,-1,-1
44,2,350,256,4,4,1,-1,-1,-1
44,3,341,259,12,9,1,-1,-1,-1
44,4,358,259,14,8,1,-1,-1,-1
44,5,368,266,4,3,1,-1,-1,-1
44,6,352,273,4,4,1,-1,-1,-1
44,7,349,278,4,3,1,-1,-1,-1
45,1,353,242,5,4,1,-1,-1,-1
45,2,339,253,15,14,1,-1,-1,-1
45,3,359,253,3,3,1,-1,-1,-1
45,4,358,258,15,10,1,-1,-1,-1
45,5,348,272,8,8,1,-1,-1,-1
46,1,76,229,3,3,1,-1,-1,-1
46,2,77,242,3,3,1,-1,-1,-1
46,3,349,252,3,3,1,-1,-1,-1
46,4,358,252,4,3,1,-1,-1,-1
46,5,338,257,15,10,1,-1,-1,-1
46,6,358,257,13,10,1,-1,-1,-1
46,7,349,272,8,7,1,-1,-1,-1
46,8,114,332,3,3,1,-1,-1,-1
46,9,197,497,3,4,1,-1,-1,-1
46,10,191,498,4,3,1,-1,-1,-1
47,1,11,120,3,3,1,-1,-1,-1
47,2,168,185,5,4,1,-1,-1,-1
47,3,174,185,7,4,1,-1,-1,-1
47,4,192,185,3,4,1,-1,-1,-1
47,5,110,218,3,3,1,-1,-1,-1
47,6,350,253,3,4,1,-1,-1,-1
47,7,339,256,14,10,1,-1,-1,-1
47,8,360,256,7,8,1,-1,-1,-1
47,9,368,259,3,3,1,-1,-1,-1
47,10,367,263,3,3,1,-1,-1,-1
47,11,352,271,5,3,1,-1,-1,-1
47,12,350,275,3,3,1,-1,-1,-1
47,13,114,332,4,3,1,-1,-1,-1
47,14,112,455,3,3,1,-1,-1,-1
47,15,82,466,5,3,1,-1,-1,-1
47,16,88,466,5,3,1,-1,-1,-1
48,1,353,240,5,3,1,-1,-1,-1
48,2,351,252,3,3,1,-1,-1,-1
48,3,339,255,14,10,1,-1,-1,-1
48,4,360,255,10,9,1,-1,-1,-1
48,5,352,270,4,3,1,-1,-1,-1
48,6,347,274,6,4,1,-1,-1,-1
48,7,52,430,3,3,1,-1,-1,-1
49,1,354,239,3,3,1,-1,-1,-1
49,2,350,251,3,4,1,-1,-1,-1
49,3,358,250,3,3,1,-1,-1,-1
49,4,342,254,11,8,1,-1,-1,-1
49,5,358,254,10,9,1,-1,-1,-1
49,6,338,261,4,4,1,-1,-1,-1
49,7,352,269,5,4,1,-1,-1,-1
49,8,347,274,3,3,1,-1,-1,-1
49,9,131,385,3,3,1,-1,-1,-1
49,10,193,499,6,3,1,-1,-1,-1
49,11,207,499,8,3,1,-1,-1,-1
50,1,0,121,2,3,1,-1,-1,-1
50,2,340,249,13,13,1,-1,-1,-1
50,3,358,249,3,3,1,-1,-1,-1
50,4,358,254,14,8,1,-1,-1,-1
50,5,369,261,3,3,1,-1,-1,-1
50,6,352,268,3,3,1,-1,-1,-1
50,7,348,272,5,4,1,-1,-1,-1
50,8,45,430,3,3,1,-1,-1,-1
50,9,116,516,3,3,1,-1,-1,-1
51,1,354,236,3,4,1,-1,-1,-1
51,2,350,249,3,5,1,-1,-1,-1
51,3,337,252,16,11,1,-1,-1,-1
51,4,358,252,12,10,1,-1,-1,-1
51,5,352,267,3,3,1,-1,-1,-1
51,6,348,272,3,3,1,-1,-1,-1
51,7,163,454,3,3,1,-1,-1,-1
51,8,183,454,3,3,1,-1,-1,-1
51,9,80,466,3,3,1,-1,-1,-1
52,1,173,229,3,3,1,-1,-1,-1
52,2,188,228,3,4,1,-1,-1,-1
52,3,354,236,3,3,1,-1,-1,-1
52,4,349,247,4,6,1,-1,-1,-1
52,5,342,251,11,9,1,-1,-1,-1
52,6,358,251,12,10,1,-1,-1,-1
52,7,352,266,4,4,1,-1,-1,-1
52,8,348,271,3,3,1,-1,-1,-1
52,9,194,498,4,4,1,-1,-1,-1
52,10,208,499,6,3,1,-1,-1,-1
53,1,112,214,3,3,1,-1,-1,-1
53,2,353,235,4,3,1,-1,-1,-1
53,3,350,246,4,6,1,-1,-1,-1
53,4,359,246,3,3,1,-1,-1,-1
53,5,340,250,13,10,1,-1,-1,-1
53,6,358,251,14,10,1,-1,-1,-1
53,7,349,266,7,3,1,-1,-1,-1
53,8,348,270,6,3,1,-1,-1,-1
54,1,108,219,3,3,1,-1,-1,-1
54,2,187,229,5,3,1,-1,-1,-1
54,3,80,231,3,3,1,-1,-1,-1
54,4,168,230,3,3,1,-1,-1,-1
54,5,340,245,13,14,1,-1,-1,-1
54,6,358,245,4,3,1,-1,-1,-1
54,7,358,249,13,10,1,-1,-1,-1
54,8,352,265,3,3,1,-1,-1,-1
54,9,348,269,6,3,1,-1,-1,-1
54,10,48,438,3,3,1,-1,-1,-1
54,11,164,453,7,4,1,-1,-1,-1
54,12,80,467,3,3,1,-1,-1,-1
54,13,116,519,3,3,1,-1,-1,-1
55,1,117,181,3,3,1,-1,-1,-1
55,2,354,233,3,3,1,-1,-1,-1
55,3,350,245,3,5,1,-1,-1,-1
55,4,337,249,11,10,1,-1,-1,-1
55,5,357,249,15,10,1,-1,-1,-1
55,6,349,252,4,3,1,-1,-1,-1
55,7,91,265,3,3,1,-1,-1,-1
55,8,352,264,3,3,1,-1,-1,-1
55,9,348,268,6,3,1,-1,-1,-1
55,10,113,329,4,3,1,-1,-1,-1
55,11,183,455,5,3,1,-1,-1,-1
55,12,207,500,4,3,1,-1,-1,-1
55,13,213,500,3,3,1,-1,-1,-1
56,1,171,187,5,4,1,-1,-1,-1
56,2,177,187,3,3,1,-1,-1,-1
56,3,349,243,4,6,1,-1,-1,-1
56,4,341,248,12,9,1,-1,-1,-1
56,5,358,248,13,8,1,-1,-1,-1
56,6,346,262,10,9,1,-1,-1,-1
56,7,113,329,3,3,1,-1,-1,-1
56,8,85,468,3,3,1,-1,-1,-1
56,9,208,500,5,3,1,-1,-1,-1
56,10,117,520,3,3,1,-1,-1,-1
57,1,194,119,3,3,1,-1,-1,-1
57,2,13,121,3,3,1,-1,-1,-1
57,3,172,229,4,4,1,-1,-1,-1
57,4,353,230,4,5,1,-1,-1,-1
57,5,350,243,4,5,1,-1,-1,-1
57,6,359,242,3,3,1,-1,-1,-1
57,7,338,247,15,10,1,-1,-1,-1
57,8,357,247,16,10,1,-1,-1,-1
57,9,352,261,3,4,1,-1,-1,-1
57,10,347,266,6,3,1,-1,-1,-1
57,11,114,330,4,3,1,-1,-1,-1
57,12,110,454,5,4,1,-1,-1,-1
57,13,115,520,4,4,1,-1,-1,-1
58,1,354,229,3,4,1,-1,-1,-1
58,2,349,241,4,5,1,-1,-1,-1
58,3,359,241,3,3,1,-1,-1,-1
58,4,338,246,15,10,1,-1,-1,-1
58,5,358,246,14,10,1,-1,-1,-1
58,6,348,260,7,8,1,-1,-1,-1
58,7,358,269,3,3,1,-1,-1,-1
58,8,110,454,5,4,1,-1,-1,-1
58,9,169,455,4,3,1,-1,-1,-1
58,10,116,522,3,3,1,-1,-1,-1
59,1,10,122,4,3,1,-1,-1,-1
59,2,353,229,5,3,1,-1,-1,-1
59,3,359,240,3,3,1,-1,-1,-1
59,4,350,242,4,4,1,-1,-1,-1
59,5,338,245,15,10,1,-1,-1,-1
59,6,360,245,11,10,1,-1,-1,-1
59,7,352,259,3,4,1,-1,-1,-1
59,8,349,264,5,3,1,-1,-1,-1
59,9,91,270,3,3,1,-1,-1,-1
60,1,0,129,2,3,1,-1,-1,-1
60,2,350,241,4,4,1,-1,-1,-1
60,3,341,244,12,9,1,-1,-1,-1
60,4,358,244,13,10,1,-1,-1,-1
60,5,352,259,4,3,1,-1,-1,-1
60,6,349,263,4,3,1,-1,-1,-1
60,7,91,265,3,3,1,-1,-1,-1
60,8,0,369,3,3,1,-1,-1,-1
60,9,129,436,3,3,1,-1,-1,-1
60,10,50,439,3,3,1,-1,-1,-1
60,11,162,454,3,4,1,-1,-1,-1
60,12,116,523,3,3,1,-1,-1,-1
61,1,353,228,4,3,1,-1,-1,-1
61,2,349,238,4,6,1,-1,-1,-1
61,3,339,243,14,10,1,-1,-1,-1
61,4,358,243,13,9,1,-1,-1,-1
61,5,347,257,9,10,1,-1,-1,-1
61,6,133,387,3,3,1,-1,-1,-1
62,1,0,139,2,3,1,-1,-1,-1
62,2,354,226,3,4,1,-1,-1,-1
62,3,339,239,14,12,1,-1,-1,-1
62,4,358,242,13,10,1,-1,-1,-1
62,5,352,257,3,3,1,-1,-1,-1
62,6,349,261,4,3,1,-1,-1,-1
62,7,185,461,4,3,1,-1,-1,-1
63,1,353,225,4,4,1,-1,-1,-1
63,2,349,237,4,5,1,-1,-1,-1
63,3,357,237,4,4,1,-1,-1,-1
63,4,339,241,14,10,1,-1,-1,-1
63,5,358,241,14,10,1,-1,-1,-1
63,6,347,256,8,8,1,-1,-1,-1
63,7,147,438,3,3,1,-1,-1,-1
63,8,163,456,5,3,1,-1,-1,-1
63,9,169,456,3,3,1,-1,-1,-1
64,1,353,225,3,3,1,-1,-1,-1
64,2,341,237,12,12,1,-1,-1,-1
64,3,358,240,13,9,1,-1,-1,-1
64,4,352,255,3,3,1,-1,-1,-1
64,5,348,260,6,3,1,-1,-1,-1
65,1,179,188,3,4,1,-1,-1,-1
65,2,353,224,4,3,1,-1,-1,-1
65,3,349,235,5,6,1,-1,-1,-1
65,4,340,239,12,8,1,-1,-1,-1
65,5,358,239,12,8,1,-1,-1,-1
65,6,340,246,3,3,1,-1,-1,-1
65,7,348,258,7,4,1,-1,-1,-1
65,8,114,337,4,3,1,-1,-1,-1
65,9,2,371,4,3,1,-1,-1,-1
65,10,40,440,3,3,1,-1,-1,-1
65,11,211,502,3,3,1,-1,-1,-1
65,12,116,527,3,3,1,-1,-1,-1
65,13,189,598,3,2,1,-1,-1,-1
66,1,340,235,13,13,1,-1,-1,-1
66,2,167,237,3,3,1,-1,-1,-1
66,3,357,238,13,9,1,-1,-1,-1
66,4,352,254,3,3,1,-1,-1,-1
66,5,345,259,3,3,1,-1,-1,-1
66,6,349,258,5,3,1,-1,-1,-1
66,7,111,336,3,3,1,-1,-1,-1
66,8,42,433,5,3,1,-1,-1,-1
66,9,48,440,5,3,1,-1,-1,-1
66,10,184,457,4,3,1,-1,-1,-1
66,11,80,469,4,3,1,-1,-1,-1
66,12,115,528,3,3,1,-1,-1,-1
67,1,353,221,4,4,1,-1,-1,-1
67,2,349,233,4,6,1,-1,-1,-1
67,3,359,233,3,3,1,-1,-1,-1
67,4,340,238,13,9,1,-1,-1,-1
67,5,358,238,12,9,1,-1,-1,-1
67,6,352,253,4,3,1,-1,-1,-1
67,7,348,257,5,3,1,-1,-1,-1
67,8,181,457,4,3,1,-1,-1,-1
67,9,209,502,3,3,1,-1,-1,-1
68,1,353,221,4,3,1,-1,-1,-1
68,2,349,232,4,6,1,-1,-1,-1
68,3,340,237,13,9,1,-1,-1,-1
68,4,357,236,16,11,1,-1,-1,-1
68,5,350,252,5,3,1,-1,-1,-1
68,6,348,256,6,3,1,-1,-1,-1
69,1,117,186,3,3,1,-1,-1,-1
69,2,170,189,9,4,1,-1,-1,-1
69,3,189,189,7,4,1,-1,-1,-1
69,4,354,220,3,3,1,-1,-1,-1
69,5,72,223,3,3,1,-1,-1,-1
69,6,349,231,4,5,1,-1,-1,-1
69,7,341,236,12,8,1,-1,-1,-1
69,8,358,236,11,7,1,-1,-1,-1
69,9,352,250,3,4,1,-1,-1,-1
69,10,348,255,5,3,1,-1,-1,-1
69,11,131,388,4,4,1,-1,-1,-1
69,12,111,456,3,3,1,-1,-1,-1
69,13,84,470,3,3,1,-1,-1,-1
70,1,354,219,3,3,1,-1,-1,-1
70,2,350,231,4,5,1,-1,-1,-1
70,3,342,235,11,8,1,-1,-1,-1
70,4,358,235,9,8,1,-1,-1,-1
70,5,368,242,3,3,1,-1,-1,-1
70,6,350,249,7,4,1,-1,-1,-1
70,7,346,253,7,4,1,-1,-1,-1
70,8,109,455,5,5,1,-1,-1,-1
70,9,193,502,5,4,1,-1,-1,-1
71,1,352,218,5,4,1,-1,-1,-1
71,2,339,229,14,14,1,-1,-1,-1
71,3,358,233,14,11,1,-1,-1,-1
71,4,348,249,3,3,1,-1,-1,-1
71,5,352,248,5,4,1,-1,-1,-1
71,6,345,253,9,4,1,-1,-1,-1
72,1,354,216,3,4,1,-1,-1,-1
72,2,358,228,3,3,1,-1,-1,-1
72,3,340,230,13,12,1,-1,-1,-1
72,4,357,233,15,10,1,-1,-1,-1
72,5,350,247,5,4,1,-1,-1,-1
72,6,348,252,6,3,1,-1,-1,-1
72,7,113,332,3,3,1,-1,-1,-1
72,8,171,458,3,3,1,-1,-1,-1
72,9,115,532,3,3,1,-1,-1,-1
72,10,116,545,3,3,1,-1,-1,-1
73,1,353,217,3,3,1,-1,-1,-1
73,2,349,227,4,6,1,-1,-1,-1
73,3,340,232,13,9,1,-1,-1,-1
73,4,358,232,14,10,1,-1,-1,-1
73,5,350,246,5,4,1,-1,-1,-1
73,6,349,251,4,3,1,-1,-1,-1
73,7,115,533,3,3,1,-1,-1,-1
74,1,354,215,3,3,1,-1,-1,-1
74,2,109,218,4,3,1,-1,-1,-1
74,3,349,226,4,6,1,-1,-1,-1
74,4,340,231,12,9,1,-1,-1,-1
74,5,358,230,13,10,1,-1,-1,-1
74,6,75,234,4,3,1,-1,-1,-1
74,7,348,245,7,8,1,-1,-1,-1
74,8,86,471,3,3,1,-1,-1,-1
74,9,186,503,5,4,1,-1,-1,-1
74,10,193,504,3,3,1,-1,-1,-1
74,11,114,534,3,3,1,-1,-1,-1
75,1,554,0,4,5,1,-1,-1,-1
75,2,168,191,3,3,1,-1,-1,-1
75,3,351,211,6,6,1,-1,-1,-1
75,4,349,225,4,6,1,-1,-1,-1
75,5,340,230,13,9,1,-1,-1,-1
75,6,360,230,6,8,1,-1,-1,-1
75,7,368,233,3,3,1,-1,-1,-1
75,8,352,245,3,3,1,-1,-1,-1
75,9,349,249,4,3,1,-1,-1,-1
75,10,82,276,3,3,1,-1,-1,-1
75,11,115,534,3,3,1,-1,-1,-1
75,12,117,547,3,3,1,-1,-1,-1
76,1,550,0,9,12,1,-1,-1,-1
76,2,354,213,3,3,1,-1,-1,-1
76,3,349,225,4,5,1,-1,-1,-1
76,4,340,229,13,9,1,-1,-1,-1
76,5,358,229,13,10,1,-1,-1,-1
76,6,347,244,9,7,1,-1,-1,-1
77,1,548,0,16,20,1,-1,-1,-1
77,2,350,224,3,5,1,-1,-1,-1
77,3,339,228,14,9,1,-1,-1,-1
77,4,358,228,13,10,1,-1,-1,-1
77,5,350,242,7,4,1,-1,-1,-1
77,6,349,247,3,3,1,-1,-1,-1
77,7,181,459,3,3,1,-1,-1,-1
78,1,538,1,35,26,1,-1,-1,-1
78,2,354,211,3,3,1,-1,-1,-1
78,3,350,224,3,4,1,-1,-1,-1
78,4,343,227,9,8,1,-1,-1,-1
78,5,358,227,13,10,1,-1,-1,-1
78,6,352,242,4,3,1,-1,-1,-1
78,7,349,246,4,3,1,-1,-1,-1
78,8,115,536,3,3,1,-1,-1,-1
78,9,197,596,4,3,1,-1,-1,-1
79,1,548,0,16,7,1,-1,-1,-1
79,2,537,9,30,25,1,-1,-1,-1
79,3,569,9,3,3,1,-1,-1,-1
79,4,354,210,3,4,1,-1,-1,-1
79,5,350,223,3,4,1,-1,-1,-1
79,6,343,226,10,8,1,-1,-1,-1
79,7,357,226,14,10,1,-1,-1,-1
79,8,337,230,3,3,1,-1,-1,-1
79,9,349,245,3,3,1,-1,-1,-1
80,1,538,0,35,15,1,-1,-1,-1
80,2,536,16,30,25,1,-1,-1,-1
80,3,569,16,3,3,1,-1,-1,-1
80,4,350,221,3,5,1,-1,-1,-1
80,5,341,225,11,9,1,-1,-1,-1
80,6,358,225,9,9,1,-1,-1,-1
80,7,349,240,6,7,1,-1,-1,-1
80,8,113,339,3,3,1,-1,-1,-1
81,1,537,0,31,26,1,-1,-1,-1
81,2,545,6,3,3,1,-1,-1,-1
81,3,536,24,29,25,1,-1,-1,-1
81,4,566,25,3,3,1,-1,-1,-1
81,5,350,220,3,5,1,-1,-1,-1
81,6,343,224,9,8,1,-1,-1,-1
81,7,360,224,11,9,1,-1,-1,-1
81,8,352,239,3,3,1,-1,-1,-1
81,9,349,243,4,3,1,-1,-1,-1
82,1,555,1,6,5,1,-1,-1,-1
82,2,549,2,3,3,1,-1,-1,-1
82,3,538,9,31,25,1,-1,-1,-1
82,4,536,32,35,25,1,-1,-1,-1
82,5,350,220,3,4,1,-1,-1,-1
82,6,343,223,9,8,1,-1,-1,-1
82,7,360,223,6,8,1,-1,-1,-1
82,8,352,238,4,3,1,-1,-1,-1
82,9,349,242,4,3,1,-1,-1,-1
82,10,113,340,3,3,1,-1,-1,-1
82,11,190,505,6,3,1,-1,-1,-1
82,12,188,598,3,2,1,-1,-1,-1
82,13,192,598,4,2,1,-1,-1,-1
83,1,555,9,5,5,1,-1,-1,-1
83,2,536,16,34,26,1,-1,-1,-1
83,3,536,39,34,25,1,-1,-1,-1
83,4,354,206,3,3,1,-1,-1,-1
83,5,350,219,3,4,1,-1,-1,-1
83,6,341,222,12,9,1,-1,-1,-1
83,7,361,222,3,3,1,-1,-1,-1
83,8,360,224,12,7,1,-1,-1,-1
83,9,349,237,6,7,1,-1,-1,-1
84,1,549,17,3,3,1,-1,-1,-1
84,2,554,16,7,6,1,-1,-1,-1
84,3,536,22,35,27,1,-1,-1,-1
84,4,536,47,27,25,1,-1,-1,-1
84,5,565,48,3,3,1,-1,-1,-1
84,6,354,205,3,3,1,-1,-1,-1
84,7,350,219,3,3,1,-1,-1,-1
84,8,357,221,13,10,1,-1,-1,-1
84,9,341,222,12,8,1,-1,-1,-1
84,10,349,240,3,3,1,-1,-1,-1
84,11,185,465,3,3,1,-1,-1,-1
85,1,547,23,5,5,1,-1,-1,-1
85,2,554,24,6,6,1,-1,-1,-1
85,3,536,29,34,22,1,-1,-1,-1
85,4,536,54,35,24,1,-1,-1,-1
85,5,350,217,3,4,1,-1,-1,-1
85,6,341,220,11,9,1,-1,-1,-1
85,7,358,220,12,10,1,-1,-1,-1
85,8,192,235,3,3,1,-1,-1,-1
85,9,349,235,6,8,1,-1,-1,-1
85,10,113,342,3,3,1,-1,-1,-1
86,1,547,32,3,3,1,-1,-1,-1
86,2,553,32,7,5,1,-1,-1,-1
86,3,536,37,35,22,1,-1,-1,-1
86,4,536,63,28,25,1,-1,-1,-1
86,5,565,62,6,4,1,-1,-1,-1
86,6,547,75,3,5,1,-1,-1,-1
86,7,349,216,4,5,1,-1,-1,-1
86,8,341,220,11,8,1,-1,-1,-1
86,9,358,220,11,8,1,-1,-1,-1
86,10,348,234,7,8,1,-1,-1,-1
86,11,115,542,3,3,1,-1,-1,-1
87,1,553,39,7,6,1,-1,-1,-1
87,2,547,40,4,3,1,-1,-1,-1
87,3,536,44,35,22,1,-1,-1,-1
87,4,557,54,3,3,1,-1,-1,-1
87,5,535,70,33,25,1,-1,-1,-1
87,6,350,216,3,3,1,-1,-1,-1
87,7,340,218,13,9,1,-1,-1,-1
87,8,358,218,8,9,1,-1,-1,-1
87,9,367,221,5,4,1,-1,-1,-1
87,10,349,233,7,8,1,-1,-1,-1
88,1,553,47,6,5,1,-1,-1,-1
88,2,547,48,4,3,1,-1,-1,-1
88,3,535,54,29,20,1,-1,-1,-1
88,4,565,62,6,4,1,-1,-1,-1
88,5,534,77,32,25,1,-1,-1,-1
88,6,188,193,3,3,1,-1,-1,-1
88,7,358,213,3,3,1,-1,-1,-1
88,8,350,215,3,3,1,-1,-1,-1
88,9,339,217,14,10,1,-1,-1,-1
88,10,357,217,15,10,1,-1,-1,-1
88,11,352,233,3,3,1,-1,-1,-1
88,12,347,237,6,3,1,-1,-1,-1
89,1,546,55,4,3,1,-1,-1,-1
89,2,553,55,6,4,1,-1,-1,-1
89,3,535,60,33,22,1,-1,-1,-1
89,4,534,85,34,26,1,-1,-1,-1
89,5,338,213,15,13,1,-1,-1,-1
89,6,357,217,11,7,1,-1,-1,-1
89,7,365,223,6,4,1,-1,-1,-1
89,8,351,231,3,3,1,-1,-1,-1
89,9,347,236,4,3,1,-1,-1,-1
90,1,547,63,3,3,1,-1,-1,-1
90,2,553,63,5,4,1,-1,-1,-1
90,3,534,69,35,20,1,-1,-1,-1
90,4,533,92,34,26,1,-1,-1,-1
90,5,546,107,3,5,1,-1,-1,-1
90,6,350,212,3,4,1,-1,-1,-1
90,7,343,215,9,8,1,-1,-1,-1
90,8,358,215,7,8,1,-1,-1,-1
90,9,367,218,3,3,1,-1,-1,-1
90,10,366,222,3,3,1,-1,-1,-1
90,11,352,231,3,3,1,-1,-1,-1
90,12,348,235,5,3,1,-1,-1,-1
91,1,546,70,4,4,1,-1,-1,-1
91,2,552,70,6,5,1,-1,-1,-1
91,3,533,76,33,21,1,-1,-1,-1
91,4,567,85,3,3,1,-1,-1,-1
91,5,533,100,30,26,1,-1,-1,-1
91,6,565,101,3,3,1,-1,-1,-1
91,7,342,210,11,13,1,-1,-1,-1
91,8,358,210,3,3,1,-1,-1,-1
91,9,358,214,9,9,1,-1,-1,-1
91,10,368,218,3,3,1,-1,-1,-1
91,11,369,222,3,3,1,-1,-1,-1
91,12,348,229,8,8,1,-1,-1,-1
92,1,547,79,3,3,1,-1,-1,-1
92,2,552,78,5,5,1,-1,-1,-1
92,3,533,83,34,22,1,-1,-1,-1
92,4,533,108,36,25,1,-1,-1,-1
92,5,353,198,3,3,1,-1,-1,-1
92,6,350,211,3,3,1,-1,-1,-1
92,7,339,213,13,10,1,-1,-1,-1
92,8,358,214,9,8,1,-1,-1,-1
92,9,351,228,5,4,1,-1,-1,-1
92,10,347,233,6,3,1,-1,-1,-1
93,1,546,86,3,3,1,-1,-1,-1
93,2,552,86,5,5,1,-1,-1,-1
93,3,533,91,35,21,1,-1,-1,-1
93,4,532,116,37,25,1,-1,-1,-1
93,5,349,207,4,6,1,-1,-1,-1
93,6,344,212,9,8,1,-1,-1,-1
93,7,357,213,11,9,1,-1,-1,-1
93,8,347,232,6,3,1,-1,-1,-1
94,1,552,93,6,5,1,-1,-1,-1
94,2,545,94,4,3,1,-1,-1,-1
94,3,533,98,36,22,1,-1,-1,-1
94,4,552,123,3,3,1,-1,-1,-1
94,5,533,124,31,25,1,-1,-1,-1
94,6,347,207,6,11,1,-1,-1,-1
94,7,359,207,3,3,1,-1,-1,-1
94,8,338,215,3,3,1,-1,-1,-1
94,9,358,215,8,5,1,-1,-1,-1
94,10,342,216,5,4,1,-1,-1,-1
94,11,351,226,4,4,1,-1,-1,-1
94,12,348,231,5,3,1,-1,-1,-1
95,1,552,101,5,5,1,-1,-1,-1
95,2,545,102,4,3,1,-1,-1,-1
95,3,533,106,36,22,1,-1,-1,-1
95,4,532,132,30,25,1,-1,-1,-1
95,5,350,207,3,5,1,-1,-1,-1
95,6,358,211,13,9,1,-1,-1,-1
95,7,342,214,10,5,1,-1,-1,-1
95,8,350,226,5,3,1,-1,-1,-1
95,9,348,230,6,3,1,-1,-1,-1
95,10,113,324,3,3,1,-1,-1,-1
95,11,115,548,4,3,1,-1,-1,-1
96,1,544,109,3,3,1,-1,-1,-1
96,2,552,109,5,5,1,-1,-1,-1
96,3,533,115,33,21,1,-1,-1,-1
96,4,545,124,3,3,1,-1,-1,-1
96,5,532,140,36,25,1,-1,-1,-1
96,6,354,194,3,3,1,-1,-1,-1
96,7,349,205,4,6,1,-1,-1,-1
96,8,342,209,10,8,1,-1,-1,-1
96,9,358,210,13,8,1,-1,-1,-1
96,10,352,225,3,3,1,-1,-1,-1
96,11,348,229,5,3,1,-1,-1,-1
97,1,544,117,4,3,1,-1,-1,-1
97,2,551,117,6,4,1,-1,-1,-1
97,3,545,123,3,3,1,-1,-1,-1
97,4,532,125,29,18,1,-1,-1,-1
97,5,563,132,5,4,1,-1,-1,-1
97,6,531,147,33,25,1,-1,-1,-1
97,7,350,205,3,5,1,-1,-1,-1
97,8,339,209,13,9,1,-1,-1,-1
97,9,357,209,14,10,1,-1,-1,-1
97,10,352,223,4,4,1,-1,-1,-1
97,11,348,228,5,3,1,-1,-1,-1
98,1,544,125,4,3,1,-1,-1,-1
98,2,551,125,5,4,1,-1,-1,-1
98,3,532,132,36,19,1,-1,-1,-1
98,4,532,156,29,25,1,-1,-1,-1
98,5,544,169,3,5,1,-1,-1,-1
98,6,353,192,3,3,1,-1,-1,-1
98,7,172,195,4,3,1,-1,-1,-1
98,8,349,203,4,5,1,-1,-1,-1
98,9,342,208,11,8,1,-1,-1,-1
98,10,358,208,11,8,1,-1,-1,-1
98,11,352,222,4,4,1,-1,-1,-1
98,12,348,227,4,3,1,-1,-1,-1
98,13,83,475,5,3,1,-1,-1,-1
99,1,544,133,3,3,1,-1,-1,-1
99,2,551,132,6,5,1,-1,-1,-1
99,3,531,138,36,21,1,-1,-1,-1
99,4,532,164,29,24,1,-1,-1,-1
99,5,353,191,3,3,1,-1,-1,-1
99,6,350,203,3,4,1,-1,-1,-1
99,7,342,207,10,8,1,-1,-1,-1
99,8,358,207,13,9,1,-1,-1,-1
99,9,338,210,3,3,1,-1,-1,-1
99,10,352,221,4,4,1,-1,-1,-1
99,11,348,226,5,3,1,-1,-1,-1
99,12,113,342,3,3,1,-1,-1,-1
99,13,186,509,3,3,1,-1,-1,-1
100,1,544,141,3,3,1,-1,-1,-1
100,2,551,140,6,5,1,-1,-1,-1
100,3,532,146,28,21,1,-1,-1,-1
100,4,562,157,4,3,1,-1,-1,-1
100,5,531,171,36,25,1,-1,-1,-1
100,6,354,190,3,3,1,-1,-1,-1
100,7,350,203,3,3,1,-1,-1,-1
100,8,336,206,16,10,1,-1,-1,-1
100,9,360,206,8,9,1,-1,-1,-1
100,10,352,221,3,3,1,-1,-1,-1
100,11,348,225,4,3,1,-1,-1,-1
100,12,107,258,3,3,1,-1,-1,-1
101,1,544,149,3,3,1,-1,-1,-1
101,2,550,149,5,5,1,-1,-1,-1
101,3,532,156,30,19,1,-1,-1,-1
101,4,563,164,3,3,1,-1,-1,-1
101,5,531,179,36,25,1,-1,-1,-1
101,6,354,189,3,3,1,-1,-1,-1
101,7,348,200,5,6,1,-1,-1,-1
101,8,340,205,13,9,1,-1,-1,-1
101,9,357,205,14,10,1,-1,-1,-1
101,10,349,220,6,3,1,-1,-1,-1
101,11,348,224,5,3,1,-1,-1,-1
102,1,544,157,3,3,1,-1,-1,-1
102,2,550,156,6,5,1,-1,-1,-1
102,3,532,161,35,22,1,-1,-1,-1
102,4,532,188,33,25,1,-1,-1,-1
102,5,349,199,4,7,1,-1,-1,-1
102,6,343,204,9,8,1,-1,-1,-1
102,7,358,204,8,8,1,-1,-1,-1
102,8,367,207,4,3,1,-1,-1,-1
102,9,349,219,6,3,1,-1,-1,-1
102,10,349,223,3,3,1,-1,-1,-1
102,11,210,509,3,3,1,-1,-1,-1
103,1,544,165,3,3,1,-1,-1,-1
103,2,550,164,6,5,1,-1,-1,-1
103,3,531,171,37,20,1,-1,-1,-1
103,4,531,195,34,25,1,-1,-1,-1
103,5,550,194,3,3,1,-1,-1,-1
103,6,359,198,3,3,1,-1,-1,-1
103,7,350,201,3,3,1,-1,-1,-1
103,8,342,203,10,8,1,-1,-1,-1
103,9,360,203,8,9,1,-1,-1,-1
103,10,336,210,3,3,1,-1,-1,-1
103,11,543,210,3,3,1,-1,-1,-1
103,12,352,218,4,3,1,-1,-1,-1
103,13,348,222,5,3,1,-1,-1,-1
103,14,172,237,5,4,1,-1,-1,-1
103,15,185,237,7,4,1,-1,-1,-1
103,16,112,328,4,3,1,-1,-1,-1
104,1,543,173,4,3,1,-1,-1,-1
104,2,550,172,5,4,1,-1,-1,-1
104,3,532,177,35,22,1,-1,-1,-1
104,4,338,198,15,13,1,-1,-1,-1
104,5,358,202,10,8,1,-1,-1,-1
104,6,530,203,33,25,1,-1,-1,-1
104,7,367,209,3,3,1,-1,-1,-1
104,8,350,216,6,4,1,-1,-1,-1
104,9,348,221,5,3,1,-1,-1,-1
105,1,543,181,3,3,1,-1,-1,-1
105,2,551,180,5,4,1,-1,-1,-1
105,3,531,185,34,23,1,-1,-1,-1
105,4,350,198,3,4,1,-1,-1,-1
105,5,340,201,12,9,1,-1,-1,-1
105,6,358,201,10,9,1,-1,-1,-1
105,7,530,211,35,25,1,-1,-1,-1
105,8,349,216,7,7,1,-1,-1,-1
105,9,117,555,3,3,1,-1,-1,-1
106,1,354,184,3,3,1,-1,-1,-1
106,2,542,189,4,3,1,-1,-1,-1
106,3,549,188,6,6,1,-1,-1,-1
106,4,530,194,33,21,1,-1,-1,-1
106,5,349,197,4,4,1,-1,-1,-1
106,6,342,200,10,8,1,-1,-1,-1
106,7,358,200,10,9,1,-1,-1,-1
106,8,349,216,6,6,1,-1,-1,-1
106,9,530,219,34,25,1,-1,-1,-1
106,10,110,326,3,3,1,-1,-1,-1
106,11,181,464,3,3,1,-1,-1,-1
107,1,354,183,3,3,1,-1,-1,-1
107,2,349,194,4,6,1,-1,-1,-1
107,3,543,197,3,3,1,-1,-1,-1
107,4,549,196,6,6,1,-1,-1,-1
107,5,343,199,9,8,1,-1,-1,-1
107,6,358,199,12,10,1,-1,-1,-1
107,7,339,202,3,3,1,-1,-1,-1
107,8,530,202,37,21,1,-1,-1,-1
107,9,352,214,3,3,1,-1,-1,-1
107,10,349,218,3,3,1,-1,-1,-1
107,11,531,228,32,24,1,-1,-1,-1
107,12,111,329,3,3,1,-1,-1,-1
108,1,349,194,4,5,1,-1,-1,-1
108,2,341,198,11,9,1,-1,-1,-1
108,3,358,198,12,9,1,-1,-1,-1
108,4,336,202,3,3,1,-1,-1,-1
108,5,542,205,4,3,1,-1,-1,-1
108,6,549,204,6,6,1,-1,-1,-1
108,7,530,210,34,21,1,-1,-1,-1
108,8,347,213,9,7,1,-1,-1,-1
108,9,530,236,29,24,1,-1,-1,-1
108,10,560,236,5,4,1,-1,-1,-1
109,1,353,181,3,3,1,-1,-1,-1
109,2,350,193,3,5,1,-1,-1,-1
109,3,357,194,3,3,1,-1,-1,-1
109,4,338,197,14,10,1,-1,-1,-1
109,5,357,197,14,10,1,-1,-1,-1
109,6,542,211,13,7,1,-1,-1,-1
109,7,352,212,4,3,1,-1,-1,-1
109,8,349,216,3,3,1,-1,-1,-1
109,9,531,218,32,21,1,-1,-1,-1
109,10,530,244,35,25,1,-1,-1,-1
110,1,354,180,3,3,1,-1,-1,-1
110,2,337,196,16,10,1,-1,-1,-1
110,3,359,196,11,10,1,-1,-1,-1
110,4,349,215,3,3,1,-1,-1,-1
110,5,542,219,13,6,1,-1,-1,-1
110,6,530,227,35,20,1,-1,-1,-1
110,7,530,252,33,25,1,-1,-1,-1
110,8,47,448,3,3,1,-1,-1,-1
110,9,186,510,3,3,1,-1,-1,-1
111,1,350,192,3,4,1,-1,-1,-1
111,2,341,195,11,8,1,-1,-1,-1
111,3,358,195,11,10,1,-1,-1,-1
111,4,347,210,8,8,1,-1,-1,-1
111,5,541,229,5,4,1,-1,-1,-1
111,6,549,229,5,4,1,-1,-1,-1
111,7,530,237,35,19,1,-1,-1,-1
111,8,530,260,34,25,1,-1,-1,-1
112,1,353,179,3,3,1,-1,-1,-1
112,2,350,192,3,3,1,-1,-1,-1
112,3,342,194,10,8,1,-1,-1,-1
112,4,357,195,10,8,1,-1,-1,-1
112,5,352,209,4,3,1,-1,-1,-1
112,6,349,213,3,3,1,-1,-1,-1
112,7,541,237,4,4,1,-1,-1,-1
112,8,549,237,5,5,1,-1,-1,-1
112,9,530,243,35,21,1,-1,-1,-1
112,10,528,268,36,25,1,-1,-1,-1
112,11,541,281,3,7,1,-1,-1,-1
112,12,112,340,3,3,1,-1,-1,-1
113,1,349,189,4,5,1,-1,-1,-1
113,2,345,193,8,7,1,-1,-1,-1
113,3,357,193,13,10,1,-1,-1,-1
113,4,340,199,4,3,1,-1,-1,-1
113,5,347,208,9,8,1,-1,-1,-1
113,6,540,245,5,4,1,-1,-1,-1
113,7,548,245,6,5,1,-1,-1,-1
113,8,530,250,33,23,1,-1,-1,-1
113,9,528,276,36,26,1,-1,-1,-1
113,10,44,442,3,3,1,-1,-1,-1
114,1,354,176,3,3,1,-1,-1,-1
114,2,349,188,4,4,1,-1,-1,-1
114,3,338,192,14,10,1,-1,-1,-1
114,4,358,193,11,9,1,-1,-1,-1
114,5,170,198,4,3,1,-1,-1,-1
114,6,351,207,4,3,1,-1,-1,-1
114,7,349,211,3,3,1,-1,-1,-1
114,8,548,253,6,5,1,-1,-1,-1
114,9,529,254,35,26,1,-1,-1,-1
114,10,528,284,32,26,1,-1,-1,-1
114,11,561,285,4,3,1,-1,-1,-1
115,1,350,188,3,5,1,-1,-1,-1
115,2,341,191,11,9,1,-1,-1,-1
115,3,357,191,11,8,1,-1,-1,-1
115,4,349,210,3,3,1,-1,-1,-1
115,5,540,260,13,6,1,-1,-1,-1
115,6,528,267,34,21,1,-1,-1,-1
115,7,541,277,3,3,1,-1,-1,-1
115,8,529,293,35,25,1,-1,-1,-1
116,1,353,175,3,3,1,-1,-1,-1
116,2,350,187,3,4,1,-1,-1,-1
116,3,338,190,14,10,1,-1,-1,-1
116,4,357,190,14,9,1,-1,-1,-1
116,5,347,205,9,8,1,-1,-1,-1
116,6,540,270,4,4,1,-1,-1,-1
116,7,548,270,5,5,1,-1,-1,-1
116,8,528,275,37,22,1,-1,-1,-1
116,9,529,302,35,23,1,-1,-1,-1
116,10,112,332,3,3,1,-1,-1,-1
117,1,350,187,3,3,1,-1,-1,-1
117,2,357,189,14,9,1,-1,-1,-1
117,3,338,192,15,7,1,-1,-1,-1
117,4,347,204,9,10,1,-1,-1,-1
117,5,540,278,4,4,1,-1,-1,-1
117,6,547,278,6,5,1,-1,-1,-1
117,7,528,283,36,22,1,-1,-1,-1
117,8,528,309,34,25,1,-1,-1,-1
118,1,349,184,4,5,1,-1,-1,-1
118,2,343,188,9,8,1,-1,-1,-1
118,3,357,189,13,9,1,-1,-1,-1
118,4,99,190,3,3,1,-1,-1,-1
118,5,352,204,3,3,1,-1,-1,-1
118,6,350,208,3,3,1,-1,-1,-1
118,7,171,241,5,3,1,-1,-1,-1
118,8,185,241,4,3,1,-1,-1,-1
118,10,528,318,35,24,1,-1,-1,-1
118,11,540,331,3,9,1,-1,-1,-1
119,1,354,171,3,3,1,-1,-1,-1
119,2,349,183,4,6,1,-1,-1,-1
119,3,342,188,10,7,1,-1,-1,-1
119,4,357,188,14,8,1,-1,-1,-1
119,5,349,202,6,8,1,-1,-1,-1
119,6,539,295,5,4,1,-1,-1,-1
119,7,547,295,5,4,1,-1,-1,-1
119,8,529,300,33,22,1,-1,-1,-1
119,9,528,327,32,25,1,-1,-1,-1
120,1,349,182,4,6,1,-1,-1,-1
120,2,341,187,11,8,1,-1,-1,-1
120,3,357,186,11,9,1,-1,-1,-1
120,4,16,190,3,3,1,-1,-1,-1
120,5,97,191,5,3,1,-1,-1,-1
120,6,186,199,3,3,1,-1,-1,-1
120,7,352,201,3,4,1,-1,-1,-1
120,8,344,205,3,5,1,-1,-1,-1
120,9,348,206,5,3,1,-1,-1,-1
120,10,539,303,5,4,1,-1,-1,-1
120,11,547,303,5,5,1,-1,-1,-1
120,12,528,308,35,22,1,-1,-1,-1
120,13,528,335,28,25,1,-1,-1,-1
120,14,558,335,5,4,1,-1,-1,-1
121,1,353,170,3,3,1,-1,-1,-1
121,2,341,181,12,13,1,-1,-1,-1
121,3,357,186,14,10,1,-1,-1,-1
121,4,352,200,3,4,1,-1,-1,-1
121,5,348,205,5,3,1,-1,-1,-1
121,6,539,312,5,4,1,-1,-1,-1
121,7,547,312,4,4,1,-1,-1,-1
121,8,528,317,32,22,1,-1,-1,-1
121,9,528,343,31,25,1,-1,-1,-1
122,1,350,181,3,4,1,-1,-1,-1
122,2,343,184,9,8,1,-1,-1,-1
122,3,357,185,14,10,1,-1,-1,-1
122,4,352,199,3,3,1,-1,-1,-1
122,5,346,201,7,6,1,-1,-1,-1
122,6,539,320,4,4,1,-1,-1,-1
122,7,547,320,5,4,1,-1,-1,-1
122,8,528,325,35,22,1,-1,-1,-1
122,9,527,351,36,25,1,-1,-1,-1
122,10,184,468,3,3,1,-1,-1,-1
122,11,193,512,3,4,1,-1,-1,-1
122,12,205,513,3,3,1,-1,-1,-1
123,1,349,180,4,5,1,-1,-1,-1
123,2,341,184,11,8,1,-1,-1,-1
123,3,357,184,14,8,1,-1,-1,-1
123,4,99,192,3,3,1,-1,-1,-1
123,5,349,199,5,3,1,-1,-1,-1
123,6,348,203,5,3,1,-1,-1,-1
123,7,539,328,4,4,1,-1,-1,-1
123,8,546,329,4,4,1,-1,-1,-1
123,9,528,333,34,23,1,-1,-1,-1
123,10,112,340,4,3,1,-1,-1,-1
123,11,526,360,37,26,1,-1,-1,-1
123,12,120,567,3,3,1,-1,-1,-1
124,1,353,167,3,3,1,-1,-1,-1
124,2,350,179,3,4,1,-1,-1,-1
124,3,342,183,10,7,1,-1,-1,-1
124,4,357,183,14,10,1,-1,-1,-1
124,5,339,189,3,3,1,-1,-1,-1
124,6,352,197,3,4,1,-1,-1,-1
124,7,348,202,5,3,1,-1,-1,-1
124,8,527,336,36,28,1,-1,-1,-1
124,9,546,337,5,5,1,-1,-1,-1
124,10,526,368,37,26,1,-1,-1,-1
124,11,538,381,4,11,1,-1,-1,-1
124,12,185,514,3,3,1,-1,-1,-1
125,1,350,178,3,4,1,-1,-1,-1
125,2,339,181,14,10,1,-1,-1,-1
125,3,362,182,3,3,1,-1,-1,-1
125,4,357,185,9,5,1,-1,-1,-1
125,5,368,185,3,3,1,-1,-1,-1
125,6,351,196,5,4,1,-1,-1,-1
125,7,348,201,6,3,1,-1,-1,-1
125,8,168,242,5,3,1,-1,-1,-1
125,9,538,345,4,4,1,-1,-1,-1
125,10,546,346,4,4,1,-1,-1,-1
125,11,526,350,36,22,1,-1,-1,-1
125,12,526,376,34,26,1,-1,-1,-1
126,1,353,165,4,3,1,-1,-1,-1
126,2,341,178,12,11,1,-1,-1,-1
126,3,357,181,12,9,1,-1,-1,-1
126,4,351,196,3,3,1,-1,-1,-1
126,5,348,200,5,3,1,-1,-1,-1
126,6,538,353,4,4,1,-1,-1,-1
126,7,545,354,5,4,1,-1,-1,-1
126,8,526,358,36,22,1,-1,-1,-1
126,9,525,385,36,25,1,-1,-1,-1
127,1,354,163,3,4,1,-1,-1,-1
127,2,348,175,5,6,1,-1,-1,-1
127,3,342,180,10,8,1,-1,-1,-1
127,4,357,180,14,8,1,-1,-1,-1
127,5,337,187,3,3,1,-1,-1,-1
127,6,368,187,3,3,1,-1,-1,-1
127,7,348,194,7,8,1,-1,-1,-1
127,8,110,328,5,3,1,-1,-1,-1
127,9,110,342,5,5,1,-1,-1,-1
127,10,538,362,4,4,1,-1,-1,-1
127,11,545,362,6,5,1,-1,-1,-1
127,12,526,367,34,22,1,-1,-1,-1
127,13,525,393,35,26,1,-1,-1,-1
128,1,353,163,3,3,1,-1,-1,-1
128,2,350,176,3,3,1,-1,-1,-1
128,3,339,178,13,10,1,-1,-1,-1
128,4,357,179,12,8,1,-1,-1,-1
128,5,351,193,4,4,1,-1,-1,-1
128,6,348,198,5,3,1,-1,-1,-1
128,7,538,370,4,4,1,-1,-1,-1
128,8,545,371,4,4,1,-1,-1,-1
128,9,525,375,36,23,1,-1,-1,-1
128,10,525,402,36,26,1,-1,-1,-1
128,11,538,415,3,11,1,-1,-1,-1
128,12,38,452,3,3,1,-1,-1,-1
129,1,353,162,3,3,1,-1,-1,-1
129,2,348,173,5,5,1,-1,-1,-1
129,3,342,177,11,9,1,-1,-1,-1
129,4,357,178,11,9,1,-1,-1,-1
129,5,352,192,4,4,1,-1,-1,-1
129,6,348,197,4,3,1,-1,-1,-1
129,7,538,379,3,3,1,-1,-1,-1
129,8,545,379,5,4,1,-1,-1,-1
129,9,525,384,35,23,1,-1,-1,-1
129,10,525,410,27,26,1,-1,-1,-1
129,11,555,413,3,3,1,-1,-1,-1
129,12,179,469,5,3,1,-1,-1,-1
130,1,353,161,3,3,1,-1,-1,-1
130,2,343,177,4,3,1,-1,-1,-1
130,3,357,177,9,8,1,-1,-1,-1
130,4,339,180,13,6,1,-1,-1,-1
130,5,348,196,5,3,1,-1,-1,-1
130,6,169,201,5,3,1,-1,-1,-1
130,7,185,243,3,3,1,-1,-1,-1
130,8,111,329,3,3,1,-1,-1,-1
130,9,537,387,4,4,1,-1,-1,-1
130,10,525,388,34,27,1,-1,-1,-1
130,11,525,419,34,25,1,-1,-1,-1
130,12,84,481,3,3,1,-1,-1,-1
130,13,188,515,4,3,1,-1,-1,-1
131,1,349,172,4,5,1,-1,-1,-1
131,2,342,176,10,7,1,-1,-1,-1
131,3,358,176,8,8,1,-1,-1,-1
131,4,368,179,3,3,1,-1,-1,-1
131,5,367,183,3,3,1,-1,-1,-1
131,6,351,191,3,3,1,-1,-1,-1
131,7,349,195,4,3,1,-1,-1,-1
131,8,168,201,3,3,1,-1,-1,-1
131,9,537,396,4,4,1,-1,-1,-1
131,10,525,397,27,26,1,-1,-1,-1
131,11,538,407,3,3,1,-1,-1,-1
131,12,554,412,6,4,1,-1,-1,-1
131,13,524,428,37,26,1,-1,-1,-1
131,14,122,572,3,3,1,-1,-1,-1
132,1,348,170,5,5,1,-1,-1,-1
132,2,342,175,10,7,1,-1,-1,-1
132,3,357,175,14,10,1,-1,-1,-1
132,4,339,181,3,3,1,-1,-1,-1
132,5,351,189,4,4,1,-1,-1,-1
132,6,348,194,5,3,1,-1,-1,-1
132,7,110,330,5,3,1,-1,-1,-1
132,8,544,405,5,5,1,-1,-1,-1
132,9,525,410,35,22,1,-1,-1,-1
132,10,524,436,37,27,1,-1,-1,-1
132,11,77,481,3,3,1,-1,-1,-1
133,1,349,170,4,4,1,-1,-1,-1
133,2,339,174,13,9,1,-1,-1,-1
133,3,358,174,13,10,1,-1,-1,-1
133,4,351,188,3,4,1,-1,-1,-1
133,5,348,193,5,3,1,-1,-1,-1
133,6,537,413,4,4,1,-1,-1,-1
133,7,544,414,4,4,1,-1,-1,-1
133,8,525,418,34,23,1,-1,-1,-1
133,9,524,445,34,26,1,-1,-1,-1
134,1,350,169,3,5,1,-1,-1,-1
134,2,344,173,3,3,1,-1,-1,-1
134,3,357,173,11,9,1,-1,-1,-1
134,4,345,176,7,4,1,-1,-1,-1
134,5,349,192,4,3,1,-1,-1,-1
134,6,77,242,4,3,1,-1,-1,-1
134,7,537,422,3,3,1,-1,-1,-1
134,8,544,422,5,5,1,-1,-1,-1
134,9,524,427,37,22,1,-1,-1,-1
134,10,524,454,35,25,1,-1,-1,-1
135,1,353,156,3,3,1,-1,-1,-1
135,2,349,168,4,5,1,-1,-1,-1
135,3,342,173,10,7,1,-1,-1,-1
135,4,357,172,14,9,1,-1,-1,-1
135,5,337,179,4,3,1,-1,-1,-1
135,6,352,186,3,4,1,-1,-1,-1
135,7,348,191,4,3,1,-1,-1,-1
135,8,537,431,3,3,1,-1,-1,-1
135,9,543,431,5,4,1,-1,-1,-1
135,10,524,435,36,23,1,-1,-1,-1
135,11,537,442,3,3,1,-1,-1,-1
135,12,524,462,36,26,1,-1,-1,-1
136,1,353,155,3,3,1,-1,-1,-1
136,2,349,167,3,5,1,-1,-1,-1
136,3,356,168,3,3,1,-1,-1,-1
136,4,342,171,10,8,1,-1,-1,-1
136,5,357,171,11,9,1,-1,-1,-1
136,6,338,174,3,3,1,-1,-1,-1
136,7,352,186,3,3,1,-1,-1,-1
136,8,348,190,4,3,1,-1,-1,-1
136,9,536,439,4,4,1,-1,-1,-1
136,10,543,440,5,4,1,-1,-1,-1
136,11,524,444,35,24,1,-1,-1,-1
136,12,523,471,37,26,1,-1,-1,-1
136,13,536,484,3,10,1,-1,-1,-1
137,1,350,152,3,3,1,-1,-1,-1
137,2,354,154,3,3,1,-1,-1,-1
137,3,338,168,14,11,1,-1,-1,-1
137,4,357,170,13,10,1,-1,-1,-1
137,5,351,184,3,4,1,-1,-1,-1
137,6,348,189,5,3,1,-1,-1,-1
137,7,536,448,4,4,1,-1,-1,-1
137,8,543,448,6,4,1,-1,-1,-1
137,9,524,453,36,22,1,-1,-1,-1
137,10,537,476,3,3,1,-1,-1,-1
137,11,523,480,35,25,1,-1,-1,-1
137,12,536,492,3,12,1,-1,-1,-1
138,1,348,164,5,6,1,-1,-1,-1
138,2,342,169,10,8,1,-1,-1,-1
138,3,358,169,12,8,1,-1,-1,-1
138,4,338,172,3,3,1,-1,-1,-1
138,5,337,176,3,3,1,-1,-1,-1
138,6,368,176,3,3,1,-1,-1,-1
138,7,351,183,4,4,1,-1,-1,-1
138,8,348,188,4,3,1,-1,-1,-1
138,9,535,456,4,4,1,-1,-1,-1
138,10,543,457,5,4,1,-1,-1,-1
138,11,524,462,36,22,1,-1,-1,-1
138,12,551,488,9,5,1,-1,-1,-1
138,13,526,490,26,24,1,-1,-1,-1
139,1,353,152,4,3,1,-1,-1,-1
139,2,349,165,3,4,1,-1,-1,-1
139,3,356,165,3,3,1,-1,-1,-1
139,4,342,168,10,8,1,-1,-1,-1
139,5,358,168,13,9,1,-1,-1,-1
139,6,337,175,4,3,1,-1,-1,-1
139,7,348,181,7,9,1,-1,-1,-1
139,8,542,465,6,5,1,-1,-1,-1
139,9,523,470,25,23,1,-1,-1,-1
139,10,546,481,12,6,1,-1,-1,-1
139,11,523,497,36,26,1,-1,-1,-1
140,1,349,163,3,5,1,-1,-1,-1
140,2,340,167,12,9,1,-1,-1,-1
140,3,357,167,14,10,1,-1,-1,-1
140,4,348,181,7,8,1,-1,-1,-1
140,5,542,474,6,5,1,-1,-1,-1
140,6,527,479,25,23,1,-1,-1,-1
140,7,547,489,5,3,1,-1,-1,-1
140,8,556,489,3,3,1,-1,-1,-1
140,9,529,506,30,26,1,-1,-1,-1
141,1,8,136,3,3,1,-1,-1,-1
141,2,353,150,3,3,1,-1,-1,-1
141,3,349,163,4,4,1,-1,-1,-1
141,4,339,167,13,8,1,-1,-1,-1
141,5,357,166,14,10,1,-1,-1,-1
141,6,336,173,3,3,1,-1,-1,-1
141,7,350,181,4,3,1,-1,-1,-1
141,8,348,185,5,3,1,-1,-1,-1
141,9,542,483,6,5,1,-1,-1,-1
141,10,523,487,36,23,1,-1,-1,-1
141,11,546,498,3,3,1,-1,-1,-1
141,12,522,515,33,26,1,-1,-1,-1
141,13,534,527,4,11,1,-1,-1,-1
142,1,353,149,3,3,1,-1,-1,-1
142,2,349,161,4,5,1,-1,-1,-1
142,3,339,165,13,9,1,-1,-1,-1
142,4,357,165,11,9,1,-1,-1,-1
142,5,349,179,6,4,1,-1,-1,-1
142,6,348,184,4,3,1,-1,-1,-1
142,7,542,492,5,4,1,-1,-1,-1
142,8,528,497,23,22,1,-1,-1,-1
142,9,546,506,13,6,1,-1,-1,-1
142,10,537,520,3,3,1,-1,-1,-1
142,11,522,524,36,25,1,-1,-1,-1
143,1,177,150,3,3,1,-1,-1,-1
143,2,349,158,4,7,1,-1,-1,-1
143,3,342,164,10,8,1,-1,-1,-1
143,4,357,164,13,10,1,-1,-1,-1
143,5,336,171,3,3,1,-1,-1,-1
143,6,350,178,6,4,1,-1,-1,-1
143,7,349,183,4,3,1,-1,-1,-1
143,8,172,251,3,3,1,-1,-1,-1
143,9,535,500,3,3,1,-1,-1,-1
143,10,542,501,4,3,1,-1,-1,-1
143,11,538,504,3,3,1,-1,-1,-1
143,12,522,508,35,20,1,-1,-1,-1
143,13,524,533,32,25,1,-1,-1,-1
144,1,349,160,3,4,1,-1,-1,-1
144,2,358,163,12,10,1,-1,-1,-1
144,3,342,166,11,5,1,-1,-1,-1
144,4,351,177,3,4,1,-1,-1,-1
144,5,349,182,3,3,1,-1,-1,-1
144,6,541,509,6,5,1,-1,-1,-1
144,7,522,514,36,23,1,-1,-1,-1
144,8,522,541,36,26,1,-1,-1,-1
145,1,0,130,2,3,1,-1,-1,-1
145,2,51,149,3,3,1,-1,-1,-1
145,3,358,157,3,3,1,-1,-1,-1
145,4,349,158,3,5,1,-1,-1,-1
145,5,344,162,4,3,1,-1,-1,-1
145,6,360,162,4,3,1,-1,-1,-1
145,7,349,165,4,4,1,-1,-1,-1
145,8,342,166,6,4,1,-1,-1,-1
145,9,360,166,7,5,1,-1,-1,-1
145,10,351,176,3,4,1,-1,-1,-1
145,11,348,181,4,3,1,-1,-1,-1
145,12,32,264,3,3,1,-1,-1,-1
145,13,108,275,3,3,1,-1,-1,-1
145,14,37,316,3,4,1,-1,-1,-1
145,15,37,448,3,3,1,-1,-1,-1
145,16,49,454,3,3,1,-1,-1,-1
145,17,541,518,5,4,1,-1,-1,-1
145,18,524,523,32,23,1,-1,-1,-1
145,19,536,546,3,4,1,-1,-1,-1
145,20,521,550,36,26,1,-1,-1,-1
145,21,533,562,4,11,1,-1,-1,-1
146,1,349,157,4,5,1,-1,-1,-1
146,2,340,161,11,9,1,-1,-1,-1
146,3,356,161,10,8,1,-1,-1,-1
146,4,367,168,3,3,1,-1,-1,-1
146,5,347,177,6,6,1,-1,-1,-1
146,6,33,216,3,3,1,-1,-1,-1
146,7,32,254,3,6,1,-1,-1,-1
146,8,72,504,3,4,1,-1,-1,-1
146,9,215,518,3,3,1,-1,-1,-1
146,10,182,527,3,3,1,-1,-1,-1
146,11,541,527,5,4,1,-1,-1,-1
146,12,524,533,31,21,1,-1,-1,-1
146,14,541,558,3,4,1,-1,-1,-1
147,1,50,129,4,3,1,-1,-1,-1
147,2,352,144,4,3,1,-1,-1,-1
147,3,51,147,3,4,1,-1,-1,-1
147,4,176,148,4,9,1,-1,-1,-1
147,5,351,148,3,4,1,-1,-1,-1
147,6,350,157,3,4,1,-1,-1,-1
147,7,340,159,13,11,1,-1,-1,-1
147,8,356,160,14,10,1,-1,-1,-1
147,9,348,175,3,3,1,-1,-1,-1
147,10,349,179,5,3,1,-1,-1,-1
147,11,31,307,3,3,1,-1,-1,-1
147,12,27,440,3,7,1,-1,-1,-1
147,13,49,451,3,5,1,-1,-1,-1
147,14,26,468,3,8,1,-1,-1,-1
147,15,26,479,3,6,1,-1,-1,-1
147,16,72,487,4,5,1,-1,-1,-1
147,17,72,496,3,3,1,-1,-1,-1
147,18,541,536,4,4,1,-1,-1,-1
147,19,522,543,35,19,1,-1,-1,-1
147,20,522,568,30,25,1,-1,-1,-1
147,21,533,580,4,12,1,-1,-1,-1
148,1,353,143,3,3,1,-1,-1,-1
148,2,349,156,3,4,1,-1,-1,-1
148,3,342,159,10,8,1,-1,-1,-1
148,4,358,159,12,10,1,-1,-1,-1
148,5,350,173,4,4,1,-1,-1,-1
148,6,348,178,4,3,1,-1,-1,-1
148,7,170,247,4,3,1,-1,-1,-1
148,8,32,256,3,4,1,-1,-1,-1
148,9,30,344,3,5,1,-1,-1,-1
148,10,36,348,3,3,1,-1,-1,-1
148,11,30,356,3,3,1,-1,-1,-1
148,13,35,369,3,3,1,-1,-1,-1
148,14,35,374,3,10,1,-1,-1,-1
148,15,28,388,4,14,1,-1,-1,-1
148,16,28,411,3,3,1,-1,-1,-1
148,17,34,416,3,5,1,-1,-1,-1
148,18,34,424,3,3,1,-1,-1,-1
148,19,72,504,3,4,1,-1,-1,-1
148,20,182,527,3,3,1,-1,-1,-1
148,21,540,545,4,4,1,-1,-1,-1
148,22,521,551,37,21,1,-1,-1,-1
148,23,533,572,3,3,1,-1,-1,-1
148,24,522,577,32,23,1,-1,-1,-1
149,1,53,125,3,3,1,-1,-1,-1
149,2,356,153,12,14,1,-1,-1,-1
149,3,342,158,10,8,1,-1,-1,-1
149,4,348,172,7,8,1,-1,-1,-1
149,5,32,264,3,3,1,-1,-1,-1
149,6,38,269,3,3,1,-1,-1,-1
149,7,38,279,3,5,1,-1,-1,-1
149,8,32,281,3,3,1,-1,-1,-1
149,9,100,280,3,3,1,-1,-1,-1
149,10,81,283,3,4,1,-1,-1,-1
149,11,89,285,3,3,1,-1,-1,-1
149,12,85,291,3,4,1,-1,-1,-1
149,13,31,295,3,4,1,-1,-1,-1
149,14,31,304,3,9,1,-1,-1,-1
149,15,37,304,3,8,1,-1,-1,-1
149,16,37,316,3,7,1,-1,-1,-1
149,17,30,325,3,5,1,-1,-1,-1
149,18,541,554,3,3,1,-1,-1,-1
149,20,534,564,3,3,1,-1,-1,-1
149,21,553,569,3,3,1,-1,-1,-1
149,22,533,598,3,2,1,-1,-1,-1
150,1,340,152,13,14,1,-1,-1,-1
150,2,357,157,9,8,1,-1,-1,-1
150,3,367,164,3,3,1,-1,-1,-1
150,4,350,171,7,4,1,-1,-1,-1
150,5,348,176,6,3,1,-1,-1,-1
150,6,18,190,3,3,1,-1,-1,-1
150,7,33,217,3,9,1,-1,-1,-1
150,9,33,231,3,7,1,-1,-1,-1
150,10,72,500,4,8,1,-1,-1,-1
150,11,182,526,3,4,1,-1,-1,-1
150,12,541,563,4,4,1,-1,-1,-1
150,13,522,569,32,21,1,-1,-1,-1
150,14,535,590,3,3,1,-1,-1,-1
150,15,520,594,36,6,1,-1,-1,-1
151,1,352,139,4,5,1,-1,-1,-1
151,2,338,152,15,13,1,-1,-1,-1
151,3,356,156,15,10,1,-1,-1,-1
151,4,348,175,5,4,1,-1,-1,-1
151,5,104,286,3,3,1,-1,-1,-1
151,6,539,571,5,5,1,-1,-1,-1
151,7,520,576,37,23,1,-1,-1,-1
152,1,353,139,3,3,1,-1,-1,-1
152,2,349,152,3,4,1,-1,-1,-1
152,3,356,152,3,3,1,-1,-1,-1
152,4,339,155,13,9,1,-1,-1,-1
152,5,357,155,13,9,1,-1,-1,-1
152,6,351,169,4,4,1,-1,-1,-1
152,7,348,174,4,3,1,-1,-1,-1
152,8,37,449,5,3,1,-1,-1,-1
152,9,44,449,3,3,1,-1,-1,-1
152,10,48,449,3,3,1,-1,-1,-1
152,11,161,473,5,3,1,-1,-1,-1
152,12,88,485,3,3,1,-1,-1,-1
152,13,531,579,5,4,1,-1,-1,-1
152,14,539,580,5,5,1,-1,-1,-1
152,15,520,584,22,16,1,-1,-1,-1
152,16,546,595,10,5,1,-1,-1,-1
153,1,861,38,3,3,1,-1,-1,-1
153,2,353,138,3,3,1,-1,-1,-1
153,3,348,149,3,3,1,-1,-1,-1
153,4,356,151,3,3,1,-1,-1,-1
153,5,357,153,13,10,1,-1,-1,-1
153,6,341,154,11,8,1,-1,-1,-1
153,7,336,161,3,3,1,-1,-1,-1
153,8,350,167,5,5,1,-1,-1,-1
153,9,348,173,5,4,1,-1,-1,-1
153,10,36,328,3,4,1,-1,-1,-1
153,11,36,334,3,6,1,-1,-1,-1
153,12,0,386,2,3,1,-1,-1,-1
153,13,531,588,3,3,1,-1,-1,-1
153,14,539,589,5,5,1,-1,-1,-1
153,15,533,593,9,7,1,-1,-1,-1
154,1,353,137,3,3,1,-1,-1,-1
154,2,348,148,4,6,1,-1,-1,-1
154,3,356,148,6,5,1,-1,-1,-1
154,4,339,153,13,9,1,-1,-1,-1
154,5,357,153,12,9,1,-1,-1,-1
154,6,367,160,3,3,1,-1,-1,-1
154,7,350,167,4,4,1,-1,-1,-1
154,8,348,172,4,3,1,-1,-1,-1
154,9,31,280,3,4,1,-1,-1,-1
154,10,31,291,3,3,1,-1,-1,-1
154,11,37,290,3,6,1,-1,-1,-1
154,12,532,597,4,3,1,-1,-1,-1
154,13,539,597,7,3,1,-1,-1,-1
155,1,352,136,4,3,1,-1,-1,-1
155,2,349,148,4,5,1,-1,-1,-1
155,3,341,152,10,8,1,-1,-1,-1
155,4,357,152,9,9,1,-1,-1,-1
155,5,176,158,3,3,1,-1,-1,-1
155,6,367,159,3,3,1,-1,-1,-1
155,7,348,171,3,3,1,-1,-1,-1
155,8,159,478,3,3,1,-1,-1,-1
155,9,106,534,3,3,1,-1,-1,-1
156,1,48,138,3,3,1,-1,-1,-1
156,2,339,150,13,10,1,-1,-1,-1
156,3,356,151,14,10,1,-1,-1,-1
156,4,49,157,4,3,1,-1,-1,-1
156,5,176,160,4,3,1,-1,-1,-1
156,6,351,166,4,3,1,-1,-1,-1
156,7,348,170,4,3,1,-1,-1,-1
156,8,355,173,3,3,1,-1,-1,-1
156,9,33,443,3,3,1,-1,-1,-1
156,10,40,450,3,3,1,-1,-1,-1
156,11,48,450,4,5,1,-1,-1,-1
156,12,36,457,4,4,1,-1,-1,-1
157,1,353,134,3,3,1,-1,-1,-1
157,2,348,146,4,5,1,-1,-1,-1
157,3,336,150,16,10,1,-1,-1,-1
157,4,357,150,14,11,1,-1,-1,-1
157,5,347,165,8,8,1,-1,-1,-1
158,1,348,144,4,6,1,-1,-1,-1
158,2,356,146,3,3,1,-1,-1,-1
158,3,342,149,10,7,1,-1,-1,-1
158,4,357,149,14,9,1,-1,-1,-1
158,5,336,155,7,4,1,-1,-1,-1
158,6,350,163,5,4,1,-1,-1,-1
158,7,348,168,4,3,1,-1,-1,-1
158,8,169,248,3,3,1,-1,-1,-1
159,1,353,132,3,3,1,-1,-1,-1
159,2,356,145,3,3,1,-1,-1,-1
159,3,349,146,3,3,1,-1,-1,-1
159,4,339,148,13,9,1,-1,-1,-1
159,5,357,148,12,10,1,-1,-1,-1
159,6,350,162,4,4,1,-1,-1,-1
159,7,348,167,4,3,1,-1,-1,-1
160,1,349,130,7,5,1,-1,-1,-1
160,2,349,143,4,5,1,-1,-1,-1
160,3,338,147,13,8,1,-1,-1,-1
160,4,357,147,10,9,1,-1,-1,-1
160,5,336,154,3,3,1,-1,-1,-1
160,6,348,162,7,3,1,-1,-1,-1
160,7,348,166,5,4,1,-1,-1,-1
161,1,352,129,4,4,1,-1,-1,-1
161,2,349,142,4,5,1,-1,-1,-1
161,3,336,146,15,10,1,-1,-1,-1
161,4,356,146,15,10,1,-1,-1,-1
161,5,346,159,9,9,1,-1,-1,-1
161,6,163,249,4,3,1,-1,-1,-1
161,7,183,248,7,4,1,-1,-1,-1
162,1,348,140,4,6,1,-1,-1,-1
162,2,357,141,3,3,1,-1,-1,-1
162,3,336,145,16,10,1,-1,-1,-1
162,4,356,145,15,10,1,-1,-1,-1
162,5,351,159,3,4,1,-1,-1,-1
162,6,348,164,5,4,1,-1,-1,-1
162,7,182,521,3,3,1,-1,-1,-1
163,1,176,126,3,3,1,-1,-1,-1
163,2,353,128,3,4,1,-1,-1,-1
163,3,349,140,3,5,1,-1,-1,-1
163,4,339,144,13,9,1,-1,-1,-1
163,5,357,144,10,9,1,-1,-1,-1
163,6,368,148,3,3,1,-1,-1,-1
163,7,348,159,6,7,1,-1,-1,-1
163,8,42,458,5,3,1,-1,-1,-1
163,9,179,480,3,3,1,-1,-1,-1
164,1,353,127,3,3,1,-1,-1,-1
164,2,349,140,4,3,1,-1,-1,-1
164,3,356,143,15,10,1,-1,-1,-1
164,4,339,144,13,8,1,-1,-1,-1
164,5,351,157,5,4,1,-1,-1,-1
164,6,348,162,5,4,1,-1,-1,-1
165,1,352,126,3,4,1,-1,-1,-1
165,2,349,138,3,5,1,-1,-1,-1
165,3,339,142,13,9,1,-1,-1,-1
165,4,356,142,15,10,1,-1,-1,-1
165,5,349,157,4,3,1,-1,-1,-1
165,6,348,161,4,3,1,-1,-1,-1
165,7,135,588,3,3,1,-1,-1,-1
166,1,349,138,3,4,1,-1,-1,-1
166,2,340,141,12,7,1,-1,-1,-1
166,3,356,141,15,9,1,-1,-1,-1
166,4,350,154,4,5,1,-1,-1,-1
166,5,348,160,3,3,1,-1,-1,-1
167,1,348,135,4,6,1,-1,-1,-1
167,2,341,140,11,8,1,-1,-1,-1
167,3,357,140,10,9,1,-1,-1,-1
167,4,368,144,3,3,1,-1,-1,-1
167,5,336,147,3,3,1,-1,-1,-1
167,6,350,154,5,4,1,-1,-1,-1
167,7,348,159,5,4,1,-1,-1,-1
167,8,165,208,3,3,1,-1,-1,-1
168,1,353,123,4,3,1,-1,-1,-1
168,2,349,135,3,5,1,-1,-1,-1
168,3,357,135,3,3,1,-1,-1,-1
168,4,340,139,11,9,1,-1,-1,-1
168,5,356,139,15,9,1,-1,-1,-1
168,6,335,143,4,6,1,-1,-1,-1
168,7,368,147,3,3,1,-1,-1,-1
168,8,351,154,3,3,1,-1,-1,-1
168,9,348,158,5,4,1,-1,-1,-1
168,10,147,598,3,2,1,-1,-1,-1
169,1,349,120,7,8,1,-1,-1,-1
169,2,349,134,4,5,1,-1,-1,-1
169,3,337,138,15,10,1,-1,-1,-1
169,4,356,138,11,9,1,-1,-1,-1
169,5,368,142,3,3,1,-1,-1,-1
169,6,351,153,4,3,1,-1,-1,-1
169,7,348,157,5,4,1,-1,-1,-1
169,8,147,598,3,2,1,-1,-1,-1
170,1,353,121,3,3,1,-1,-1,-1
170,2,348,132,3,3,1,-1,-1,-1
170,3,357,133,3,3,1,-1,-1,-1
170,4,338,137,14,10,1,-1,-1,-1
170,5,356,137,15,9,1,-1,-1,-1
170,6,350,151,5,4,1,-1,-1,-1
170,7,348,156,5,4,1,-1,-1,-1
170,8,42,459,4,3,1,-1,-1,-1
170,9,136,591,3,3,1,-1,-1,-1
171,1,352,120,4,4,1,-1,-1,-1
171,2,348,132,4,5,1,-1,-1,-1
171,3,357,132,3,3,1,-1,-1,-1
171,4,337,136,15,10,1,-1,-1,-1
171,5,356,136,15,11,1,-1,-1,-1
171,6,348,150,8,9,1,-1,-1,-1
172,1,352,119,5,4,1,-1,-1,-1
172,2,349,131,4,6,1,-1,-1,-1
172,3,356,132,3,3,1,-1,-1,-1
172,4,336,135,16,10,1,-1,-1,-1
172,5,356,135,13,9,1,-1,-1,-1
172,6,348,150,7,7,1,-1,-1,-1
172,7,76,249,3,3,1,-1,-1,-1
173,1,353,118,3,4,1,-1,-1,-1
173,2,339,130,13,13,1,-1,-1,-1
173,3,356,134,13,10,1,-1,-1,-1
173,4,348,149,6,8,1,-1,-1,-1
173,5,40,453,3,3,1,-1,-1,-1
173,6,35,460,3,3,1,-1,-1,-1
173,7,179,482,4,3,1,-1,-1,-1
174,1,352,117,4,4,1,-1,-1,-1
174,2,340,129,12,13,1,-1,-1,-1
174,3,356,133,11,9,1,-1,-1,-1
174,4,336,137,3,3,1,-1,-1,-1
174,5,350,147,5,4,1,-1,-1,-1
174,6,348,152,4,3,1,-1,-1,-1
175,1,352,116,3,3,1,-1,-1,-1
175,2,349,128,3,5,1,-1,-1,-1
175,3,357,128,3,3,1,-1,-1,-1
175,4,340,131,12,8,1,-1,-1,-1
175,5,356,132,15,10,1,-1,-1,-1
175,6,337,138,6,4,1,-1,-1,-1
175,7,348,146,7,9,1,-1,-1,-1
175,8,160,250,3,3,1,-1,-1,-1
176,1,353,115,3,3,1,-1,-1,-1
176,2,336,126,16,15,1,-1,-1,-1
176,3,356,131,11,9,1,-1,-1,-1
176,4,368,135,3,3,1,-1,-1,-1
176,5,350,145,3,4,1,-1,-1,-1
176,6,348,150,5,4,1,-1,-1,-1
177,1,353,113,3,4,1,-1,-1,-1
177,2,339,127,13,12,1,-1,-1,-1
177,3,356,130,15,9,1,-1,-1,-1
177,4,368,138,3,3,1,-1,-1,-1
177,5,348,144,7,8,1,-1,-1,-1
178,1,348,125,4,6,1,-1,-1,-1
178,2,338,129,14,8,1,-1,-1,-1
178,3,356,129,11,9,1,-1,-1,-1
178,4,368,133,3,3,1,-1,-1,-1
178,5,344,143,10,9,1,-1,-1,-1
178,6,77,489,3,3,1,-1,-1,-1
179,1,353,112,3,3,1,-1,-1,-1
179,2,349,124,4,6,1,-1,-1,-1
179,3,335,128,17,10,1,-1,-1,-1
179,4,356,128,12,10,1,-1,-1,-1
179,5,351,143,3,3,1,-1,-1,-1
179,6,350,148,3,3,1,-1,-1,-1
179,7,164,252,4,3,1,-1,-1,-1
179,8,184,524,3,3,1,-1,-1,-1
180,1,352,111,4,3,1,-1,-1,-1
180,2,348,124,4,4,1,-1,-1,-1
180,3,338,128,14,8,1,-1,-1,-1
180,4,356,128,13,9,1,-1,-1,-1
180,5,351,141,4,4,1,-1,-1,-1
180,6,348,146,3,3,1,-1,-1,-1
180,7,165,210,3,3,1,-1,-1,-1
181,1,352,111,4,3,1,-1,-1,-1
181,2,337,123,15,13,1,-1,-1,-1
181,3,356,127,12,9,1,-1,-1,-1
181,4,349,140,6,8,1,-1,-1,-1
181,5,42,461,3,3,1,-1,-1,-1
182,1,349,122,3,5,1,-1,-1,-1
182,2,340,124,12,10,1,-1,-1,-1
182,3,356,125,15,10,1,-1,-1,-1
182,4,336,130,3,5,1,-1,-1,-1
182,5,350,140,4,3,1,-1,-1,-1
182,6,348,144,5,4,1,-1,-1,-1
183,1,349,121,3,5,1,-1,-1,-1
183,2,342,124,10,8,1,-1,-1,-1
183,3,356,124,15,9,1,-1,-1,-1
183,4,337,131,3,3,1,-1,-1,-1
183,5,347,137,7,10,1,-1,-1,-1
183,6,171,253,3,3,1,-1,-1,-1
183,7,140,598,3,2,1,-1,-1,-1
184,1,353,107,3,3,1,-1,-1,-1
184,2,340,119,12,13,1,-1,-1,-1
184,3,356,120,3,3,1,-1,-1,-1
184,4,357,123,14,10,1,-1,-1,-1
184,5,335,128,4,5,1,-1,-1,-1
184,6,347,138,8,8,1,-1,-1,-1
184,7,39,455,3,3,1,-1,-1,-1
185,1,350,104,6,5,1,-1,-1,-1
185,2,356,117,5,3,1,-1,-1,-1
185,3,349,120,3,4,1,-1,-1,-1
185,4,337,122,14,9,1,-1,-1,-1
185,5,356,122,12,10,1,-1,-1,-1
185,6,346,136,9,9,1,-1,-1,-1
186,1,349,104,3,3,1,-1,-1,-1
186,2,338,117,14,13,1,-1,-1,-1
186,3,357,117,3,3,1,-1,-1,-1
186,4,356,121,15,10,1,-1,-1,-1
186,5,347,135,8,8,1,-1,-1,-1
186,6,142,598,4,2,1,-1,-1,-1
187,1,352,104,4,3,1,-1,-1,-1
187,2,348,116,4,5,1,-1,-1,-1
187,3,356,117,3,3,1,-1,-1,-1
187,4,337,120,14,10,1,-1,-1,-1
187,5,356,120,15,11,1,-1,-1,-1
187,6,351,135,4,4,1,-1,-1,-1
187,7,346,140,6,3,1,-1,-1,-1
188,1,349,101,7,6,1,-1,-1,-1
188,2,348,115,4,5,1,-1,-1,-1
188,3,336,119,15,11,1,-1,-1,-1
188,4,356,120,13,8,1,-1,-1,-1
188,5,348,133,7,9,1,-1,-1,-1
189,1,352,102,4,4,1,-1,-1,-1
189,2,347,113,5,6,1,-1,-1,-1
189,3,357,114,3,3,1,-1,-1,-1
189,4,337,118,15,10,1,-1,-1,-1
189,5,356,118,17,9,1,-1,-1,-1
189,6,350,133,5,4,1,-1,-1,-1
189,7,347,138,6,3,1,-1,-1,-1
189,8,171,211,4,3,1,-1,-1,-1
189,9,164,253,3,4,1,-1,-1,-1
189,10,0,504,2,3,1,-1,-1,-1
190,1,353,101,3,3,1,-1,-1,-1
190,2,337,112,15,15,1,-1,-1,-1
190,3,356,117,15,10,1,-1,-1,-1
190,4,348,132,6,7,1,-1,-1,-1
190,5,188,526,3,3,1,-1,-1,-1
191,1,343,112,9,12,1,-1,-1,-1
191,2,357,112,3,3,1,-1,-1,-1
191,3,356,116,12,10,1,-1,-1,-1
191,4,337,119,7,7,1,-1,-1,-1
191,5,348,130,8,8,1,-1,-1,-1
191,6,35,456,5,3,1,-1,-1,-1
191,7,43,463,4,3,1,-1,-1,-1
192,1,352,100,3,3,1,-1,-1,-1
192,2,348,111,4,6,1,-1,-1,-1
192,3,340,115,12,9,1,-1,-1,-1
192,4,356,115,14,11,1,-1,-1,-1
192,5,336,119,3,3,1,-1,-1,-1
192,6,349,130,4,3,1,-1,-1,-1
192,7,347,135,5,3,1,-1,-1,-1
192,8,165,254,3,3,1,-1,-1,-1
192,9,79,492,4,3,1,-1,-1,-1
193,1,352,99,4,3,1,-1,-1,-1
193,2,338,110,14,14,1,-1,-1,-1
193,3,357,110,3,3,1,-1,-1,-1
193,4,356,115,12,9,1,-1,-1,-1
193,5,348,129,7,8,1,-1,-1,-1
193,6,354,136,3,3,1,-1,-1,-1
193,7,166,212,4,3,1,-1,-1,-1
194,1,352,96,4,4,1,-1,-1,-1
194,2,357,109,3,3,1,-1,-1,-1
194,3,337,110,15,13,1,-1,-1,-1
194,4,356,113,12,10,1,-1,-1,-1
194,5,344,127,12,10,1,-1,-1,-1
195,1,352,96,4,4,1,-1,-1,-1
195,2,348,108,4,6,1,-1,-1,-1
195,3,338,112,13,10,1,-1,-1,-1
195,4,356,113,12,9,1,-1,-1,-1
195,5,350,126,4,5,1,-1,-1,-1
195,6,347,132,6,3,1,-1,-1,-1
196,1,353,95,3,3,1,-1,-1,-1
196,2,340,108,12,12,1,-1,-1,-1
196,3,356,112,12,9,1,-1,-1,-1
196,4,336,119,3,3,1,-1,-1,-1
196,5,349,125,6,5,1,-1,-1,-1
196,6,347,131,5,3,1,-1,-1,-1
196,7,44,457,3,3,1,-1,-1,-1
197,1,352,94,4,4,1,-1,-1,-1
197,2,336,107,16,13,1,-1,-1,-1
197,3,357,106,3,3,1,-1,-1,-1
197,4,356,111,13,9,1,-1,-1,-1
197,5,347,124,9,9,1,-1,-1,-1
198,1,352,94,4,3,1,-1,-1,-1
198,2,357,105,3,3,1,-1,-1,-1
198,3,349,106,3,5,1,-1,-1,-1
198,4,336,109,15,11,1,-1,-1,-1
198,5,356,110,14,9,1,-1,-1,-1
198,6,350,124,5,4,1,-1,-1,-1
198,7,347,129,6,4,1,-1,-1,-1
198,8,174,154,3,3,1,-1,-1,-1
198,9,42,464,4,3,1,-1,-1,-1
198,10,77,493,5,3,1,-1,-1,-1
199,1,352,92,3,4,1,-1,-1,-1
199,2,348,104,4,6,1,-1,-1,-1
199,3,335,109,17,10,1,-1,-1,-1
199,4,356,109,12,9,1,-1,-1,-1
199,5,351,122,4,5,1,-1,-1,-1
200,1,352,91,4,4,1,-1,-1,-1
200,2,338,103,14,14,1,-1,-1,-1
200,3,357,103,3,3,1,-1,-1,-1
200,4,356,108,14,9,1,-1,-1,-1
200,5,350,121,5,5,1,-1,-1,-1
200,6,347,127,5,3,1,-1,-1,-1
201,1,352,91,4,3,1,-1,-1,-1
201,2,349,104,3,3,1,-1,-1,-1
201,3,355,104,3,3,1,-1,-1,-1
201,4,339,106,12,9,1,-1,-1,-1
201,5,356,107,13,10,1,-1,-1,-1
201,6,336,114,3,3,1,-1,-1,-1
201,7,350,120,5,5,1,-1,-1,-1
201,8,347,126,4,3,1,-1,-1,-1
202,1,349,88,7,5,1,-1,-1,-1
202,2,336,103,16,13,1,-1,-1,-1
202,3,356,106,14,9,1,-1,-1,-1
202,4,348,109,3,4,1,-1,-1,-1
202,5,350,120,5,4,1,-1,-1,-1
202,6,346,125,7,3,1,-1,-1,-1
202,7,117,197,3,3,1,-1,-1,-1
202,8,41,465,4,3,1,-1,-1,-1
203,1,352,89,4,3,1,-1,-1,-1
203,2,349,101,3,5,1,-1,-1,-1
203,3,357,105,13,9,1,-1,-1,-1
203,4,338,107,13,7,1,-1,-1,-1
203,5,351,118,3,5,1,-1,-1,-1
203,6,347,124,6,3,1,-1,-1,-1
203,7,356,127,3,3,1,-1,-1,-1
204,1,352,88,3,3,1,-1,-1,-1
204,2,355,99,5,5,1,-1,-1,-1
204,3,348,100,4,5,1,-1,-1,-1
204,4,336,105,10,9,1,-1,-1,-1
204,5,356,104,15,10,1,-1,-1,-1
204,6,347,107,4,4,1,-1,-1,-1
204,7,347,118,8,8,1,-1,-1,-1
204,8,169,219,4,3,1,-1,-1,-1
204,9,186,535,3,3,1,-1,-1,-1
205,1,357,98,3,3,1,-1,-1,-1
205,2,349,100,3,4,1,-1,-1,-1
205,3,356,102,14,10,1,-1,-1,-1
205,4,336,106,15,7,1,-1,-1,-1
205,5,348,117,8,4,1,-1,-1,-1
205,6,347,122,5,3,1,-1,-1,-1
206,1,352,85,4,4,1,-1,-1,-1
206,2,339,97,13,10,1,-1,-1,-1
206,3,357,102,13,10,1,-1,-1,-1
206,4,345,105,7,5,1,-1,-1,-1
206,5,335,108,6,4,1,-1,-1,-1
206,6,347,116,9,8,1,-1,-1,-1
207,1,352,84,4,4,1,-1,-1,-1
207,2,338,96,14,10,1,-1,-1,-1
207,3,355,96,5,5,1,-1,-1,-1
207,4,356,101,11,9,1,-1,-1,-1
207,5,338,104,13,6,1,-1,-1,-1
207,6,368,108,3,3,1,-1,-1,-1
207,7,347,115,7,8,1,-1,-1,-1
208,1,351,83,5,5,1,-1,-1,-1
208,2,344,96,8,6,1,-1,-1,-1
208,3,356,96,3,3,1,-1,-1,-1
208,4,356,100,15,10,1,-1,-1,-1
208,5,338,104,13,5,1,-1,-1,-1
208,6,350,114,4,4,1,-1,-1,-1
208,7,347,119,5,3,1,-1,-1,-1
209,1,353,83,3,3,1,-1,-1,-1
209,2,345,94,7,7,1,-1,-1,-1
209,3,356,99,13,9,1,-1,-1,-1
209,4,339,102,13,6,1,-1,-1,-1
209,5,351,113,4,4,1,-1,-1,-1
209,6,346,118,6,3,1,-1,-1,-1
209,7,172,148,3,3,1,-1,-1,-1
209,8,173,220,3,3,1,-1,-1,-1
209,9,40,466,6,3,1,-1,-1,-1
209,10,155,488,3,3,1,-1,-1,-1
210,1,349,79,7,6,1,-1,-1,-1
210,2,348,93,4,6,1,-1,-1,-1
210,3,357,93,3,3,1,-1,-1,-1
210,4,338,99,13,7,1,-1,-1,-1
210,5,356,98,11,9,1,-1,-1,-1
210,6,336,105,3,3,1,-1,-1,-1
210,7,350,112,5,4,1,-1,-1,-1
210,8,347,117,5,3,1,-1,-1,-1
210,9,37,460,4,3,1,-1,-1,-1
211,1,352,80,4,4,1,-1,-1,-1
211,2,347,92,5,6,1,-1,-1,-1
211,3,355,92,5,5,1,-1,-1,-1
211,4,341,96,6,5,1,-1,-1,-1
211,5,355,97,13,9,1,-1,-1,-1
211,6,345,101,5,4,1,-1,-1,-1
211,7,341,102,3,3,1,-1,-1,-1
211,8,346,111,8,8,1,-1,-1,-1
212,1,351,80,4,4,1,-1,-1,-1
212,2,347,91,5,6,1,-1,-1,-1
212,3,356,91,4,4,1,-1,-1,-1
212,4,356,96,12,9,1,-1,-1,-1
212,5,340,101,4,3,1,-1,-1,-1
212,6,347,100,3,3,1,-1,-1,-1
212,7,350,110,3,4,1,-1,-1,-1
212,8,347,115,5,3,1,-1,-1,-1
213,1,352,79,4,3,1,-1,-1,-1
213,2,348,91,4,5,1,-1,-1,-1
213,3,356,95,11,9,1,-1,-1,-1
213,4,340,96,4,3,1,-1,-1,-1
213,5,345,99,6,4,1,-1,-1,-1
213,6,341,100,3,3,1,-1,-1,-1
213,7,350,108,6,5,1,-1,-1,-1
213,8,345,112,7,5,1,-1,-1,-1
213,9,42,460,5,3,1,-1,-1,-1
214,1,351,77,5,5,1,-1,-1,-1
214,2,347,89,4,6,1,-1,-1,-1
214,3,355,91,3,3,1,-1,-1,-1
214,4,355,94,12,9,1,-1,-1,-1
214,5,347,97,4,4,1,-1,-1,-1
214,6,340,99,6,3,1,-1,-1,-1
214,7,368,101,3,3,1,-1,-1,-1
214,8,347,108,8,8,1,-1,-1,-1
215,1,352,76,4,4,1,-1,-1,-1
215,2,348,90,3,4,1,-1,-1,-1
215,3,356,93,14,10,1,-1,-1,-1
215,4,341,97,10,4,1,-1,-1,-1
215,5,347,107,8,10,1,-1,-1,-1
215,6,354,114,3,3,1,-1,-1,-1
215,7,119,206,3,3,1,-1,-1,-1
216,1,349,73,6,6,1,-1,-1,-1
216,2,348,88,4,5,1,-1,-1,-1
216,3,341,93,3,3,1,-1,-1,-1
216,4,355,92,13,9,1,-1,-1,-1
216,5,341,95,11,5,1,-1,-1,-1
216,6,350,106,4,4,1,-1,-1,-1
216,7,346,111,6,3,1,-1,-1,-1
216,8,175,482,3,3,1,-1,-1,-1
217,1,349,72,6,6,1,-1,-1,-1
217,2,355,86,5,5,1,-1,-1,-1
217,3,348,88,4,4,1,-1,-1,-1
217,4,342,91,3,3,1,-1,-1,-1
217,5,356,91,12,8,1,-1,-1,-1
217,6,339,95,11,5,1,-1,-1,-1
217,7,350,104,5,5,1,-1,-1,-1
217,8,347,110,5,3,1,-1,-1,-1
217,9,118,208,3,3,1,-1,-1,-1
217,10,168,259,3,3,1,-1,-1,-1
217,11,37,461,9,3,1,-1,-1,-1
217,12,155,489,3,3,1,-1,-1,-1
217,13,77,496,5,3,1,-1,-1,-1
218,1,352,73,3,4,1,-1,-1,-1
218,2,347,85,5,5,1,-1,-1,-1
218,3,357,85,3,3,1,-1,-1,-1
218,4,356,90,12,9,1,-1,-1,-1
218,5,338,93,12,5,1,-1,-1,-1
218,6,347,104,7,8,1,-1,-1,-1
218,7,0,532,4,4,1,-1,-1,-1
219,1,352,73,3,3,1,-1,-1,-1
219,2,348,85,4,5,1,-1,-1,-1
219,3,357,84,3,3,1,-1,-1,-1
219,4,356,89,12,9,1,-1,-1,-1
219,5,340,92,11,6,1,-1,-1,-1
219,6,350,102,5,5,1,-1,-1,-1
219,7,348,108,4,3,1,-1,-1,-1
219,8,120,209,3,3,1,-1,-1,-1
219,9,42,468,3,3,1,-1,-1,-1
220,1,349,69,6,6,1,-1,-1,-1
220,2,347,83,5,6,1,-1,-1,-1
220,3,355,85,3,3,1,-1,-1,-1
220,4,339,88,10,8,1,-1,-1,-1
220,5,356,88,13,10,1,-1,-1,-1
220,6,350,102,5,4,1,-1,-1,-1
220,7,346,107,6,3,1,-1,-1,-1
221,1,349,68,7,6,1,-1,-1,-1
221,2,340,83,12,8,1,-1,-1,-1
221,3,355,82,5,5,1,-1,-1,-1
221,4,356,87,14,10,1,-1,-1,-1
221,5,342,90,9,5,1,-1,-1,-1
221,6,350,101,4,4,1,-1,-1,-1
221,7,347,106,5,3,1,-1,-1,-1
222,1,352,69,3,4,1,-1,-1,-1
222,2,347,81,4,6,1,-1,-1,-1
222,3,355,83,3,3,1,-1,-1,-1
222,4,355,86,12,9,1,-1,-1,-1
222,5,339,88,12,6,1,-1,-1,-1
222,6,346,100,8,8,1,-1,-1,-1
223,1,345,81,7,6,1,-1,-1,-1
223,2,357,80,3,3,1,-1,-1,-1
223,3,338,85,13,9,1,-1,-1,-1
223,4,355,85,13,9,1,-1,-1,-1
223,5,350,98,3,5,1,-1,-1,-1
223,6,345,102,7,5,1,-1,-1,-1
224,1,350,67,6,5,1,-1,-1,-1
224,2,355,79,5,5,1,-1,-1,-1
224,3,348,81,3,4,1,-1,-1,-1
224,4,355,84,14,10,1,-1,-1,-1
224,5,335,87,5,6,1,-1,-1,-1
224,6,341,87,11,5,1,-1,-1,-1
224,7,331,91,3,3,1,-1,-1,-1
224,8,351,97,4,5,1,-1,-1,-1
224,9,347,103,5,3,1,-1,-1,-1
225,1,351,67,5,3,1,-1,-1,-1
225,2,347,78,4,6,1,-1,-1,-1
225,3,355,78,5,5,1,-1,-1,-1
225,4,355,83,15,9,1,-1,-1,-1
225,5,340,85,11,6,1,-1,-1,-1
225,6,350,97,5,4,1,-1,-1,-1
225,7,347,102,4,3,1,-1,-1,-1
226,1,352,66,3,3,1,-1,-1,-1
226,2,345,77,7,7,1,-1,-1,-1
226,3,357,77,3,3,1,-1,-1,-1
226,4,355,82,11,8,1,-1,-1,-1
226,5,340,84,11,6,1,-1,-1,-1
226,6,367,85,3,3,1,-1,-1,-1
226,7,335,86,3,3,1,-1,-1,-1
226,8,347,96,6,8,1,-1,-1,-1
227,1,352,65,4,3,1,-1,-1,-1
227,2,357,76,3,3,1,-1,-1,-1
227,3,348,78,4,4,1,-1,-1,-1
227,4,355,81,15,10,1,-1,-1,-1
227,5,341,82,3,3,1,-1,-1,-1
227,6,340,85,10,5,1,-1,-1,-1
227,7,350,95,4,4,1,-1,-1,-1
227,8,347,100,5,3,1,-1,-1,-1
227,9,355,103,3,3,1,-1,-1,-1
227,10,119,216,3,3,1,-1,-1,-1
227,11,42,463,5,3,1,-1,-1,-1
228,1,352,63,3,4,1,-1,-1,-1
228,2,345,76,6,6,1,-1,-1,-1
228,3,355,80,11,8,1,-1,-1,-1
228,4,339,83,10,6,1,-1,-1,-1
228,5,349,95,4,3,1,-1,-1,-1
228,6,345,97,7,5,1,-1,-1,-1
228,7,124,467,3,3,1,-1,-1,-1
229,1,352,62,3,4,1,-1,-1,-1
229,2,347,75,4,5,1,-1,-1,-1
229,3,356,79,9,8,1,-1,-1,-1
229,4,339,83,11,5,1,-1,-1,-1
229,5,350,93,4,4,1,-1,-1,-1
229,6,347,98,4,3,1,-1,-1,-1
229,7,357,102,3,3,1,-1,-1,-1
229,8,46,136,3,3,1,-1,-1,-1
230,1,73,0,3,2,1,-1,-1,-1
230,2,352,61,4,5,1,-1,-1,-1
230,3,346,73,5,6,1,-1,-1,-1
230,4,342,77,4,4,1,-1,-1,-1
230,5,356,78,13,10,1,-1,-1,-1
230,6,339,82,12,5,1,-1,-1,-1
230,7,350,92,5,4,1,-1,-1,-1
230,8,347,97,4,3,1,-1,-1,-1
230,9,353,100,4,3,1,-1,-1,-1
230,10,168,478,4,4,1,-1,-1,-1
231,1,352,60,3,4,1,-1,-1,-1
231,2,344,73,7,6,1,-1,-1,-1
231,3,336,78,14,7,1,-1,-1,-1
231,4,355,78,9,7,1,-1,-1,-1
231,5,350,91,5,4,1,-1,-1,-1
231,6,347,96,5,3,1,-1,-1,-1
232,1,349,58,6,5,1,-1,-1,-1
232,2,357,71,3,3,1,-1,-1,-1
232,3,348,73,3,5,1,-1,-1,-1
232,4,355,77,11,8,1,-1,-1,-1
232,5,346,81,3,3,1,-1,-1,-1
232,6,347,90,8,8,1,-1,-1,-1
232,7,40,470,3,3,1,-1,-1,-1
232,8,202,525,3,3,1,-1,-1,-1
233,1,349,57,6,6,1,-1,-1,-1
233,2,347,70,4,6,1,-1,-1,-1
233,3,356,75,8,8,1,-1,-1,-1
233,4,338,76,5,4,1,-1,-1,-1
233,5,346,79,5,4,1,-1,-1,-1
233,6,340,81,4,3,1,-1,-1,-1
233,7,350,89,4,4,1,-1,-1,-1
233,8,348,94,3,3,1,-1,-1,-1
233,9,119,222,3,3,1,-1,-1,-1
233,10,77,499,3,3,1,-1,-1,-1
234,1,352,57,3,4,1,-1,-1,-1
234,2,357,69,3,3,1,-1,-1,-1
234,3,345,70,6,6,1,-1,-1,-1
234,4,355,75,11,8,1,-1,-1,-1
234,5,339,76,3,3,1,-1,-1,-1
234,6,339,79,10,4,1,-1,-1,-1
234,7,350,88,5,4,1,-1,-1,-1
234,8,347,93,5,3,1,-1,-1,-1
235,1,357,68,3,3,1,-1,-1,-1
235,2,344,70,8,5,1,-1,-1,-1
235,3,355,73,11,8,1,-1,-1,-1
235,4,331,77,3,3,1,-1,-1,-1
235,5,339,77,12,5,1,-1,-1,-1
235,6,350,87,4,4,1,-1,-1,-1
235,7,344,92,7,4,1,-1,-1,-1
235,8,354,95,3,3,1,-1,-1,-1
236,1,351,56,5,4,1,-1,-1,-1
236,2,348,68,3,5,1,-1,-1,-1
236,3,340,73,4,4,1,-1,-1,-1
236,4,355,72,11,8,1,-1,-1,-1
236,5,346,76,5,4,1,-1,-1,-1
236,6,339,78,6,3,1,-1,-1,-1
236,7,350,87,4,3,1,-1,-1,-1
236,8,347,91,4,3,1,-1,-1,-1
236,9,41,465,4,3,1,-1,-1,-1
237,1,343,67,8,7,1,-1,-1,-1
237,2,355,72,13,7,1,-1,-1,-1
237,3,346,74,5,5,1,-1,-1,-1
237,4,335,76,3,3,1,-1,-1,-1
237,5,339,77,6,3,1,-1,-1,-1
237,6,350,85,5,4,1,-1,-1,-1
237,7,347,90,4,3,1,-1,-1,-1
237,8,162,219,3,4,1,-1,-1,-1
238,1,348,52,7,8,1,-1,-1,-1
238,2,345,67,6,5,1,-1,-1,-1
238,3,356,66,3,3,1,-1,-1,-1
238,4,355,71,13,8,1,-1,-1,-1
238,5,339,75,10,4,1,-1,-1,-1
238,6,350,85,4,3,1,-1,-1,-1
238,7,347,89,4,3,1,-1,-1,-1
238,8,354,89,6,6,1,-1,-1,-1
238,9,342,90,3,3,1,-1,-1,-1
239,1,351,53,4,4,1,-1,-1,-1
239,2,346,64,6,7,1,-1,-1,-1
239,3,343,69,3,3,1,-1,-1,-1
239,4,339,71,10,7,1,-1,-1,-1
239,5,355,72,11,6,1,-1,-1,-1
239,6,350,83,3,4,1,-1,-1,-1
239,7,347,88,4,3,1,-1,-1,-1
239,8,354,91,3,3,1,-1,-1,-1
240,1,351,51,4,5,1,-1,-1,-1
240,2,345,65,6,5,1,-1,-1,-1
240,3,355,71,13,7,1,-1,-1,-1
240,4,339,73,5,4,1,-1,-1,-1
240,5,350,82,4,4,1,-1,-1,-1
240,6,347,87,5,3,1,-1,-1,-1
240,7,354,90,3,3,1,-1,-1,-1
241,1,352,51,3,3,1,-1,-1,-1
241,2,347,64,4,5,1,-1,-1,-1
241,3,337,68,5,5,1,-1,-1,-1
241,4,356,68,12,9,1,-1,-1,-1
241,5,342,73,3,3,1,-1,-1,-1
241,6,346,72,3,3,1,-1,-1,-1
241,7,349,81,5,4,1,-1,-1,-1
241,8,347,86,5,4,1,-1,-1,-1
241,9,10,480,3,3,1,-1,-1,-1
242,1,351,49,4,5,1,-1,-1,-1
242,2,346,61,5,6,1,-1,-1,-1
242,3,341,66,5,4,1,-1,-1,-1
242,4,355,67,10,6,1,-1,-1,-1
242,5,341,69,10,6,1,-1,-1,-1
242,6,335,70,3,3,1,-1,-1,-1
242,7,362,72,6,4,1,-1,-1,-1
242,8,349,80,5,4,1,-1,-1,-1
242,9,347,85,4,3,1,-1,-1,-1
242,10,346,89,3,3,1,-1,-1,-1
243,1,351,48,5,5,1,-1,-1,-1
243,2,347,60,4,6,1,-1,-1,-1
243,3,342,65,4,3,1,-1,-1,-1
243,4,356,66,8,7,1,-1,-1,-1
243,5,335,68,3,4,1,-1,-1,-1
243,6,339,69,11,5,1,-1,-1,-1
243,7,331,72,3,3,1,-1,-1,-1
243,8,365,72,3,3,1,-1,-1,-1
243,9,350,80,4,3,1,-1,-1,-1
243,10,347,84,4,3,1,-1,-1,-1
244,1,352,48,3,3,1,-1,-1,-1
244,2,347,60,4,5,1,-1,-1,-1
244,3,355,65,8,6,1,-1,-1,-1
244,4,339,68,12,5,1,-1,-1,-1
244,5,344,78,11,9,1,-1,-1,-1
244,6,354,86,3,4,1,-1,-1,-1
244,7,41,466,4,3,1,-1,-1,-1
245,1,351,47,4,3,1,-1,-1,-1
245,2,347,58,4,6,1,-1,-1,-1
245,3,339,61,7,11,1,-1,-1,-1
245,4,355,64,9,7,1,-1,-1,-1
245,5,347,78,7,8,1,-1,-1,-1
246,1,351,46,4,4,1,-1,-1,-1
246,2,346,57,5,6,1,-1,-1,-1
246,3,337,64,13,7,1,-1,-1,-1
246,4,355,65,8,5,1,-1,-1,-1
246,5,349,76,5,4,1,-1,-1,-1
246,6,347,81,5,3,1,-1,-1,-1
246,7,342,82,3,4,1,-1,-1,-1
246,8,34,466,3,3,1,-1,-1,-1
246,9,75,501,3,3,1,-1,-1,-1
247,1,352,45,3,3,1,-1,-1,-1
247,2,346,56,5,7,1,-1,-1,-1
247,3,355,61,9,7,1,-1,-1,-1
247,4,339,62,10,8,1,-1,-1,-1
247,5,362,67,3,3,1,-1,-1,-1
247,6,350,76,4,3,1,-1,-1,-1
247,7,347,80,4,3,1,-1,-1,-1
248,1,349,41,6,7,1,-1,-1,-1
248,2,344,55,7,8,1,-1,-1,-1
248,3,356,56,3,3,1,-1,-1,-1
248,4,355,60,10,7,1,-1,-1,-1
248,5,339,62,3,3,1,-1,-1,-1
248,6,339,64,12,5,1,-1,-1,-1
248,7,350,74,4,4,1,-1,-1,-1
248,8,347,79,5,4,1,-1,-1,-1
248,9,354,82,3,3,1,-1,-1,-1
249,1,352,42,3,4,1,-1,-1,-1
249,2,346,54,5,6,1,-1,-1,-1
249,3,355,55,3,3,1,-1,-1,-1
249,4,355,59,11,8,1,-1,-1,-1
249,5,339,61,3,3,1,-1,-1,-1
249,6,339,64,11,4,1,-1,-1,-1
249,7,347,74,7,8,1,-1,-1,-1
249,8,357,82,3,3,1,-1,-1,-1
250,1,352,42,3,3,1,-1,-1,-1
250,2,347,54,4,6,1,-1,-1,-1
250,3,338,57,12,10,1,-1,-1,-1
250,4,355,58,11,8,1,-1,-1,-1
250,5,349,73,5,3,1,-1,-1,-1
250,6,347,77,5,4,1,-1,-1,-1
251,1,352,39,3,5,1,-1,-1,-1
251,2,347,52,4,7,1,-1,-1,-1
251,3,356,52,4,4,1,-1,-1,-1
251,4,343,57,3,3,1,-1,-1,-1
251,5,355,57,13,8,1,-1,-1,-1
251,6,336,59,6,4,1,-1,-1,-1
251,7,342,61,8,5,1,-1,-1,-1
251,8,347,71,7,8,1,-1,-1,-1
252,1,352,39,4,4,1,-1,-1,-1
252,2,347,52,4,5,1,-1,-1,-1
252,3,356,52,3,3,1,-1,-1,-1
252,4,343,56,3,3,1,-1,-1,-1
252,5,355,56,11,9,1,-1,-1,-1
252,6,338,58,3,3,1,-1,-1,-1
252,7,338,59,13,7,1,-1,-1,-1
252,8,349,70,5,4,1,-1,-1,-1
252,9,348,75,3,3,1,-1,-1,-1
253,1,348,52,3,4,1,-1,-1,-1
253,2,343,55,3,3,1,-1,-1,-1
253,3,355,55,13,10,1,-1,-1,-1
253,4,336,58,15,7,1,-1,-1,-1
253,5,349,70,5,3,1,-1,-1,-1
253,6,347,74,5,4,1,-1,-1,-1
254,1,351,37,4,4,1,-1,-1,-1
254,2,347,49,4,6,1,-1,-1,-1
254,3,356,49,3,3,1,-1,-1,-1
254,4,355,54,14,10,1,-1,-1,-1
254,5,336,57,14,7,1,-1,-1,-1
254,6,350,69,4,3,1,-1,-1,-1
254,7,347,73,5,4,1,-1,-1,-1
254,8,342,74,3,4,1,-1,-1,-1
254,9,11,484,4,3,1,-1,-1,-1
255,1,348,35,3,3,1,-1,-1,-1
255,2,352,36,3,5,1,-1,-1,-1
255,3,347,49,4,6,1,-1,-1,-1
255,4,355,51,3,3,1,-1,-1,-1
255,5,343,53,3,3,1,-1,-1,-1
255,6,355,53,11,9,1,-1,-1,-1
255,7,335,57,3,3,1,-1,-1,-1
255,8,340,57,10,5,1,-1,-1,-1
255,9,346,68,8,7,1,-1,-1,-1
255,10,11,484,3,3,1,-1,-1,-1
256,1,349,34,6,6,1,-1,-1,-1
256,2,344,49,7,6,1,-1,-1,-1
256,3,355,53,11,8,1,-1,-1,-1
256,4,337,55,8,6,1,-1,-1,-1
256,5,347,56,3,3,1,-1,-1,-1
256,6,349,67,5,3,1,-1,-1,-1
256,7,347,71,6,4,1,-1,-1,-1
257,1,351,34,4,5,1,-1,-1,-1
257,2,344,48,7,6,1,-1,-1,-1
257,3,355,48,9,11,1,-1,-1,-1
257,4,337,54,13,7,1,-1,-1,-1
257,5,349,65,5,4,1,-1,-1,-1
257,6,347,70,5,4,1,-1,-1,-1
258,1,351,34,4,4,1,-1,-1,-1
258,2,347,46,4,6,1,-1,-1,-1
258,3,343,50,3,3,1,-1,-1,-1
258,4,355,51,11,8,1,-1,-1,-1
258,5,338,53,13,6,1,-1,-1,-1
258,6,347,64,7,9,1,-1,-1,-1
258,7,125,385,3,3,1,-1,-1,-1
259,1,352,33,3,3,1,-1,-1,-1
259,2,347,44,4,7,1,-1,-1,-1
259,3,355,49,11,9,1,-1,-1,-1
259,4,338,52,13,7,1,-1,-1,-1
259,5,350,63,4,4,1,-1,-1,-1
259,6,347,68,4,3,1,-1,-1,-1
260,1,351,32,4,4,1,-1,-1,-1
260,2,348,45,3,4,1,-1,-1,-1
260,3,341,48,6,4,1,-1,-1,-1
260,4,355,48,11,8,1,-1,-1,-1
260,5,335,52,3,3,1,-1,-1,-1
260,6,346,52,4,3,1,-1,-1,-1
260,7,349,62,5,4,1,-1,-1,-1
260,8,347,67,5,4,1,-1,-1,-1
261,1,72,0,3,3,1,-1,-1,-1
261,2,352,31,3,3,1,-1,-1,-1
261,3,348,45,3,3,1,-1,-1,-1
261,4,344,47,3,3,1,-1,-1,-1
261,5,337,49,4,4,1,-1,-1,-1
261,6,355,48,8,7,1,-1,-1,-1
261,7,343,50,8,6,1,-1,-1,-1
261,8,337,54,5,3,1,-1,-1,-1
261,9,349,61,5,4,1,-1,-1,-1
261,10,347,66,5,4,1,-1,-1,-1
262,1,351,28,4,6,1,-1,-1,-1
262,2,346,41,5,7,1,-1,-1,-1
262,3,355,46,11,9,1,-1,-1,-1
262,4,339,49,12,7,1,-1,-1,-1
262,5,331,54,3,3,1,-1,-1,-1
262,6,347,60,7,8,1,-1,-1,-1
262,7,342,65,3,4,1,-1,-1,-1
263,1,352,29,3,3,1,-1,-1,-1
263,2,346,41,5,6,1,-1,-1,-1
263,3,356,41,3,3,1,-1,-1,-1
263,4,355,45,10,9,1,-1,-1,-1
263,5,347,49,3,3,1,-1,-1,-1
263,6,366,48,3,3,1,-1,-1,-1
263,7,338,51,3,3,1,-1,-1,-1
263,8,347,59,7,8,1,-1,-1,-1
263,9,79,504,3,3,1,-1,-1,-1
264,1,351,28,5,4,1,-1,-1,-1
264,2,344,39,7,8,1,-1,-1,-1
264,3,355,45,10,8,1,-1,-1,-1
264,4,347,47,4,4,1,-1,-1,-1
264,5,339,50,7,4,1,-1,-1,-1
264,6,346,59,8,7,1,-1,-1,-1
265,1,351,27,5,4,1,-1,-1,-1
265,2,343,40,8,12,1,-1,-1,-1
265,3,355,44,10,8,1,-1,-1,-1
265,4,349,56,5,5,1,-1,-1,-1
265,5,347,62,4,3,1,-1,-1,-1
265,6,171,158,3,3,1,-1,-1,-1
266,1,351,26,4,4,1,-1,-1,-1
266,2,338,38,13,9,1,-1,-1,-1
266,3,355,40,3,3,1,-1,-1,-1
266,4,355,43,11,8,1,-1,-1,-1
266,5,343,45,8,6,1,-1,-1,-1
266,6,345,56,9,9,1,-1,-1,-1
267,1,356,37,4,3,1,-1,-1,-1
267,2,339,38,12,13,1,-1,-1,-1
267,3,355,42,15,9,1,-1,-1,-1
267,4,347,55,7,8,1,-1,-1,-1
268,1,351,24,4,4,1,-1,-1,-1
268,2,340,37,11,7,1,-1,-1,-1
268,3,355,41,13,7,1,-1,-1,-1
268,4,345,44,5,4,1,-1,-1,-1
268,5,338,47,5,3,1,-1,-1,-1
268,6,365,47,3,3,1,-1,-1,-1
268,7,350,55,4,4,1,-1,-1,-1
268,8,348,60,4,3,1,-1,-1,-1
269,1,352,23,3,3,1,-1,-1,-1
269,2,348,36,3,4,1,-1,-1,-1
269,3,339,39,12,8,1,-1,-1,-1
269,4,355,40,12,9,1,-1,-1,-1
269,5,331,47,3,3,1,-1,-1,-1
269,6,340,46,3,3,1,-1,-1,-1
269,7,347,53,8,8,1,-1,-1,-1
269,8,353,61,3,3,1,-1,-1,-1
270,1,340,35,11,11,1,-1,-1,-1
270,2,355,39,12,8,1,-1,-1,-1
270,3,349,53,5,4,1,-1,-1,-1
270,4,30,478,3,3,1,-1,-1,-1
270,5,76,505,4,3,1,-1,-1,-1
271,1,352,21,3,3,1,-1,-1,-1
271,2,342,33,9,12,1,-1,-1,-1
271,3,355,38,8,6,1,-1,-1,-1
271,4,360,43,5,3,1,-1,-1,-1
271,5,339,44,5,3,1,-1,-1,-1
271,6,346,52,8,8,1,-1,-1,-1
272,1,351,21,4,3,1,-1,-1,-1
272,2,342,32,9,8,1,-1,-1,-1
272,3,354,32,5,5,1,-1,-1,-1
272,4,355,37,12,9,1,-1,-1,-1
272,5,345,40,5,4,1,-1,-1,-1
272,6,339,43,4,3,1,-1,-1,-1
272,7,349,51,4,4,1,-1,-1,-1
272,8,346,56,6,3,1,-1,-1,-1
272,9,32,471,3,3,1,-1,-1,-1
272,10,39,471,3,3,1,-1,-1,-1
272,11,29,477,3,3,1,-1,-1,-1
273,1,347,32,4,5,1,-1,-1,-1
273,2,338,36,12,9,1,-1,-1,-1
273,3,355,36,10,8,1,-1,-1,-1
273,4,350,50,4,4,1,-1,-1,-1
273,5,346,55,5,3,1,-1,-1,-1
274,1,349,16,6,6,1,-1,-1,-1
274,2,347,31,4,5,1,-1,-1,-1
274,3,354,30,4,5,1,-1,-1,-1
274,4,355,35,9,6,1,-1,-1,-1
274,5,338,38,12,6,1,-1,-1,-1
274,6,360,40,4,3,1,-1,-1,-1
274,7,349,49,5,4,1,-1,-1,-1
274,8,348,54,3,3,1,-1,-1,-1
274,9,352,56,3,3,1,-1,-1,-1
274,10,152,500,3,3,1,-1,-1,-1
275,1,352,18,3,3,1,-1,-1,-1
275,2,346,29,5,6,1,-1,-1,-1
275,3,356,29,4,3,1,-1,-1,-1
275,4,337,34,13,9,1,-1,-1,-1
275,5,355,34,12,9,1,-1,-1,-1
275,6,349,48,5,4,1,-1,-1,-1
275,7,346,53,5,3,1,-1,-1,-1
275,8,353,55,3,3,1,-1,-1,-1
275,9,341,56,3,3,1,-1,-1,-1
276,1,348,16,3,3,1,-1,-1,-1
276,2,347,29,4,5,1,-1,-1,-1
276,3,354,30,3,3,1,-1,-1,-1
276,4,355,33,11,8,1,-1,-1,-1
276,5,335,34,15,9,1,-1,-1,-1
276,6,349,47,5,4,1,-1,-1,-1
276,7,346,52,5,3,1,-1,-1,-1
277,1,349,14,3,3,1,-1,-1,-1
277,2,338,28,13,13,1,-1,-1,-1
277,3,355,32,11,9,1,-1,-1,-1
277,4,349,46,5,4,1,-1,-1,-1
277,5,346,51,5,3,1,-1,-1,-1
278,1,347,28,4,4,1,-1,-1,-1
278,2,355,31,12,9,1,-1,-1,-1
278,3,336,32,15,8,1,-1,-1,-1
278,4,349,46,4,3,1,-1,-1,-1
278,5,346,50,6,3,1,-1,-1,-1
279,1,335,25,16,15,1,-1,-1,-1
279,2,355,30,13,8,1,-1,-1,-1
279,3,349,44,5,4,1,-1,-1,-1
279,4,345,49,6,3,1,-1,-1,-1
279,5,341,50,3,4,1,-1,-1,-1
279,6,80,545,3,3,1,-1,-1,-1
280,1,339,24,12,14,1,-1,-1,-1
280,2,354,29,12,9,1,-1,-1,-1
280,3,349,44,5,3,1,-1,-1,-1
280,4,345,48,6,3,1,-1,-1,-1
280,5,80,507,3,3,1,-1,-1,-1
281,1,347,24,4,5,1,-1,-1,-1
281,2,336,29,14,8,1,-1,-1,-1
281,3,355,28,11,9,1,-1,-1,-1
281,4,349,42,5,4,1,-1,-1,-1
281,5,347,47,5,4,1,-1,-1,-1
281,6,32,472,3,3,1,-1,-1,-1
282,1,347,24,4,4,1,-1,-1,-1
282,2,355,27,10,9,1,-1,-1,-1
282,3,339,28,12,8,1,-1,-1,-1
282,4,347,41,6,9,1,-1,-1,-1
282,5,32,472,4,3,1,-1,-1,-1
282,6,40,472,3,3,1,-1,-1,-1
282,7,29,479,4,3,1,-1,-1,-1
283,1,348,8,3,3,1,-1,-1,-1
283,2,336,21,15,14,1,-1,-1,-1
283,3,355,26,12,9,1,-1,-1,-1
283,4,349,40,5,4,1,-1,-1,-1
283,5,347,45,5,4,1,-1,-1,-1
283,6,80,508,4,3,1,-1,-1,-1
284,1,336,21,15,14,1,-1,-1,-1
284,2,355,26,11,8,1,-1,-1,-1
284,3,347,40,7,8,1,-1,-1,-1
284,4,30,473,3,3,1,-1,-1,-1
284,5,80,508,3,3,1,-1,-1,-1
285,1,347,23,3,3,1,-1,-1,-1
285,2,340,24,10,7,1,-1,-1,-1
285,3,355,25,12,8,1,-1,-1,-1
285,4,336,30,8,4,1,-1,-1,-1
285,5,350,38,4,4,1,-1,-1,-1
285,6,347,43,3,3,1,-1,-1,-1
286,1,337,20,14,12,1,-1,-1,-1
286,2,355,24,10,8,1,-1,-1,-1
286,3,347,37,7,8,1,-1,-1,-1
287,1,347,19,4,5,1,-1,-1,-1
287,2,334,23,16,10,1,-1,-1,-1
287,3,355,23,12,8,1,-1,-1,-1
287,4,346,36,7,9,1,-1,-1,-1
287,5,251,598,3,2,1,-1,-1,-1
288,1,348,18,3,5,1,-1,-1,-1
288,2,335,21,15,8,1,-1,-1,-1
288,3,355,22,13,8,1,-1,-1,-1
288,4,348,36,6,4,1,-1,-1,-1
288,5,346,41,5,4,1,-1,-1,-1
289,1,347,16,3,6,1,-1,-1,-1
289,2,338,21,8,5,1,-1,-1,-1
289,3,355,21,9,8,1,-1,-1,-1
289,4,345,24,5,4,1,-1,-1,-1
289,5,366,24,3,3,1,-1,-1,-1
289,6,340,27,3,3,1,-1,-1,-1
289,7,350,35,4,3,1,-1,-1,-1
289,8,346,40,6,3,1,-1,-1,-1
289,9,40,474,3,3,1,-1,-1,-1
289,10,73,508,3,3,1,-1,-1,-1
290,1,347,16,4,5,1,-1,-1,-1
290,2,340,21,3,3,1,-1,-1,-1
290,3,355,20,11,8,1,-1,-1,-1
290,4,345,23,6,4,1,-1,-1,-1
290,5,337,26,7,3,1,-1,-1,-1
290,6,349,34,5,4,1,-1,-1,-1
290,7,346,39,5,3,1,-1,-1,-1
290,8,82,547,5,3,1,-1,-1,-1
291,1,335,16,16,13,1,-1,-1,-1
291,2,356,19,7,8,1,-1,-1,-1
291,3,349,33,4,4,1,-1,-1,-1
291,4,345,38,5,3,1,-1,-1,-1
292,1,347,15,4,5,1,-1,-1,-1
292,2,338,19,6,4,1,-1,-1,-1
292,3,355,19,11,7,1,-1,-1,-1
292,4,338,21,13,6,1,-1,-1,-1
292,5,334,25,3,3,1,-1,-1,-1
292,6,347,32,7,8,1,-1,-1,-1
293,1,335,17,15,10,1,-1,-1,-1
293,2,359,18,7,8,1,-1,-1,-1
293,3,349,31,4,4,1,-1,-1,-1
293,4,346,36,6,4,1,-1,-1,-1
294,1,348,0,3,2,1,-1,-1,-1
294,2,347,13,4,5,1,-1,-1,-1
294,3,338,17,12,8,1,-1,-1,-1
294,4,357,17,10,7,1,-1,-1,-1
294,5,344,32,8,7,1,-1,-1,-1
294,6,33,475,6,3,1,-1,-1,-1
294,7,84,548,3,3,1,-1,-1,-1
295,1,347,12,4,4,1,-1,-1,-1
295,2,337,16,13,8,1,-1,-1,-1
295,3,357,16,11,9,1,-1,-1,-1
295,4,347,29,6,8,1,-1,-1,-1
295,5,168,163,3,3,1,-1,-1,-1
295,6,17,285,3,3,1,-1,-1,-1
296,1,347,12,4,4,1,-1,-1,-1
296,2,336,15,14,9,1,-1,-1,-1
296,3,356,15,10,8,1,-1,-1,-1
296,4,349,29,5,4,1,-1,-1,-1
297,1,347,11,3,4,1,-1,-1,-1
297,2,338,14,12,7,1,-1,-1,-1
297,3,356,14,11,9,1,-1,-1,-1
297,4,350,28,3,4,1,-1,-1,-1
297,5,346,33,5,3,1,-1,-1,-1
297,6,37,482,3,3,1,-1,-1,-1
