1,1,190,266,3,3,1,-1,-1,-1
1,2,696,475,6,5,1,-1,-1,-1
1,3,272,480,3,3,1,-1,-1,-1
1,4,261,483,3,3,1,-1,-1,-1
1,5,794,520,3,3,1,-1,-1,-1
1,6,866,539,3,3,1,-1,-1,-1
1,7,922,561,4,3,1,-1,-1,-1
1,8,958,564,4,3,1,-1,-1,-1
1,9,963,565,3,3,1,-1,-1,-1
1,10,185,937,4,3,1,-1,-1,-1
2,1,594,160,4,3,1,-1,-1,-1
2,2,563,306,3,3,1,-1,-1,-1
2,3,803,526,3,3,1,-1,-1,-1
2,4,807,527,3,3,1,-1,-1,-1
2,5,946,558,3,3,1,-1,-1,-1
3,1,594,161,4,3,1,-1,-1,-1
3,2,458,443,3,3,1,-1,-1,-1
3,3,697,475,3,3,1,-1,-1,-1
3,4,273,479,3,3,1,-1,-1,-1
3,5,262,483,3,3,1,-1,-1,-1
3,6,863,539,4,3,1,-1,-1,-1
3,7,945,557,5,4,1,-1,-1,-1
3,8,965,566,3,3,1,-1,-1,-1
3,9,0,573,2,4,1,-1,-1,-1
4,1,561,201,3,3,1,-1,-1,-1
4,2,562,306,4,5,1,-1,-1,-1
4,3,274,479,3,3,1,-1,-1,-1
4,4,805,526,4,4,1,-1,-1,-1
4,5,865,539,6,4,1,-1,-1,-1
4,6,924,546,3,3,1,-1,-1,-1
4,7,944,557,4,3,1,-1,-1,-1
5,1,698,477,3,3,1,-1,-1,-1
5,2,264,482,3,3,1,-1,-1,-1
5,3,967,566,3,3,1,-1,-1,-1
6,1,462,443,3,3,1,-1,-1,-1
6,2,265,482,3,3,1,-1,-1,-1
6,3,868,539,6,5,1,-1,-1,-1
6,4,927,562,3,3,1,-1,-1,-1
7,1,704,480,3,3,1,-1,-1,-1
7,2,265,482,3,3,1,-1,-1,-1
7,3,868,540,3,3,1,-1,-1,-1
8,1,572,304,3,3,1,-1,-1,-1
8,2,276,478,4,3,1,-1,-1,-1
8,3,705,481,3,3,1,-1,-1,-1
8,4,265,482,3,3,1,-1,-1,-1
8,5,953,559,3,3,1,-1,-1,-1
8,6,929,563,3,3,1,-1,-1,-1
8,7,966,566,3,3,1,-1,-1,-1
9,1,874,541,3,3,1,-1,-1,-1
10,1,967,566,3,3,1,-1,-1,-1
11,1,596,439,3,3,1,-1,-1,-1
11,2,707,482,3,3,1,-1,-1,-1
11,3,952,559,3,3,1,-1,-1,-1
11,4,972,568,3,3,1,-1,-1,-1
12,1,707,482,3,3,1,-1,-1,-1
12,2,952,559,3,3,1,-1,-1,-1
12,3,9,570,3,3,1,-1,-1,-1
13,1,592,169,3,3,1,-1,-1,-1
13,2,706,481,3,3,1,-1,-1,-1
13,3,879,542,3,3,1,-1,-1,-1
13,4,935,564,3,3,1,-1,-1,-1
13,5,7,571,3,3,1,-1,-1,-1
14,1,707,482,5,4,1,-1,-1,-1
14,2,876,541,6,4,1,-1,-1,-1
14,3,8,571,3,3,1,-1,-1,-1
14,4,876,671,3,3,1,-1,-1,-1
14,5,181,936,3,3,1,-1,-1,-1
15,1,635,82,3,3,1,-1,-1,-1
15,2,559,207,3,4,1,-1,-1,-1
15,3,271,480,3,3,1,-1,-1,-1
15,4,876,541,3,3,1,-1,-1,-1
16,1,591,438,3,3,1,-1,-1,-1
16,2,282,476,3,3,1,-1,-1,-1
16,3,711,484,3,3,1,-1,-1,-1
16,4,808,525,3,3,1,-1,-1,-1
16,5,938,565,5,3,1,-1,-1,-1
16,6,973,568,3,3,1,-1,-1,-1
16,7,977,569,3,3,1,-1,-1,-1
16,8,9,570,6,3,1,-1,-1,-1
17,1,635,81,5,4,1,-1,-1,-1
17,2,591,171,3,3,1,-1,-1,-1
17,3,589,175,3,3,1,-1,-1,-1
17,4,554,215,3,4,1,-1,-1,-1
17,5,783,237,5,4,1,-1,-1,-1
17,6,569,298,3,3,1,-1,-1,-1
17,7,282,476,3,3,1,-1,-1,-1
17,8,711,484,3,3,1,-1,-1,-1
17,9,973,568,3,3,1,-1,-1,-1
17,10,977,570,3,3,1,-1,-1,-1
18,1,889,144,3,3,1,-1,-1,-1
18,2,575,323,3,3,1,-1,-1,-1
18,3,450,374,3,3,1,-1,-1,-1
18,4,283,476,3,3,1,-1,-1,-1
18,5,709,483,3,3,1,-1,-1,-1
18,6,713,485,3,3,1,-1,-1,-1
18,7,879,542,4,3,1,-1,-1,-1
18,8,959,561,3,3,1,-1,-1,-1
18,9,973,568,3,3,1,-1,-1,-1
18,10,978,570,3,3,1,-1,-1,-1
19,1,567,300,3,3,1,-1,-1,-1
19,2,881,542,6,4,1,-1,-1,-1
19,3,906,542,3,3,1,-1,-1,-1
19,4,940,565,4,3,1,-1,-1,-1
19,5,979,570,3,3,1,-1,-1,-1
20,1,640,75,3,3,1,-1,-1,-1
20,2,574,324,4,3,1,-1,-1,-1
20,3,881,542,3,3,1,-1,-1,-1
21,1,641,75,3,3,1,-1,-1,-1
21,2,638,80,3,3,1,-1,-1,-1
21,3,889,144,3,3,1,-1,-1,-1
21,4,568,296,4,5,1,-1,-1,-1
21,5,680,453,3,3,1,-1,-1,-1
21,6,285,475,3,3,1,-1,-1,-1
21,7,275,478,3,3,1,-1,-1,-1
21,8,712,485,3,3,1,-1,-1,-1
21,9,884,543,5,4,1,-1,-1,-1
21,10,963,562,3,3,1,-1,-1,-1
21,11,17,568,3,3,1,-1,-1,-1
22,1,889,144,3,3,1,-1,-1,-1
22,2,572,312,3,3,1,-1,-1,-1
22,3,587,437,3,3,1,-1,-1,-1
22,4,286,475,3,3,1,-1,-1,-1
22,5,716,487,3,3,1,-1,-1,-1
22,6,884,543,3,3,1,-1,-1,-1
22,7,968,564,3,3,1,-1,-1,-1
23,1,713,485,3,3,1,-1,-1,-1
23,2,965,563,3,3,1,-1,-1,-1
23,3,941,565,3,3,1,-1,-1,-1
24,1,288,475,3,3,1,-1,-1,-1
24,2,277,478,3,3,1,-1,-1,-1
24,3,886,543,6,4,1,-1,-1,-1
24,4,905,542,3,3,1,-1,-1,-1
24,5,966,563,6,4,1,-1,-1,-1
24,6,980,570,3,3,1,-1,-1,-1
25,1,552,219,3,3,1,-1,-1,-1
25,2,573,314,3,3,1,-1,-1,-1
25,3,576,327,3,3,1,-1,-1,-1
25,4,583,437,5,3,1,-1,-1,-1
25,5,591,438,4,3,1,-1,-1,-1
25,6,715,486,3,3,1,-1,-1,-1
25,7,899,540,3,3,1,-1,-1,-1
25,8,972,565,3,3,1,-1,-1,-1
25,9,300,993,3,3,1,-1,-1,-1
26,1,570,295,3,3,1,-1,-1,-1
26,2,575,302,3,3,1,-1,-1,-1
26,3,584,437,3,3,1,-1,-1,-1
26,4,289,474,3,3,1,-1,-1,-1
26,5,932,547,3,3,1,-1,-1,-1
27,1,570,295,3,3,1,-1,-1,-1
27,2,572,315,3,3,1,-1,-1,-1
27,3,289,474,4,3,1,-1,-1,-1
27,4,716,487,3,3,1,-1,-1,-1
27,5,903,541,3,3,1,-1,-1,-1
27,6,969,564,3,3,1,-1,-1,-1
27,7,982,571,4,3,1,-1,-1,-1
28,1,573,292,3,3,1,-1,-1,-1
28,2,280,477,3,3,1,-1,-1,-1
28,3,975,566,3,3,1,-1,-1,-1
29,1,588,183,3,3,1,-1,-1,-1
29,2,718,488,6,5,1,-1,-1,-1
29,3,892,545,3,3,1,-1,-1,-1
29,4,975,566,3,3,1,-1,-1,-1
30,1,552,214,3,3,1,-1,-1,-1
30,2,550,222,3,3,1,-1,-1,-1
30,3,572,291,4,5,1,-1,-1,-1
30,4,892,545,3,3,1,-1,-1,-1
30,5,972,565,3,3,1,-1,-1,-1
31,1,292,473,3,3,1,-1,-1,-1
31,2,720,489,3,3,1,-1,-1,-1
31,3,894,539,3,3,1,-1,-1,-1
32,1,550,223,3,3,1,-1,-1,-1
32,2,579,436,3,3,1,-1,-1,-1
32,3,585,437,3,3,1,-1,-1,-1
32,4,293,473,3,3,1,-1,-1,-1
32,5,720,489,3,3,1,-1,-1,-1
32,6,724,491,3,3,1,-1,-1,-1
32,7,954,569,3,3,1,-1,-1,-1
33,1,658,1,3,3,1,-1,-1,-1
33,2,790,241,3,3,1,-1,-1,-1
33,3,578,436,3,3,1,-1,-1,-1
33,4,583,437,4,3,1,-1,-1,-1
33,5,294,472,3,3,1,-1,-1,-1
33,6,896,545,3,3,1,-1,-1,-1
33,7,975,566,4,3,1,-1,-1,-1
33,8,956,569,3,3,1,-1,-1,-1
33,9,359,572,3,3,1,-1,-1,-1
34,1,657,5,3,3,1,-1,-1,-1
34,2,794,243,3,3,1,-1,-1,-1
34,3,167,281,3,3,1,-1,-1,-1
34,4,284,476,3,3,1,-1,-1,-1
34,5,722,490,7,5,1,-1,-1,-1
34,6,923,545,4,3,1,-1,-1,-1
34,7,897,546,3,3,1,-1,-1,-1
34,8,956,569,3,3,1,-1,-1,-1
34,9,980,568,3,3,1,-1,-1,-1
35,1,573,291,3,3,1,-1,-1,-1
35,2,232,366,3,3,1,-1,-1,-1
35,3,295,472,3,3,1,-1,-1,-1
35,4,727,493,3,3,1,-1,-1,-1
36,1,658,4,3,3,1,-1,-1,-1
36,2,586,189,3,3,1,-1,-1,-1
36,3,573,288,5,5,1,-1,-1,-1
36,4,296,472,3,3,1,-1,-1,-1
36,5,724,491,3,3,1,-1,-1,-1
36,6,728,493,3,3,1,-1,-1,-1
36,7,889,538,3,3,1,-1,-1,-1
36,8,43,550,3,3,1,-1,-1,-1
36,9,954,569,3,3,1,-1,-1,-1
37,1,657,4,3,3,1,-1,-1,-1
37,2,587,185,3,3,1,-1,-1,-1
37,3,297,472,3,3,1,-1,-1,-1
37,4,980,567,3,3,1,-1,-1,-1
38,1,657,5,3,3,1,-1,-1,-1
38,2,552,218,3,3,1,-1,-1,-1
38,3,944,288,3,3,1,-1,-1,-1
38,4,574,321,3,3,1,-1,-1,-1
38,5,573,435,4,3,1,-1,-1,-1
38,6,580,436,3,3,1,-1,-1,-1
38,7,497,445,4,3,1,-1,-1,-1
38,8,297,471,3,4,1,-1,-1,-1
38,9,726,492,6,5,1,-1,-1,-1
38,10,887,537,3,3,1,-1,-1,-1
38,11,981,568,3,3,1,-1,-1,-1
41,1,732,495,3,3,1,-1,-1,-1
41,2,839,536,3,3,1,-1,-1,-1
41,3,908,548,3,3,1,-1,-1,-1
41,4,985,569,3,3,1,-1,-1,-1
41,5,964,571,3,3,1,-1,-1,-1
42,1,656,9,3,3,1,-1,-1,-1
43,1,578,283,3,3,1,-1,-1,-1
43,2,300,470,3,3,1,-1,-1,-1
43,3,967,572,3,3,1,-1,-1,-1
44,1,575,324,3,3,1,-1,-1,-1
44,2,575,436,3,3,1,-1,-1,-1
44,3,301,470,3,3,1,-1,-1,-1
44,4,733,496,4,3,1,-1,-1,-1
44,5,840,536,3,3,1,-1,-1,-1
44,6,967,572,3,3,1,-1,-1,-1
44,7,1021,577,3,3,1,-1,-1,-1
45,1,585,191,3,3,1,-1,-1,-1
45,2,291,473,3,3,1,-1,-1,-1
45,3,913,549,3,3,1,-1,-1,-1
45,4,963,571,3,3,1,-1,-1,-1
45,5,309,997,3,3,1,-1,-1,-1
46,1,653,15,3,3,1,-1,-1,-1
46,2,545,230,3,3,1,-1,-1,-1
46,3,796,245,3,3,1,-1,-1,-1
46,4,578,283,3,3,1,-1,-1,-1
46,5,733,496,6,4,1,-1,-1,-1
46,6,910,548,3,4,1,-1,-1,-1
46,7,36,553,3,3,1,-1,-1,-1
46,8,965,572,3,3,1,-1,-1,-1
47,1,654,12,3,6,1,-1,-1,-1
47,2,579,281,3,3,1,-1,-1,-1
47,3,572,435,4,3,1,-1,-1,-1
47,4,303,469,3,3,1,-1,-1,-1
47,5,292,472,3,3,1,-1,-1,-1
47,6,733,496,3,3,1,-1,-1,-1
47,7,1019,576,3,3,1,-1,-1,-1
48,1,654,13,3,3,1,-1,-1,-1
48,2,545,231,3,3,1,-1,-1,-1
48,3,304,469,3,3,1,-1,-1,-1
48,4,738,498,3,3,1,-1,-1,-1
48,5,912,549,3,3,1,-1,-1,-1
48,6,916,550,3,3,1,-1,-1,-1
49,1,578,283,3,3,1,-1,-1,-1
49,2,504,446,3,3,1,-1,-1,-1
49,3,840,536,3,3,1,-1,-1,-1
49,4,844,537,4,3,1,-1,-1,-1
49,5,909,542,3,3,1,-1,-1,-1
49,6,913,549,6,4,1,-1,-1,-1
49,7,29,554,6,4,1,-1,-1,-1
50,1,544,232,3,3,1,-1,-1,-1
50,2,505,446,3,3,1,-1,-1,-1
50,3,295,472,3,3,1,-1,-1,-1
50,4,840,536,3,3,1,-1,-1,-1
51,1,652,15,4,6,1,-1,-1,-1
51,2,543,232,3,3,1,-1,-1,-1
51,3,579,279,4,6,1,-1,-1,-1
51,4,660,437,3,3,1,-1,-1,-1
51,5,510,447,3,3,1,-1,-1,-1
51,6,737,497,6,5,1,-1,-1,-1
51,7,846,537,3,3,1,-1,-1,-1
51,8,907,541,3,4,1,-1,-1,-1
51,9,915,550,3,3,1,-1,-1,-1
51,10,919,550,3,4,1,-1,-1,-1
51,11,1009,580,3,3,1,-1,-1,-1
52,1,583,197,4,6,1,-1,-1,-1
52,2,950,289,3,3,1,-1,-1,-1
52,3,562,434,4,3,1,-1,-1,-1
52,4,737,497,3,3,1,-1,-1,-1
52,5,916,550,3,3,1,-1,-1,-1
52,6,1009,580,3,3,1,-1,-1,-1
53,1,583,199,3,5,1,-1,-1,-1
53,2,307,468,3,3,1,-1,-1,-1
54,1,581,278,3,3,1,-1,-1,-1
54,2,433,389,3,3,1,-1,-1,-1
54,3,561,433,3,3,1,-1,-1,-1
54,4,740,499,6,4,1,-1,-1,-1
54,5,872,534,3,3,1,-1,-1,-1
54,6,844,537,3,3,1,-1,-1,-1
54,7,918,550,3,3,1,-1,-1,-1
54,8,973,574,3,3,1,-1,-1,-1
55,1,583,198,3,3,1,-1,-1,-1
55,2,580,277,5,6,1,-1,-1,-1
55,3,565,434,4,3,1,-1,-1,-1
55,4,308,467,3,3,1,-1,-1,-1
55,5,298,471,3,3,1,-1,-1,-1
55,6,745,501,3,3,1,-1,-1,-1
55,7,850,538,3,3,1,-1,-1,-1
55,8,924,552,3,3,1,-1,-1,-1
55,9,355,582,3,3,1,-1,-1,-1
55,10,853,671,3,3,1,-1,-1,-1
56,1,486,330,3,3,1,-1,-1,-1
56,2,431,390,3,3,1,-1,-1,-1
56,3,511,447,3,3,1,-1,-1,-1
56,4,744,501,4,3,1,-1,-1,-1
56,5,850,537,3,4,1,-1,-1,-1
56,6,924,552,3,3,1,-1,-1,-1
56,7,853,671,3,3,1,-1,-1,-1
57,1,582,201,3,5,1,-1,-1,-1
57,2,299,470,3,3,1,-1,-1,-1
57,3,846,537,3,3,1,-1,-1,-1
58,1,578,323,3,3,1,-1,-1,-1
58,2,577,332,4,3,1,-1,-1,-1
58,3,557,433,3,3,1,-1,-1,-1
58,4,847,537,3,3,1,-1,-1,-1
58,5,729,1017,3,3,1,-1,-1,-1
59,1,645,62,3,3,1,-1,-1,-1
59,2,582,205,3,3,1,-1,-1,-1
59,3,853,538,3,3,1,-1,-1,-1
59,4,899,540,3,3,1,-1,-1,-1
59,5,21,558,3,3,1,-1,-1,-1
59,6,353,587,3,3,1,-1,-1,-1
60,1,649,56,3,3,1,-1,-1,-1
60,2,581,206,3,3,1,-1,-1,-1
60,3,541,237,4,3,1,-1,-1,-1
60,4,581,277,3,3,1,-1,-1,-1
60,5,312,466,3,3,1,-1,-1,-1
60,6,744,501,3,3,1,-1,-1,-1
60,7,749,502,3,3,1,-1,-1,-1
60,8,853,539,4,3,1,-1,-1,-1
60,9,924,552,3,3,1,-1,-1,-1
61,1,582,274,5,5,1,-1,-1,-1
61,2,929,553,3,3,1,-1,-1,-1
61,3,1011,577,3,3,1,-1,-1,-1
61,4,850,671,3,3,1,-1,-1,-1
62,1,649,24,4,6,1,-1,-1,-1
62,2,582,204,3,3,1,-1,-1,-1
62,3,540,237,3,3,1,-1,-1,-1
62,4,582,273,5,6,1,-1,-1,-1
62,5,153,291,3,3,1,-1,-1,-1
62,6,580,329,3,3,1,-1,-1,-1
62,7,552,432,4,3,1,-1,-1,-1
62,8,851,538,3,3,1,-1,-1,-1
62,9,855,539,3,3,1,-1,-1,-1
63,1,646,60,3,3,1,-1,-1,-1
63,2,581,205,4,6,1,-1,-1,-1
63,3,484,333,3,3,1,-1,-1,-1
63,4,314,466,3,3,1,-1,-1,-1
63,5,303,469,3,3,1,-1,-1,-1
63,6,747,502,4,3,1,-1,-1,-1
63,7,856,539,3,3,1,-1,-1,-1
63,8,1013,578,3,3,1,-1,-1,-1
63,9,1015,582,4,3,1,-1,-1,-1
63,10,1020,583,3,3,1,-1,-1,-1
64,1,656,432,4,4,1,-1,-1,-1
64,2,304,469,3,3,1,-1,-1,-1
64,3,748,502,3,3,1,-1,-1,-1
64,4,752,504,3,3,1,-1,-1,-1
64,5,852,538,3,3,1,-1,-1,-1
64,6,857,538,3,5,1,-1,-1,-1
64,7,929,553,6,3,1,-1,-1,-1
64,8,1014,578,3,3,1,-1,-1,-1
64,9,1017,582,5,4,1,-1,-1,-1
65,1,649,26,3,3,1,-1,-1,-1
65,2,647,59,3,3,1,-1,-1,-1
65,3,580,210,3,3,1,-1,-1,-1
65,4,557,433,3,3,1,-1,-1,-1
65,5,316,465,3,3,1,-1,-1,-1
65,6,857,540,3,3,1,-1,-1,-1
65,7,929,553,3,3,1,-1,-1,-1
65,8,1016,579,3,3,1,-1,-1,-1
66,1,580,207,4,5,1,-1,-1,-1
66,2,525,449,3,3,1,-1,-1,-1
66,3,305,468,3,3,1,-1,-1,-1
66,4,750,503,7,5,1,-1,-1,-1
66,5,854,539,3,3,1,-1,-1,-1
66,6,859,540,3,3,1,-1,-1,-1
66,7,1012,577,7,5,1,-1,-1,-1
66,8,353,587,3,3,1,-1,-1,-1
67,1,584,270,5,6,1,-1,-1,-1
67,2,317,465,3,3,1,-1,-1,-1
67,3,754,505,3,3,1,-1,-1,-1
67,4,854,539,3,3,1,-1,-1,-1
67,5,860,539,3,3,1,-1,-1,-1
67,6,935,554,3,3,1,-1,-1,-1
67,7,1013,578,3,3,1,-1,-1,-1
67,8,1019,583,3,3,1,-1,-1,-1
68,1,580,330,3,3,1,-1,-1,-1
68,2,307,468,3,3,1,-1,-1,-1
68,3,855,539,3,3,1,-1,-1,-1
68,4,937,555,3,3,1,-1,-1,-1
68,5,1014,578,3,3,1,-1,-1,-1
68,6,164,939,3,3,1,-1,-1,-1
71,1,553,432,3,3,1,-1,-1,-1
71,2,754,505,3,3,1,-1,-1,-1
71,3,937,554,5,4,1,-1,-1,-1
71,4,7,563,3,3,1,-1,-1,-1
71,5,1018,579,3,3,1,-1,-1,-1
71,6,166,940,3,3,1,-1,-1,-1
72,1,858,540,3,3,1,-1,-1,-1
73,1,647,55,4,3,1,-1,-1,-1
73,2,579,216,3,3,1,-1,-1,-1
73,3,538,243,3,3,1,-1,-1,-1
73,4,760,507,3,3,1,-1,-1,-1
73,5,865,541,3,3,1,-1,-1,-1
73,6,942,556,3,3,1,-1,-1,-1
73,7,1020,580,3,3,1,-1,-1,-1
74,1,322,463,3,3,1,-1,-1,-1
74,2,757,506,3,3,1,-1,-1,-1
75,1,649,54,3,3,1,-1,-1,-1
75,2,537,244,3,3,1,-1,-1,-1
75,3,1020,581,3,3,1,-1,-1,-1
76,1,588,266,4,3,1,-1,-1,-1
76,2,541,431,4,3,1,-1,-1,-1
76,3,535,451,3,3,1,-1,-1,-1
76,4,313,466,3,3,1,-1,-1,-1
76,5,758,507,3,3,1,-1,-1,-1
76,6,862,541,3,3,1,-1,-1,-1
76,7,941,556,4,3,1,-1,-1,-1
76,8,985,565,3,3,1,-1,-1,-1
76,9,1000,582,3,3,1,-1,-1,-1
76,10,324,1004,3,3,1,-1,-1,-1
77,1,813,252,3,3,1,-1,-1,-1
77,2,536,451,3,3,1,-1,-1,-1
77,3,324,462,3,3,1,-1,-1,-1
77,4,759,507,3,3,1,-1,-1,-1
78,1,579,216,3,3,1,-1,-1,-1
78,2,546,432,4,3,1,-1,-1,-1
78,3,325,462,3,3,1,-1,-1,-1
78,4,764,509,3,3,1,-1,-1,-1
78,5,948,557,3,3,1,-1,-1,-1
78,6,170,940,3,3,1,-1,-1,-1
79,1,578,220,3,3,1,-1,-1,-1
79,2,462,431,3,3,1,-1,-1,-1
79,3,540,431,3,3,1,-1,-1,-1
79,4,325,462,3,3,1,-1,-1,-1
79,5,761,508,6,4,1,-1,-1,-1
79,6,864,541,3,3,1,-1,-1,-1
79,7,361,647,3,3,1,-1,-1,-1
80,1,650,52,3,3,1,-1,-1,-1
80,2,579,217,3,3,1,-1,-1,-1
80,3,315,465,4,3,1,-1,-1,-1
80,4,766,510,3,3,1,-1,-1,-1
81,1,644,39,3,3,1,-1,-1,-1
81,2,648,51,3,3,1,-1,-1,-1
81,3,534,247,3,3,1,-1,-1,-1
81,4,591,262,3,3,1,-1,-1,-1
81,5,536,451,3,3,1,-1,-1,-1
81,6,767,510,3,3,1,-1,-1,-1
81,7,947,557,3,3,1,-1,-1,-1
81,8,842,671,5,4,1,-1,-1,-1
82,1,579,219,3,3,1,-1,-1,-1
82,2,542,431,4,3,1,-1,-1,-1
82,3,539,452,4,3,1,-1,-1,-1
82,4,768,511,3,3,1,-1,-1,-1
82,5,866,542,3,3,1,-1,-1,-1
82,6,947,557,3,3,1,-1,-1,-1
82,7,951,558,3,3,1,-1,-1,-1
82,8,839,672,4,3,1,-1,-1,-1
83,1,328,461,3,3,1,-1,-1,-1
84,1,590,261,3,5,1,-1,-1,-1
84,2,581,346,3,3,1,-1,-1,-1
84,3,542,431,3,3,1,-1,-1,-1
84,4,329,461,3,3,1,-1,-1,-1
84,5,318,464,3,3,1,-1,-1,-1
84,6,874,534,3,3,1,-1,-1,-1
84,7,868,542,3,3,1,-1,-1,-1
84,8,953,559,3,3,1,-1,-1,-1
84,9,973,561,3,3,1,-1,-1,-1
84,10,977,562,3,3,1,-1,-1,-1
84,11,1009,585,3,3,1,-1,-1,-1
85,1,646,423,3,3,1,-1,-1,-1
85,2,540,431,4,3,1,-1,-1,-1
85,3,318,464,4,3,1,-1,-1,-1
85,4,766,510,3,3,1,-1,-1,-1
85,5,869,542,3,3,1,-1,-1,-1
85,6,950,558,3,3,1,-1,-1,-1
85,7,348,600,3,3,1,-1,-1,-1
85,8,838,672,4,3,1,-1,-1,-1
86,1,641,46,3,3,1,-1,-1,-1
86,2,576,225,3,3,1,-1,-1,-1
86,3,537,242,3,3,1,-1,-1,-1
86,4,135,302,3,3,1,-1,-1,-1
86,5,582,346,3,3,1,-1,-1,-1
86,6,540,452,3,3,1,-1,-1,-1
86,7,771,512,3,3,1,-1,-1,-1
86,8,953,559,4,3,1,-1,-1,-1
87,1,643,43,3,3,1,-1,-1,-1
87,2,533,250,3,3,1,-1,-1,-1
87,3,772,512,3,3,1,-1,-1,-1
87,4,975,561,3,3,1,-1,-1,-1
87,5,841,672,3,3,1,-1,-1,-1
88,1,653,42,3,3,1,-1,-1,-1
88,2,641,418,3,3,1,-1,-1,-1
88,3,331,460,4,3,1,-1,-1,-1
88,4,769,511,3,3,1,-1,-1,-1
88,5,877,542,3,4,1,-1,-1,-1
88,6,968,559,3,3,1,-1,-1,-1
89,1,577,224,3,3,1,-1,-1,-1
89,2,537,431,3,3,1,-1,-1,-1
89,3,547,453,3,3,1,-1,-1,-1
89,4,332,460,3,3,1,-1,-1,-1
89,5,968,559,3,3,1,-1,-1,-1
89,6,958,560,4,3,1,-1,-1,-1
90,1,652,41,3,3,1,-1,-1,-1
90,2,640,49,3,3,1,-1,-1,-1
90,3,593,257,3,3,1,-1,-1,-1
90,4,640,417,3,3,1,-1,-1,-1
90,5,530,430,3,3,1,-1,-1,-1
90,6,549,454,3,3,1,-1,-1,-1
90,7,322,463,3,3,1,-1,-1,-1
90,8,775,513,3,3,1,-1,-1,-1
90,9,872,543,4,3,1,-1,-1,-1
90,10,955,559,3,3,1,-1,-1,-1
91,1,334,459,3,3,1,-1,-1,-1
91,2,775,513,3,3,1,-1,-1,-1
91,3,958,560,5,4,1,-1,-1,-1
92,1,324,463,3,3,1,-1,-1,-1
92,2,961,561,4,3,1,-1,-1,-1
93,1,641,48,3,3,1,-1,-1,-1
93,2,639,52,3,3,1,-1,-1,-1
93,3,532,253,4,3,1,-1,-1,-1
93,4,593,256,3,3,1,-1,-1,-1
93,5,335,459,3,3,1,-1,-1,-1
93,6,777,514,3,3,1,-1,-1,-1
94,1,640,49,3,3,1,-1,-1,-1
94,2,325,462,3,3,1,-1,-1,-1
94,3,838,672,3,3,1,-1,-1,-1
95,1,575,232,3,3,1,-1,-1,-1
95,2,531,254,3,3,1,-1,-1,-1
95,3,593,254,4,6,1,-1,-1,-1
95,4,326,462,3,3,1,-1,-1,-1
95,5,775,513,3,3,1,-1,-1,-1
95,6,877,544,3,3,1,-1,-1,-1
96,1,575,233,3,3,1,-1,-1,-1
96,2,593,256,3,3,1,-1,-1,-1
96,3,584,351,3,4,1,-1,-1,-1
96,4,525,430,3,3,1,-1,-1,-1
96,5,530,430,4,3,1,-1,-1,-1
96,6,550,454,3,3,1,-1,-1,-1
96,7,780,515,3,3,1,-1,-1,-1
96,8,878,544,3,3,1,-1,-1,-1
96,9,882,545,3,3,1,-1,-1,-1
96,10,962,561,7,4,1,-1,-1,-1
96,11,1022,589,2,3,1,-1,-1,-1
97,1,531,255,3,3,1,-1,-1,-1
97,2,551,454,3,3,1,-1,-1,-1
97,3,338,458,3,3,1,-1,-1,-1
97,4,778,514,5,4,1,-1,-1,-1
98,1,637,53,5,6,1,-1,-1,-1
98,2,576,231,3,3,1,-1,-1,-1
98,3,595,252,3,3,1,-1,-1,-1
98,4,585,353,3,3,1,-1,-1,-1
98,5,328,461,3,3,1,-1,-1,-1
98,6,957,556,3,3,1,-1,-1,-1
98,7,965,562,3,3,1,-1,-1,-1
98,8,836,672,3,3,1,-1,-1,-1
100,1,586,354,3,3,1,-1,-1,-1
101,1,638,414,3,3,1,-1,-1,-1
101,2,782,516,3,3,1,-1,-1,-1
101,3,971,564,3,3,1,-1,-1,-1
101,4,832,672,4,3,1,-1,-1,-1
102,1,584,355,3,3,1,-1,-1,-1
102,2,330,460,3,3,1,-1,-1,-1
103,1,884,545,3,3,1,-1,-1,-1
104,1,589,356,3,3,1,-1,-1,-1
104,2,332,460,3,3,1,-1,-1,-1
105,1,531,251,3,3,1,-1,-1,-1
105,2,332,460,3,3,1,-1,-1,-1
106,1,636,59,3,3,1,-1,-1,-1
106,2,575,237,3,3,1,-1,-1,-1
106,3,533,253,3,3,1,-1,-1,-1
106,4,589,357,4,4,1,-1,-1,-1
106,5,789,518,4,3,1,-1,-1,-1
106,6,344,606,3,3,1,-1,-1,-1
107,1,596,247,5,6,1,-1,-1,-1
107,2,591,360,3,3,1,-1,-1,-1
107,3,334,459,3,3,1,-1,-1,-1
108,1,345,456,3,3,1,-1,-1,-1
108,2,335,459,3,3,1,-1,-1,-1
108,3,979,566,3,3,1,-1,-1,-1
109,1,635,61,3,3,1,-1,-1,-1
109,2,346,456,3,3,1,-1,-1,-1
109,3,562,457,3,3,1,-1,-1,-1
109,4,168,504,3,3,1,-1,-1,-1
109,5,791,519,3,3,1,-1,-1,-1
109,6,950,554,3,3,1,-1,-1,-1
109,7,977,566,4,3,1,-1,-1,-1
111,1,631,63,6,6,1,-1,-1,-1
111,2,573,240,4,7,1,-1,-1,-1
111,3,597,248,3,3,1,-1,-1,-1
111,4,592,361,3,4,1,-1,-1,-1
111,5,632,408,3,3,1,-1,-1,-1
111,6,565,457,3,3,1,-1,-1,-1
111,7,337,459,3,3,1,-1,-1,-1
111,8,790,518,3,3,1,-1,-1,-1
111,9,943,552,3,3,1,-1,-1,-1
111,10,947,553,3,3,1,-1,-1,-1
111,11,978,566,6,4,1,-1,-1,-1
112,1,119,312,3,3,1,-1,-1,-1
112,2,942,552,3,3,1,-1,-1,-1
112,3,982,567,3,3,1,-1,-1,-1
113,1,632,65,4,6,1,-1,-1,-1
113,2,598,244,4,5,1,-1,-1,-1
113,3,526,263,3,3,1,-1,-1,-1
113,4,592,361,3,3,1,-1,-1,-1
113,5,517,429,3,3,1,-1,-1,-1
113,6,339,458,3,3,1,-1,-1,-1
113,7,792,519,3,3,1,-1,-1,-1
113,8,796,520,3,3,1,-1,-1,-1
113,9,984,567,3,3,1,-1,-1,-1
114,1,630,66,4,5,1,-1,-1,-1
114,2,573,243,4,5,1,-1,-1,-1
114,3,598,246,3,3,1,-1,-1,-1
114,4,529,256,3,3,1,-1,-1,-1
114,5,592,362,4,6,1,-1,-1,-1
114,6,457,413,3,3,1,-1,-1,-1
114,7,516,429,3,3,1,-1,-1,-1
114,8,339,458,3,3,1,-1,-1,-1
114,9,571,459,3,3,1,-1,-1,-1
114,10,165,504,4,4,1,-1,-1,-1
114,11,792,519,3,3,1,-1,-1,-1
114,12,796,520,3,3,1,-1,-1,-1
114,13,940,551,3,3,1,-1,-1,-1
114,14,981,566,6,5,1,-1,-1,-1
115,1,658,29,3,3,1,-1,-1,-1
115,2,594,375,4,3,1,-1,-1,-1
115,3,508,429,3,3,1,-1,-1,-1
115,4,514,429,4,3,1,-1,-1,-1
115,5,567,458,4,3,1,-1,-1,-1
115,6,797,521,3,3,1,-1,-1,-1
115,7,897,548,3,3,1,-1,-1,-1
116,1,629,67,7,6,1,-1,-1,-1
116,2,600,242,3,3,1,-1,-1,-1
116,3,572,248,3,3,1,-1,-1,-1
116,4,568,459,4,3,1,-1,-1,-1
116,5,574,460,3,3,1,-1,-1,-1
116,6,795,520,3,3,1,-1,-1,-1
116,7,342,613,3,3,1,-1,-1,-1
117,1,633,67,3,3,1,-1,-1,-1
117,2,630,71,4,3,1,-1,-1,-1
117,3,599,244,3,3,1,-1,-1,-1
117,4,572,248,3,3,1,-1,-1,-1
117,5,589,363,3,3,1,-1,-1,-1
117,6,341,458,3,3,1,-1,-1,-1
117,7,894,547,3,3,1,-1,-1,-1
118,1,630,72,4,3,1,-1,-1,-1
118,2,600,240,3,3,1,-1,-1,-1
118,3,572,250,3,3,1,-1,-1,-1
118,4,595,366,3,5,1,-1,-1,-1
118,5,505,429,4,3,1,-1,-1,-1
118,6,342,457,3,3,1,-1,-1,-1
118,7,821,674,3,3,1,-1,-1,-1
119,1,632,69,3,3,1,-1,-1,-1
119,2,573,250,3,3,1,-1,-1,-1
119,3,590,364,3,3,1,-1,-1,-1
119,4,511,429,3,3,1,-1,-1,-1
119,5,797,520,3,4,1,-1,-1,-1
119,6,896,548,3,3,1,-1,-1,-1
119,7,69,684,3,3,1,-1,-1,-1
120,1,573,247,3,3,1,-1,-1,-1
120,2,572,251,3,3,1,-1,-1,-1
120,3,594,366,3,3,1,-1,-1,-1
120,4,353,454,3,3,1,-1,-1,-1
120,5,343,457,3,3,1,-1,-1,-1
120,6,802,522,3,3,1,-1,-1,-1
120,7,896,548,3,3,1,-1,-1,-1
121,1,523,267,3,3,1,-1,-1,-1
121,2,595,367,3,3,1,-1,-1,-1
121,3,799,521,3,3,1,-1,-1,-1
121,4,898,548,3,3,1,-1,-1,-1
121,5,902,549,3,3,1,-1,-1,-1
121,6,932,549,3,3,1,-1,-1,-1
122,1,509,429,3,3,1,-1,-1,-1
122,2,903,549,3,3,1,-1,-1,-1
123,1,572,253,3,4,1,-1,-1,-1
123,2,591,366,3,3,1,-1,-1,-1
123,3,345,456,3,3,1,-1,-1,-1
123,4,801,522,3,3,1,-1,-1,-1
124,1,356,453,3,3,1,-1,-1,-1
124,2,805,523,3,3,1,-1,-1,-1
124,3,342,1012,3,3,1,-1,-1,-1
125,1,629,73,4,4,1,-1,-1,-1
125,2,572,251,3,3,1,-1,-1,-1
125,3,572,255,3,3,1,-1,-1,-1
125,4,591,367,3,3,1,-1,-1,-1
125,5,596,369,3,3,1,-1,-1,-1
125,6,597,373,3,3,1,-1,-1,-1
125,7,802,522,3,3,1,-1,-1,-1
125,8,932,549,3,3,1,-1,-1,-1
126,1,602,236,3,3,1,-1,-1,-1
126,2,572,252,3,3,1,-1,-1,-1
126,3,579,461,3,3,1,-1,-1,-1
126,4,902,549,3,3,1,-1,-1,-1
127,1,628,79,3,3,1,-1,-1,-1
127,2,601,239,3,3,1,-1,-1,-1
127,3,599,374,3,3,1,-1,-1,-1
127,4,808,524,3,3,1,-1,-1,-1
127,5,902,549,3,3,1,-1,-1,-1
127,6,906,550,4,3,1,-1,-1,-1
128,1,629,77,3,3,1,-1,-1,-1
128,2,602,238,3,3,1,-1,-1,-1
128,3,598,375,4,3,1,-1,-1,-1
128,4,908,550,3,3,1,-1,-1,-1
128,5,820,674,3,3,1,-1,-1,-1
131,1,659,26,3,3,1,-1,-1,-1
131,2,544,67,3,3,1,-1,-1,-1
131,3,625,77,6,5,1,-1,-1,-1
131,4,906,550,8,4,1,-1,-1,-1
131,5,426,635,3,3,1,-1,-1,-1
132,1,627,80,4,6,1,-1,-1,-1
132,2,604,233,3,3,1,-1,-1,-1
132,3,600,377,3,3,1,-1,-1,-1
132,4,601,381,3,3,1,-1,-1,-1
132,5,495,428,3,3,1,-1,-1,-1
133,1,626,84,3,4,1,-1,-1,-1
133,2,520,273,4,3,1,-1,-1,-1
133,3,600,383,3,3,1,-1,-1,-1
133,4,363,452,3,3,1,-1,-1,-1
133,5,353,454,3,3,1,-1,-1,-1
133,6,347,1015,3,3,1,-1,-1,-1
134,1,602,234,4,3,1,-1,-1,-1
134,2,601,378,3,3,1,-1,-1,-1
134,3,353,454,3,3,1,-1,-1,-1
134,4,810,524,3,3,1,-1,-1,-1
135,1,524,267,3,3,1,-1,-1,-1
135,2,593,372,3,3,1,-1,-1,-1
135,3,601,379,3,3,1,-1,-1,-1
135,4,353,454,3,3,1,-1,-1,-1
135,5,909,550,3,3,1,-1,-1,-1
137,1,600,378,3,3,1,-1,-1,-1
138,1,468,405,3,3,1,-1,-1,-1
139,1,602,380,3,4,1,-1,-1,-1
139,2,595,465,3,3,1,-1,-1,-1
139,3,916,545,3,3,1,-1,-1,-1
140,1,852,263,3,3,1,-1,-1,-1
140,2,603,387,3,3,1,-1,-1,-1
140,3,487,429,3,3,1,-1,-1,-1
140,4,912,551,3,3,1,-1,-1,-1
140,5,1012,577,3,3,1,-1,-1,-1
141,1,913,551,3,3,1,-1,-1,-1
141,2,1012,577,3,3,1,-1,-1,-1
142,1,358,453,3,3,1,-1,-1,-1
143,1,623,92,3,3,1,-1,-1,-1
143,2,521,271,3,3,1,-1,-1,-1
143,3,605,385,3,3,1,-1,-1,-1
143,4,370,450,3,3,1,-1,-1,-1
143,5,914,552,4,3,1,-1,-1,-1
143,6,919,552,4,3,1,-1,-1,-1
144,1,517,278,3,3,1,-1,-1,-1
144,2,370,450,3,3,1,-1,-1,-1
144,3,916,552,3,3,1,-1,-1,-1
144,4,1012,577,3,3,1,-1,-1,-1
145,1,624,91,3,3,1,-1,-1,-1
145,2,921,553,4,3,1,-1,-1,-1
145,3,337,624,4,4,1,-1,-1,-1
146,1,604,385,5,5,1,-1,-1,-1
146,2,362,452,3,3,1,-1,-1,-1
146,3,602,467,3,3,1,-1,-1,-1
147,1,520,273,3,3,1,-1,-1,-1
147,2,516,279,3,3,1,-1,-1,-1
147,3,606,387,3,4,1,-1,-1,-1
147,4,918,552,3,3,1,-1,-1,-1
147,5,818,915,3,3,1,-1,-1,-1
148,1,516,280,3,3,1,-1,-1,-1
148,2,607,388,3,3,1,-1,-1,-1
149,1,606,226,3,3,1,-1,-1,-1
149,2,570,269,4,8,1,-1,-1,-1
149,3,520,274,3,3,1,-1,-1,-1
149,4,589,355,3,3,1,-1,-1,-1
149,5,607,389,3,3,1,-1,-1,-1
149,6,470,403,3,3,1,-1,-1,-1
149,7,1017,579,3,3,1,-1,-1,-1
149,8,391,637,3,3,1,-1,-1,-1
150,1,519,274,3,3,1,-1,-1,-1
150,2,515,281,3,3,1,-1,-1,-1
150,3,606,387,5,6,1,-1,-1,-1
150,4,920,553,3,3,1,-1,-1,-1
151,1,620,99,3,3,1,-1,-1,-1
151,2,608,222,3,4,1,-1,-1,-1
151,3,606,388,5,6,1,-1,-1,-1
151,4,1019,580,5,5,1,-1,-1,-1
152,1,606,388,5,6,1,-1,-1,-1
153,1,621,97,3,3,1,-1,-1,-1
153,2,607,224,3,3,1,-1,-1,-1
153,3,607,389,5,6,1,-1,-1,-1
153,4,472,402,3,3,1,-1,-1,-1
153,5,367,451,3,3,1,-1,-1,-1
153,6,605,468,3,3,1,-1,-1,-1
153,7,922,553,4,3,1,-1,-1,-1
154,1,518,277,3,3,1,-1,-1,-1
154,2,609,392,3,3,1,-1,-1,-1
154,3,610,469,3,3,1,-1,-1,-1
155,1,588,361,3,3,1,-1,-1,-1
155,2,608,390,5,6,1,-1,-1,-1
155,3,929,555,3,3,1,-1,-1,-1
156,1,620,99,4,3,1,-1,-1,-1
156,2,609,394,4,3,1,-1,-1,-1
156,3,897,541,3,3,1,-1,-1,-1
156,4,924,554,4,3,1,-1,-1,-1
157,1,926,554,3,3,1,-1,-1,-1
158,1,589,361,3,4,1,-1,-1,-1
158,2,609,393,5,5,1,-1,-1,-1
158,3,380,448,3,3,1,-1,-1,-1
160,1,933,556,3,3,1,-1,-1,-1
161,1,610,217,3,3,1,-1,-1,-1
161,2,512,286,3,4,1,-1,-1,-1
161,3,609,397,3,3,1,-1,-1,-1
161,4,886,539,3,3,1,-1,-1,-1
161,5,933,556,4,3,1,-1,-1,-1
162,1,617,107,3,3,1,-1,-1,-1
162,2,517,281,3,3,1,-1,-1,-1
162,3,512,287,4,3,1,-1,-1,-1
162,4,934,556,3,3,1,-1,-1,-1
163,1,609,218,3,3,1,-1,-1,-1
163,2,511,287,5,4,1,-1,-1,-1
163,3,590,365,3,3,1,-1,-1,-1
163,4,601,386,3,3,1,-1,-1,-1
163,5,610,398,3,3,1,-1,-1,-1
163,6,614,399,3,3,1,-1,-1,-1
163,7,613,470,3,3,1,-1,-1,-1
163,8,930,555,3,3,1,-1,-1,-1
163,9,1022,573,2,4,1,-1,-1,-1
163,10,801,676,3,3,1,-1,-1,-1
164,1,589,364,3,3,1,-1,-1,-1
165,1,617,106,3,3,1,-1,-1,-1
165,2,601,387,3,3,1,-1,-1,-1
165,3,614,399,3,3,1,-1,-1,-1
165,4,932,555,3,3,1,-1,-1,-1
166,1,937,557,4,3,1,-1,-1,-1
167,1,602,388,3,3,1,-1,-1,-1
168,1,611,213,3,3,1,-1,-1,-1
168,2,616,402,3,3,1,-1,-1,-1
169,1,616,110,3,3,1,-1,-1,-1
169,2,846,534,3,3,1,-1,-1,-1
170,1,616,110,3,3,1,-1,-1,-1
171,1,614,115,3,3,1,-1,-1,-1
171,2,610,213,3,3,1,-1,-1,-1
171,3,615,400,5,7,1,-1,-1,-1
171,4,460,428,4,4,1,-1,-1,-1
171,5,845,534,3,3,1,-1,-1,-1
171,6,849,534,3,3,1,-1,-1,-1
171,7,937,557,3,3,1,-1,-1,-1
171,8,941,558,3,3,1,-1,-1,-1
172,1,667,7,4,3,1,-1,-1,-1
173,1,670,1,3,3,1,-1,-1,-1
173,2,611,209,3,5,1,-1,-1,-1
173,3,618,405,4,3,1,-1,-1,-1
173,4,766,501,3,3,1,-1,-1,-1
173,5,847,534,3,3,1,-1,-1,-1
173,6,877,537,3,3,1,-1,-1,-1
173,7,939,557,3,3,1,-1,-1,-1
173,8,792,677,3,3,1,-1,-1,-1
174,1,613,117,3,3,1,-1,-1,-1
174,2,508,293,4,3,1,-1,-1,-1
174,3,619,404,3,4,1,-1,-1,-1
174,4,939,557,3,3,1,-1,-1,-1
175,1,670,0,3,3,1,-1,-1,-1
175,2,668,6,3,3,1,-1,-1,-1
175,3,612,119,3,3,1,-1,-1,-1
175,4,507,293,3,3,1,-1,-1,-1
175,5,604,392,5,3,1,-1,-1,-1
175,6,614,404,4,3,1,-1,-1,-1
175,7,620,407,3,3,1,-1,-1,-1
175,8,456,429,5,3,1,-1,-1,-1
175,9,354,438,3,3,1,-1,-1,-1
175,10,939,557,3,3,1,-1,-1,-1
175,11,944,559,4,3,1,-1,-1,-1
175,12,791,677,3,3,1,-1,-1,-1
176,1,508,294,3,3,1,-1,-1,-1
176,2,618,404,5,6,1,-1,-1,-1
177,1,670,0,4,2,1,-1,-1,-1
177,2,462,429,4,3,1,-1,-1,-1
178,1,612,121,3,3,1,-1,-1,-1
178,2,508,295,3,3,1,-1,-1,-1
179,1,614,106,3,3,1,-1,-1,-1
179,2,510,288,3,3,1,-1,-1,-1
179,3,621,408,3,3,1,-1,-1,-1
179,4,459,429,4,3,1,-1,-1,-1
179,5,356,437,3,3,1,-1,-1,-1
179,6,385,447,3,3,1,-1,-1,-1
179,7,631,475,5,4,1,-1,-1,-1
179,8,761,499,3,3,1,-1,-1,-1
179,9,851,535,4,3,1,-1,-1,-1
179,10,865,534,4,3,1,-1,-1,-1
179,11,856,536,5,5,1,-1,-1,-1
179,12,943,558,3,3,1,-1,-1,-1
179,13,948,560,3,3,1,-1,-1,-1
179,14,792,677,3,3,1,-1,-1,-1
179,15,78,920,3,3,1,-1,-1,-1
179,16,402,1015,4,4,1,-1,-1,-1
180,1,612,206,3,4,1,-1,-1,-1
180,2,620,407,3,3,1,-1,-1,-1
181,1,611,123,3,3,1,-1,-1,-1
182,1,670,2,3,3,1,-1,-1,-1
182,2,612,207,3,3,1,-1,-1,-1
182,3,506,297,3,3,1,-1,-1,-1
182,4,487,389,3,3,1,-1,-1,-1
182,5,623,411,3,3,1,-1,-1,-1
182,6,457,429,5,3,1,-1,-1,-1
182,7,633,476,4,3,1,-1,-1,-1
182,8,951,560,3,3,1,-1,-1,-1
184,1,622,410,4,4,1,-1,-1,-1
184,2,456,429,3,3,1,-1,-1,-1
184,3,860,533,4,3,1,-1,-1,-1
184,4,951,560,4,3,1,-1,-1,-1
185,1,142,530,3,3,1,-1,-1,-1
186,1,609,127,3,3,1,-1,-1,-1
186,2,612,202,4,5,1,-1,-1,-1
186,3,454,429,4,3,1,-1,-1,-1
186,4,637,477,3,3,1,-1,-1,-1
186,5,641,478,3,3,1,-1,-1,-1
186,6,863,537,3,4,1,-1,-1,-1
186,7,908,536,5,3,1,-1,-1,-1
187,1,670,0,4,2,1,-1,-1,-1
188,1,671,0,4,2,1,-1,-1,-1
188,2,609,128,3,4,1,-1,-1,-1
188,3,80,136,3,3,1,-1,-1,-1
188,4,612,201,4,5,1,-1,-1,-1
188,5,78,334,3,3,1,-1,-1,-1
188,6,487,389,3,4,1,-1,-1,-1
188,7,609,398,3,3,1,-1,-1,-1
188,8,624,412,5,6,1,-1,-1,-1
188,9,446,430,4,3,1,-1,-1,-1
188,10,372,442,3,3,1,-1,-1,-1
188,11,639,478,3,3,1,-1,-1,-1
188,12,754,495,3,4,1,-1,-1,-1
188,13,774,505,3,3,1,-1,-1,-1
188,14,140,531,3,3,1,-1,-1,-1
188,15,856,532,8,4,1,-1,-1,-1
188,16,865,538,3,5,1,-1,-1,-1
188,17,954,561,3,3,1,-1,-1,-1
188,18,784,678,3,3,1,-1,-1,-1
191,1,489,388,3,3,1,-1,-1,-1
191,2,620,409,3,3,1,-1,-1,-1
191,3,629,415,3,4,1,-1,-1,-1
191,4,444,430,3,3,1,-1,-1,-1
191,5,641,478,5,3,1,-1,-1,-1
191,6,857,532,3,3,1,-1,-1,-1
191,7,900,533,3,3,1,-1,-1,-1
192,1,607,131,3,3,1,-1,-1,-1
192,2,443,430,3,3,1,-1,-1,-1
192,3,864,538,3,3,1,-1,-1,-1
192,4,953,561,4,3,1,-1,-1,-1
192,5,958,562,3,3,1,-1,-1,-1
193,1,614,198,3,4,1,-1,-1,-1
193,2,503,302,3,3,1,-1,-1,-1
193,3,610,401,3,3,1,-1,-1,-1
193,4,629,418,4,3,1,-1,-1,-1
193,5,442,430,4,3,1,-1,-1,-1
193,6,953,560,4,4,1,-1,-1,-1
193,7,958,562,3,3,1,-1,-1,-1
193,8,781,679,3,3,1,-1,-1,-1
194,1,614,198,3,3,1,-1,-1,-1
194,2,644,479,3,3,1,-1,-1,-1
194,3,769,503,3,3,1,-1,-1,-1
194,4,955,560,5,6,1,-1,-1,-1
195,1,614,197,3,3,1,-1,-1,-1
195,2,572,307,3,3,1,-1,-1,-1
195,3,71,337,3,3,1,-1,-1,-1
196,1,607,132,3,3,1,-1,-1,-1
196,2,606,136,3,3,1,-1,-1,-1
196,3,572,305,4,6,1,-1,-1,-1
196,4,444,430,3,3,1,-1,-1,-1
196,5,872,540,3,3,1,-1,-1,-1
196,6,961,563,3,3,1,-1,-1,-1
196,7,997,565,3,3,1,-1,-1,-1
196,8,334,638,3,3,1,-1,-1,-1
197,1,607,132,3,3,1,-1,-1,-1
197,2,614,196,3,5,1,-1,-1,-1
198,1,572,306,3,3,1,-1,-1,-1
198,2,652,482,4,3,1,-1,-1,-1
198,3,957,562,3,3,1,-1,-1,-1
199,1,502,305,3,3,1,-1,-1,-1
199,2,572,306,3,3,1,-1,-1,-1
199,3,442,430,4,3,1,-1,-1,-1
200,1,573,311,3,3,1,-1,-1,-1
201,1,606,136,3,3,1,-1,-1,-1
201,2,501,306,3,3,1,-1,-1,-1
201,3,572,308,4,6,1,-1,-1,-1
201,4,632,420,3,3,1,-1,-1,-1
201,5,441,430,3,3,1,-1,-1,-1
201,6,651,481,3,3,1,-1,-1,-1
201,7,764,500,3,4,1,-1,-1,-1
201,8,872,540,3,3,1,-1,-1,-1
201,9,960,563,3,3,1,-1,-1,-1
201,10,964,564,3,3,1,-1,-1,-1
201,11,581,1010,3,3,1,-1,-1,-1
202,1,573,312,3,3,1,-1,-1,-1
202,2,632,421,3,3,1,-1,-1,-1
202,3,965,564,3,3,1,-1,-1,-1
203,1,961,563,3,3,1,-1,-1,-1
204,1,604,142,3,3,1,-1,-1,-1
204,2,615,192,3,3,1,-1,-1,-1
204,3,573,311,3,5,1,-1,-1,-1
204,4,632,422,6,6,1,-1,-1,-1
204,5,365,442,3,3,1,-1,-1,-1
204,6,876,540,6,4,1,-1,-1,-1
204,7,962,563,3,3,1,-1,-1,-1
204,8,988,562,7,4,1,-1,-1,-1
205,1,625,418,3,3,1,-1,-1,-1
205,2,636,426,3,3,1,-1,-1,-1
205,3,364,442,3,3,1,-1,-1,-1
205,4,991,563,3,3,1,-1,-1,-1
205,5,968,565,3,3,1,-1,-1,-1
206,1,573,311,3,3,1,-1,-1,-1
206,2,363,443,3,3,1,-1,-1,-1
206,3,881,527,3,3,1,-1,-1,-1
206,4,987,561,6,5,1,-1,-1,-1
206,5,968,565,4,3,1,-1,-1,-1
207,1,498,309,4,3,1,-1,-1,-1
207,2,573,312,4,6,1,-1,-1,-1
207,3,634,424,3,3,1,-1,-1,-1
207,4,878,541,3,4,1,-1,-1,-1
208,1,626,420,3,3,1,-1,-1,-1
208,2,884,542,3,3,1,-1,-1,-1
208,3,984,561,3,3,1,-1,-1,-1
209,1,638,428,3,3,1,-1,-1,-1
210,1,573,314,3,3,1,-1,-1,-1
210,2,636,426,6,6,1,-1,-1,-1
211,1,602,145,4,4,1,-1,-1,-1
211,2,573,315,4,6,1,-1,-1,-1
211,3,637,427,6,5,1,-1,-1,-1
211,4,661,484,3,3,1,-1,-1,-1
211,5,972,566,3,3,1,-1,-1,-1
212,1,574,315,3,3,1,-1,-1,-1
212,2,637,427,3,3,1,-1,-1,-1
212,3,973,566,3,3,1,-1,-1,-1
213,1,601,150,3,3,1,-1,-1,-1
213,2,638,428,3,3,1,-1,-1,-1
213,3,667,486,3,3,1,-1,-1,-1
213,4,163,524,3,3,1,-1,-1,-1
213,5,888,543,3,3,1,-1,-1,-1
213,6,105,925,4,3,1,-1,-1,-1
214,1,574,317,3,3,1,-1,-1,-1
214,2,639,429,3,3,1,-1,-1,-1
214,3,353,445,3,3,1,-1,-1,-1
214,4,889,543,3,3,1,-1,-1,-1
215,1,574,317,3,3,1,-1,-1,-1
215,2,575,321,3,3,1,-1,-1,-1
215,3,639,429,6,6,1,-1,-1,-1
215,4,422,443,4,3,1,-1,-1,-1
215,5,733,485,3,3,1,-1,-1,-1
216,1,617,184,3,3,1,-1,-1,-1
216,2,574,319,4,6,1,-1,-1,-1
216,3,597,348,3,3,1,-1,-1,-1
216,4,640,430,5,5,1,-1,-1,-1
216,5,670,487,3,3,1,-1,-1,-1
216,6,887,543,3,3,1,-1,-1,-1
216,7,979,559,3,3,1,-1,-1,-1
216,8,983,561,3,3,1,-1,-1,-1
216,9,976,567,4,3,1,-1,-1,-1
217,1,617,183,3,3,1,-1,-1,-1
217,2,575,320,3,5,1,-1,-1,-1
217,3,640,430,6,6,1,-1,-1,-1
217,4,670,487,3,3,1,-1,-1,-1
218,1,601,150,3,3,1,-1,-1,-1
218,2,600,154,3,3,1,-1,-1,-1
218,3,592,177,3,3,1,-1,-1,-1
218,4,617,186,3,3,1,-1,-1,-1
218,5,496,314,3,3,1,-1,-1,-1
218,6,641,431,6,6,1,-1,-1,-1
218,7,424,443,4,3,1,-1,-1,-1
218,8,354,445,3,3,1,-1,-1,-1
218,9,113,453,3,3,1,-1,-1,-1
218,10,672,488,3,3,1,-1,-1,-1
218,11,754,496,3,3,1,-1,-1,-1
218,12,981,561,6,4,1,-1,-1,-1
218,13,973,566,3,3,1,-1,-1,-1
218,14,977,568,4,3,1,-1,-1,-1
218,15,112,926,3,3,1,-1,-1,-1
221,1,617,182,3,4,1,-1,-1,-1
221,2,644,434,4,4,1,-1,-1,-1
221,3,980,569,3,3,1,-1,-1,-1
221,4,246,967,3,3,1,-1,-1,-1
222,1,599,156,3,3,1,-1,-1,-1
223,1,575,323,3,3,1,-1,-1,-1
223,2,645,434,5,6,1,-1,-1,-1
223,3,765,682,3,3,1,-1,-1,-1
223,4,111,926,3,3,1,-1,-1,-1
224,1,673,488,3,3,1,-1,-1,-1
224,2,817,521,3,3,1,-1,-1,-1
224,3,977,567,3,3,1,-1,-1,-1
224,4,982,569,3,3,1,-1,-1,-1
224,5,765,682,3,3,1,-1,-1,-1
225,1,648,438,3,3,1,-1,-1,-1
226,1,599,157,3,3,1,-1,-1,-1
226,2,497,311,3,3,1,-1,-1,-1
226,3,493,318,4,3,1,-1,-1,-1
226,4,576,326,4,6,1,-1,-1,-1
226,5,680,490,3,3,1,-1,-1,-1
226,6,984,569,3,3,1,-1,-1,-1
227,1,597,161,4,3,1,-1,-1,-1
227,2,618,178,3,3,1,-1,-1,-1
227,3,576,326,3,3,1,-1,-1,-1
227,4,577,330,3,3,1,-1,-1,-1
227,5,647,436,3,3,1,-1,-1,-1
227,6,813,520,3,3,1,-1,-1,-1
227,7,897,545,3,3,1,-1,-1,-1
227,8,901,546,3,3,1,-1,-1,-1
227,9,980,568,4,3,1,-1,-1,-1
227,10,119,928,3,3,1,-1,-1,-1
228,1,598,159,3,4,1,-1,-1,-1
228,2,617,178,3,5,1,-1,-1,-1
228,3,497,312,3,3,1,-1,-1,-1
228,4,647,437,4,3,1,-1,-1,-1
228,5,681,491,3,3,1,-1,-1,-1
228,6,742,491,3,3,1,-1,-1,-1
228,7,812,520,3,3,1,-1,-1,-1
228,8,902,546,3,3,1,-1,-1,-1
228,9,101,827,3,3,1,-1,-1,-1
229,1,649,438,3,3,1,-1,-1,-1
229,2,981,569,3,3,1,-1,-1,-1
230,1,649,438,3,3,1,-1,-1,-1
230,2,982,569,3,3,1,-1,-1,-1
231,1,596,164,3,3,1,-1,-1,-1
231,2,508,369,3,3,1,-1,-1,-1
231,3,973,557,3,3,1,-1,-1,-1
232,1,596,165,3,3,1,-1,-1,-1
232,2,618,174,3,3,1,-1,-1,-1
232,3,650,439,6,6,1,-1,-1,-1
232,4,338,450,3,3,1,-1,-1,-1
232,5,984,570,3,3,1,-1,-1,-1
233,1,618,174,3,3,1,-1,-1,-1
233,2,625,419,3,3,1,-1,-1,-1
233,3,651,440,3,3,1,-1,-1,-1
234,1,692,137,4,3,1,-1,-1,-1
234,2,617,174,4,5,1,-1,-1,-1
234,3,577,331,5,6,1,-1,-1,-1
234,4,594,339,3,3,1,-1,-1,-1
234,5,435,442,4,3,1,-1,-1,-1
234,6,654,443,3,3,1,-1,-1,-1
234,7,179,519,3,3,1,-1,-1,-1
234,8,806,518,3,3,1,-1,-1,-1
234,9,908,547,3,3,1,-1,-1,-1
235,1,491,322,3,3,1,-1,-1,-1
235,2,637,431,3,3,1,-1,-1,-1
235,3,405,434,3,3,1,-1,-1,-1
236,1,596,165,3,3,1,-1,-1,-1
236,2,652,442,6,5,1,-1,-1,-1
237,1,653,442,3,3,1,-1,-1,-1
237,2,685,492,4,3,1,-1,-1,-1
237,3,907,547,6,4,1,-1,-1,-1
238,1,595,167,3,3,1,-1,-1,-1
238,2,594,171,3,3,1,-1,-1,-1
238,3,489,324,5,3,1,-1,-1,-1
238,4,592,333,3,3,1,-1,-1,-1
238,5,512,366,3,3,1,-1,-1,-1
238,6,654,443,3,3,1,-1,-1,-1
238,7,800,516,3,3,1,-1,-1,-1
238,8,963,554,3,3,1,-1,-1,-1
239,1,594,171,3,3,1,-1,-1,-1
239,2,655,444,3,3,1,-1,-1,-1
239,3,337,449,3,4,1,-1,-1,-1
239,4,687,493,3,3,1,-1,-1,-1
239,5,692,494,3,3,1,-1,-1,-1
240,1,594,172,3,3,1,-1,-1,-1
240,2,579,335,3,3,1,-1,-1,-1
240,3,629,422,3,3,1,-1,-1,-1
240,4,639,432,3,3,1,-1,-1,-1
240,5,403,434,3,3,1,-1,-1,-1
242,1,489,326,3,3,1,-1,-1,-1
242,2,400,434,3,3,1,-1,-1,-1
243,1,593,175,3,3,1,-1,-1,-1
243,2,492,319,3,3,1,-1,-1,-1
243,3,579,337,3,3,1,-1,-1,-1
243,4,443,442,3,3,1,-1,-1,-1
244,1,594,172,3,3,1,-1,-1,-1
244,2,839,514,3,3,1,-1,-1,-1
245,1,492,320,3,3,1,-1,-1,-1
245,2,915,549,3,3,1,-1,-1,-1
246,1,619,168,3,5,1,-1,-1,-1
246,2,593,174,3,5,1,-1,-1,-1
246,3,591,329,4,6,1,-1,-1,-1
246,4,580,340,4,5,1,-1,-1,-1
246,5,643,433,3,3,1,-1,-1,-1
246,6,396,436,4,3,1,-1,-1,-1
246,7,445,442,4,3,1,-1,-1,-1
247,1,619,166,3,3,1,-1,-1,-1
247,2,487,328,3,3,1,-1,-1,-1
247,3,580,340,3,3,1,-1,-1,-1
247,4,396,436,3,3,1,-1,-1,-1
247,5,185,518,3,3,1,-1,-1,-1
248,1,580,341,3,3,1,-1,-1,-1
248,2,632,426,3,3,1,-1,-1,-1
248,3,401,435,3,3,1,-1,-1,-1
248,4,395,436,3,3,1,-1,-1,-1
249,1,829,511,3,3,1,-1,-1,-1
250,1,486,330,3,3,1,-1,-1,-1
250,2,644,437,3,3,1,-1,-1,-1
251,1,619,164,4,5,1,-1,-1,-1
251,2,593,178,3,3,1,-1,-1,-1
251,3,324,455,3,3,1,-1,-1,-1
251,4,724,481,6,5,1,-1,-1,-1
251,5,786,511,3,3,1,-1,-1,-1
251,6,924,551,3,3,1,-1,-1,-1
251,7,959,553,3,3,1,-1,-1,-1
252,1,582,345,3,4,1,-1,-1,-1
253,1,485,331,4,3,1,-1,-1,-1
253,2,439,442,3,3,1,-1,-1,-1
253,3,450,442,3,3,1,-1,-1,-1
254,1,620,162,3,3,1,-1,-1,-1
254,2,440,442,3,3,1,-1,-1,-1
254,3,788,512,3,3,1,-1,-1,-1
254,4,952,551,3,3,1,-1,-1,-1
254,5,956,552,4,3,1,-1,-1,-1
255,1,619,162,4,6,1,-1,-1,-1
255,2,582,346,3,5,1,-1,-1,-1
255,3,702,498,3,3,1,-1,-1,-1
255,4,317,908,3,3,1,-1,-1,-1
256,1,620,160,3,4,1,-1,-1,-1
256,2,591,182,3,3,1,-1,-1,-1
256,3,583,348,4,5,1,-1,-1,-1
256,4,1006,577,3,3,1,-1,-1,-1
257,1,705,150,3,3,1,-1,-1,-1
257,2,620,160,3,3,1,-1,-1,-1
257,3,591,183,3,3,1,-1,-1,-1
257,4,441,443,3,3,1,-1,-1,-1
257,5,1007,577,3,3,1,-1,-1,-1
258,1,620,160,3,3,1,-1,-1,-1
258,2,589,183,4,7,1,-1,-1,-1
258,3,484,334,3,3,1,-1,-1,-1
258,4,583,348,3,3,1,-1,-1,-1
258,5,584,352,3,3,1,-1,-1,-1
258,6,442,442,4,3,1,-1,-1,-1
258,7,454,442,3,3,1,-1,-1,-1
258,8,949,550,3,3,1,-1,-1,-1
258,9,1008,577,4,3,1,-1,-1,-1
259,1,652,1,3,3,1,-1,-1,-1
259,2,590,184,3,3,1,-1,-1,-1
259,3,488,327,3,3,1,-1,-1,-1
259,4,783,510,3,3,1,-1,-1,-1
259,5,949,550,3,3,1,-1,-1,-1
259,6,1006,577,6,3,1,-1,-1,-1
259,7,752,685,3,3,1,-1,-1,-1
260,1,620,162,3,3,1,-1,-1,-1
261,1,520,357,4,3,1,-1,-1,-1
261,2,777,508,3,3,1,-1,-1,-1
261,3,951,551,3,3,1,-1,-1,-1
261,4,1011,578,3,3,1,-1,-1,-1
262,1,585,354,3,3,1,-1,-1,-1
263,1,620,157,3,3,1,-1,-1,-1
263,2,482,336,3,3,1,-1,-1,-1
263,3,446,442,3,3,1,-1,-1,-1
263,4,1007,577,3,4,1,-1,-1,-1
264,1,620,157,4,5,1,-1,-1,-1
264,2,589,189,4,5,1,-1,-1,-1
264,3,482,336,3,3,1,-1,-1,-1
264,4,584,352,4,3,1,-1,-1,-1
264,5,447,442,3,3,1,-1,-1,-1
264,6,316,456,3,3,1,-1,-1,-1
264,7,777,508,3,3,1,-1,-1,-1
264,8,933,554,5,3,1,-1,-1,-1
264,9,1008,577,3,4,1,-1,-1,-1
264,10,1012,579,4,3,1,-1,-1,-1
264,11,269,978,3,3,1,-1,-1,-1
265,1,652,0,3,3,1,-1,-1,-1
265,2,651,4,3,3,1,-1,-1,-1
265,3,620,157,3,6,1,-1,-1,-1
265,4,593,167,3,3,1,-1,-1,-1
265,5,448,442,3,3,1,-1,-1,-1
265,6,459,442,3,3,1,-1,-1,-1
265,7,297,459,3,3,1,-1,-1,-1
265,8,777,508,3,3,1,-1,-1,-1
265,9,945,549,3,3,1,-1,-1,-1
265,10,949,550,3,3,1,-1,-1,-1
265,11,932,553,3,3,1,-1,-1,-1
265,12,1013,579,4,3,1,-1,-1,-1
265,13,749,686,3,3,1,-1,-1,-1
266,1,589,192,3,4,1,-1,-1,-1
266,2,585,354,3,3,1,-1,-1,-1
266,3,460,442,3,3,1,-1,-1,-1
266,4,1010,578,3,3,1,-1,-1,-1
266,5,1015,579,3,3,1,-1,-1,-1
267,1,585,354,3,3,1,-1,-1,-1
267,2,460,442,3,3,1,-1,-1,-1
267,3,1010,578,3,3,1,-1,-1,-1
267,4,1014,580,5,3,1,-1,-1,-1
268,1,480,338,3,3,1,-1,-1,-1
268,2,586,356,4,5,1,-1,-1,-1
268,3,378,439,3,3,1,-1,-1,-1
268,4,461,442,3,3,1,-1,-1,-1
269,1,587,196,3,3,1,-1,-1,-1
269,2,586,356,3,3,1,-1,-1,-1
269,3,773,506,3,3,1,-1,-1,-1
269,4,1012,579,3,3,1,-1,-1,-1
270,1,586,356,3,3,1,-1,-1,-1
270,2,588,360,3,3,1,-1,-1,-1
270,3,383,438,3,3,1,-1,-1,-1
270,4,452,442,3,3,1,-1,-1,-1
270,5,721,505,3,3,1,-1,-1,-1
270,6,941,548,3,3,1,-1,-1,-1
270,7,1013,579,3,3,1,-1,-1,-1
271,1,651,3,3,3,1,-1,-1,-1
271,2,452,442,4,3,1,-1,-1,-1
271,3,1013,579,3,3,1,-1,-1,-1
271,4,1018,581,4,3,1,-1,-1,-1
272,1,484,333,3,3,1,-1,-1,-1
272,2,453,442,3,3,1,-1,-1,-1
272,3,770,505,3,3,1,-1,-1,-1
272,4,126,529,3,3,1,-1,-1,-1
272,5,939,548,3,3,1,-1,-1,-1
272,6,1018,581,3,3,1,-1,-1,-1
273,1,587,196,3,3,1,-1,-1,-1
273,2,374,440,4,3,1,-1,-1,-1
273,3,454,442,3,3,1,-1,-1,-1
273,4,683,465,4,3,1,-1,-1,-1
273,5,769,504,3,3,1,-1,-1,-1
273,6,724,506,3,3,1,-1,-1,-1
273,7,940,547,3,3,1,-1,-1,-1
273,8,940,555,3,3,1,-1,-1,-1
273,9,1015,580,3,3,1,-1,-1,-1
273,10,1020,580,4,5,1,-1,-1,-1
273,11,746,687,3,3,1,-1,-1,-1
274,1,621,152,3,4,1,-1,-1,-1
274,2,587,197,3,3,1,-1,-1,-1
274,3,589,361,3,3,1,-1,-1,-1
274,4,372,440,4,3,1,-1,-1,-1
274,5,306,460,3,3,1,-1,-1,-1
274,6,724,506,3,3,1,-1,-1,-1
274,7,206,512,3,3,1,-1,-1,-1
274,8,1021,581,3,3,1,-1,-1,-1
274,9,745,687,3,3,1,-1,-1,-1
274,10,150,934,4,3,1,-1,-1,-1
275,1,589,363,3,3,1,-1,-1,-1
275,2,378,439,3,3,1,-1,-1,-1
275,3,372,440,3,3,1,-1,-1,-1
275,4,455,442,3,3,1,-1,-1,-1
275,5,1021,582,3,3,1,-1,-1,-1
276,1,649,9,3,3,1,-1,-1,-1
276,2,580,222,3,4,1,-1,-1,-1
276,3,377,439,3,3,1,-1,-1,-1
276,4,456,442,3,3,1,-1,-1,-1
276,5,467,442,3,3,1,-1,-1,-1
276,6,682,465,5,5,1,-1,-1,-1
276,7,798,501,3,3,1,-1,-1,-1
276,8,762,502,3,3,1,-1,-1,-1
276,9,726,507,3,3,1,-1,-1,-1
276,10,1021,582,3,3,1,-1,-1,-1
277,1,370,441,3,3,1,-1,-1,-1
277,2,457,442,3,3,1,-1,-1,-1
277,3,940,548,3,3,1,-1,-1,-1
278,1,650,7,3,3,1,-1,-1,-1
278,2,586,200,3,3,1,-1,-1,-1
278,3,585,205,3,3,1,-1,-1,-1
278,4,482,336,3,3,1,-1,-1,-1
278,5,477,343,3,3,1,-1,-1,-1
278,6,588,362,5,6,1,-1,-1,-1
278,7,457,442,3,3,1,-1,-1,-1
278,8,724,506,3,3,1,-1,-1,-1
278,9,788,590,3,3,1,-1,-1,-1
281,1,648,9,4,3,1,-1,-1,-1
281,2,621,150,3,3,1,-1,-1,-1
281,3,475,343,3,3,1,-1,-1,-1
281,4,590,365,4,5,1,-1,-1,-1
281,5,460,442,3,3,1,-1,-1,-1
281,6,685,468,3,3,1,-1,-1,-1
281,7,689,469,4,3,1,-1,-1,-1
281,8,726,508,3,3,1,-1,-1,-1
281,9,952,559,3,3,1,-1,-1,-1
281,10,1021,582,3,3,1,-1,-1,-1
282,1,856,50,3,3,1,-1,-1,-1
282,2,621,150,3,3,1,-1,-1,-1
282,3,584,204,4,5,1,-1,-1,-1
282,4,585,306,3,3,1,-1,-1,-1
282,5,591,365,3,5,1,-1,-1,-1
282,6,459,442,4,3,1,-1,-1,-1
282,7,686,468,5,5,1,-1,-1,-1
282,8,1021,582,3,3,1,-1,-1,-1
283,1,648,9,4,3,1,-1,-1,-1
283,2,647,13,3,3,1,-1,-1,-1
283,3,621,146,3,7,1,-1,-1,-1
283,4,710,159,3,3,1,-1,-1,-1
283,5,480,338,3,3,1,-1,-1,-1
283,6,475,345,4,3,1,-1,-1,-1
283,7,529,347,3,3,1,-1,-1,-1
283,8,365,442,3,3,1,-1,-1,-1
283,9,460,442,5,3,1,-1,-1,-1
283,10,290,462,3,3,1,-1,-1,-1
283,11,299,463,3,3,1,-1,-1,-1
283,12,691,471,3,3,1,-1,-1,-1
283,13,728,508,3,3,1,-1,-1,-1
283,14,733,510,3,3,1,-1,-1,-1
283,15,1022,582,2,3,1,-1,-1,-1
283,16,791,592,3,3,1,-1,-1,-1
283,17,737,689,3,4,1,-1,-1,-1
283,18,259,973,3,3,1,-1,-1,-1
284,1,647,13,3,3,1,-1,-1,-1
284,2,584,207,3,5,1,-1,-1,-1
284,3,462,442,3,3,1,-1,-1,-1
284,4,299,463,3,3,1,-1,-1,-1
284,5,688,469,3,3,1,-1,-1,-1
284,6,729,508,3,3,1,-1,-1,-1
284,7,932,545,3,3,1,-1,-1,-1
284,8,258,972,4,4,1,-1,-1,-1
285,1,592,369,3,3,1,-1,-1,-1
285,2,365,442,3,3,1,-1,-1,-1
285,3,691,471,3,3,1,-1,-1,-1
285,4,931,545,3,3,1,-1,-1,-1
286,1,369,441,3,3,1,-1,-1,-1
286,2,258,973,3,3,1,-1,-1,-1
287,1,593,371,3,3,1,-1,-1,-1
287,2,690,471,5,4,1,-1,-1,-1
287,3,929,544,3,4,1,-1,-1,-1
288,1,583,211,3,4,1,-1,-1,-1
288,2,593,372,3,3,1,-1,-1,-1
288,3,465,442,3,3,1,-1,-1,-1
289,1,466,442,3,3,1,-1,-1,-1
290,1,649,443,3,3,1,-1,-1,-1
290,2,294,465,3,3,1,-1,-1,-1
291,1,693,472,4,4,1,-1,-1,-1
292,1,582,215,3,3,1,-1,-1,-1
292,2,593,371,4,6,1,-1,-1,-1
293,1,595,375,3,3,1,-1,-1,-1
294,1,645,18,3,3,1,-1,-1,-1
294,2,622,141,4,5,1,-1,-1,-1
294,3,584,214,3,3,1,-1,-1,-1
294,4,596,375,3,3,1,-1,-1,-1
294,5,356,444,3,3,1,-1,-1,-1
294,6,695,474,3,3,1,-1,-1,-1
294,7,742,513,3,3,1,-1,-1,-1
294,8,924,544,3,3,1,-1,-1,-1
294,9,929,545,3,3,1,-1,-1,-1
295,1,471,350,3,3,1,-1,-1,-1
295,2,700,477,3,3,1,-1,-1,-1
295,3,928,545,3,3,1,-1,-1,-1
295,4,797,594,3,3,1,-1,-1,-1
296,1,470,350,3,3,1,-1,-1,-1
296,2,178,942,3,3,1,-1,-1,-1
297,1,698,476,3,3,1,-1,-1,-1
298,1,581,222,3,3,1,-1,-1,-1
299,1,581,222,3,3,1,-1,-1,-1
299,2,596,376,4,5,1,-1,-1,-1
299,3,287,467,3,4,1,-1,-1,-1
299,4,743,513,3,3,1,-1,-1,-1
300,1,352,445,3,3,1,-1,-1,-1
300,2,741,492,3,3,1,-1,-1,-1
300,3,748,515,3,3,1,-1,-1,-1
301,1,770,492,3,3,1,-1,-1,-1
301,2,970,564,3,3,1,-1,-1,-1
302,1,643,22,3,3,1,-1,-1,-1
302,2,702,478,3,3,1,-1,-1,-1
302,3,739,491,3,3,1,-1,-1,-1
302,4,968,563,7,4,1,-1,-1,-1
303,1,703,479,3,3,1,-1,-1,-1
304,1,468,354,3,3,1,-1,-1,-1
304,2,598,379,3,3,1,-1,-1,-1
304,3,348,446,3,3,1,-1,-1,-1
304,4,734,488,3,3,1,-1,-1,-1
304,5,969,564,3,3,1,-1,-1,-1
305,1,622,135,4,4,1,-1,-1,-1
305,2,580,228,3,3,1,-1,-1,-1
305,3,354,444,3,3,1,-1,-1,-1
305,4,489,444,3,3,1,-1,-1,-1
305,5,348,446,3,3,1,-1,-1,-1
305,6,704,479,3,3,1,-1,-1,-1
305,7,708,482,3,3,1,-1,-1,-1
305,8,57,556,3,3,1,-1,-1,-1
306,1,580,225,3,3,1,-1,-1,-1
306,2,707,481,3,3,1,-1,-1,-1
306,3,735,489,3,3,1,-1,-1,-1
307,1,644,21,3,3,1,-1,-1,-1
307,2,472,349,3,3,1,-1,-1,-1
307,3,599,381,3,3,1,-1,-1,-1
307,4,479,443,3,3,1,-1,-1,-1
307,5,491,444,3,3,1,-1,-1,-1
307,6,735,489,3,3,1,-1,-1,-1
308,1,491,444,3,3,1,-1,-1,-1
309,1,599,382,3,3,1,-1,-1,-1
311,1,464,357,3,3,1,-1,-1,-1
311,2,726,484,4,3,1,-1,-1,-1
311,3,912,540,3,3,1,-1,-1,-1
311,4,977,566,3,3,1,-1,-1,-1
312,1,584,198,3,3,1,-1,-1,-1
312,2,348,446,3,3,1,-1,-1,-1
312,3,726,484,3,3,1,-1,-1,-1
313,1,641,28,3,3,1,-1,-1,-1
313,2,624,129,3,3,1,-1,-1,-1
313,3,580,230,3,3,1,-1,-1,-1
313,4,541,334,3,3,1,-1,-1,-1
313,5,464,358,3,3,1,-1,-1,-1
313,6,601,385,5,6,1,-1,-1,-1
313,7,710,483,3,3,1,-1,-1,-1
313,8,760,520,3,3,1,-1,-1,-1
313,9,727,694,3,3,1,-1,-1,-1
313,10,180,940,3,3,1,-1,-1,-1
314,1,624,132,3,3,1,-1,-1,-1
314,2,945,285,3,3,1,-1,-1,-1
314,3,724,483,3,3,1,-1,-1,-1
314,4,713,484,3,3,1,-1,-1,-1
314,5,756,518,3,3,1,-1,-1,-1
315,1,641,29,3,3,1,-1,-1,-1
315,2,624,132,3,3,1,-1,-1,-1
315,3,673,461,3,3,1,-1,-1,-1
315,4,712,484,3,3,1,-1,-1,-1
315,5,756,518,3,3,1,-1,-1,-1
316,1,674,462,3,3,1,-1,-1,-1
316,2,714,485,3,3,1,-1,-1,-1
317,1,674,462,3,3,1,-1,-1,-1
319,1,625,127,3,4,1,-1,-1,-1
319,2,605,390,3,4,1,-1,-1,-1
320,1,461,361,3,3,1,-1,-1,-1
320,2,606,392,3,3,1,-1,-1,-1
320,3,334,450,3,3,1,-1,-1,-1
321,1,625,126,3,5,1,-1,-1,-1
321,2,577,239,3,4,1,-1,-1,-1
321,3,461,362,3,3,1,-1,-1,-1
321,4,606,393,3,3,1,-1,-1,-1
321,5,490,444,3,3,1,-1,-1,-1
321,6,334,450,3,3,1,-1,-1,-1
321,7,717,479,6,5,1,-1,-1,-1
321,8,718,487,3,3,1,-1,-1,-1
321,9,767,522,3,3,1,-1,-1,-1
322,1,577,242,3,3,1,-1,-1,-1
322,2,604,390,5,5,1,-1,-1,-1
322,3,720,481,3,3,1,-1,-1,-1
322,4,904,539,3,3,1,-1,-1,-1
323,1,577,243,3,3,1,-1,-1,-1
323,2,606,393,4,4,1,-1,-1,-1
323,3,677,464,3,3,1,-1,-1,-1
323,4,715,478,3,3,1,-1,-1,-1
323,5,70,553,3,3,1,-1,-1,-1
324,1,492,444,3,3,1,-1,-1,-1
324,2,721,489,3,3,1,-1,-1,-1
325,1,626,123,3,3,1,-1,-1,-1
325,2,608,396,3,3,1,-1,-1,-1
325,3,492,444,4,3,1,-1,-1,-1
325,4,331,451,3,3,1,-1,-1,-1
325,5,901,539,3,3,1,-1,-1,-1
326,1,581,207,3,3,1,-1,-1,-1
326,2,577,243,3,5,1,-1,-1,-1
326,3,458,363,3,3,1,-1,-1,-1
326,4,494,444,3,3,1,-1,-1,-1
326,5,674,448,3,3,1,-1,-1,-1
327,1,626,122,3,3,1,-1,-1,-1
327,2,458,364,3,3,1,-1,-1,-1
328,1,625,124,3,3,1,-1,-1,-1
328,2,577,244,3,3,1,-1,-1,-1
328,3,576,248,3,3,1,-1,-1,-1
328,4,334,450,3,3,1,-1,-1,-1
328,5,899,537,3,3,1,-1,-1,-1
329,1,607,395,3,3,1,-1,-1,-1
329,2,496,444,3,3,1,-1,-1,-1
330,1,639,33,3,3,1,-1,-1,-1
330,2,576,248,3,3,1,-1,-1,-1
330,3,253,475,3,3,1,-1,-1,-1
330,4,709,474,3,3,1,-1,-1,-1
331,1,576,246,3,3,1,-1,-1,-1
331,2,332,451,3,3,1,-1,-1,-1
331,3,260,477,3,3,1,-1,-1,-1
331,4,777,526,3,3,1,-1,-1,-1
332,1,609,397,5,6,1,-1,-1,-1
332,2,777,526,3,3,1,-1,-1,-1
333,1,611,401,3,3,1,-1,-1,-1
333,2,510,446,4,3,1,-1,-1,-1
333,3,729,493,3,3,1,-1,-1,-1
334,1,729,493,6,5,1,-1,-1,-1
335,1,637,39,3,3,1,-1,-1,-1
335,2,626,121,4,3,1,-1,-1,-1
335,3,575,249,4,3,1,-1,-1,-1
335,4,575,253,3,3,1,-1,-1,-1
335,5,549,324,3,3,1,-1,-1,-1
335,6,610,399,3,3,1,-1,-1,-1
335,7,501,445,3,3,1,-1,-1,-1
335,8,329,452,3,3,1,-1,-1,-1
335,9,684,468,3,4,1,-1,-1,-1
335,10,893,536,4,4,1,-1,-1,-1
336,1,580,216,3,3,1,-1,-1,-1
336,2,328,452,3,3,1,-1,-1,-1
336,3,894,536,3,3,1,-1,-1,-1
337,1,636,40,3,3,1,-1,-1,-1
337,2,454,368,3,3,1,-1,-1,-1
337,3,610,399,3,3,1,-1,-1,-1
337,4,512,446,4,3,1,-1,-1,-1
337,5,685,469,3,3,1,-1,-1,-1
337,6,898,538,3,3,1,-1,-1,-1
338,1,612,401,3,3,1,-1,-1,-1
338,2,503,445,3,3,1,-1,-1,-1
338,3,321,453,3,3,1,-1,-1,-1
340,1,613,402,3,3,1,-1,-1,-1
341,1,452,369,3,3,1,-1,-1,-1
341,2,739,498,3,3,1,-1,-1,-1
341,3,785,529,4,3,1,-1,-1,-1
341,4,894,537,3,3,1,-1,-1,-1
342,1,627,116,3,3,1,-1,-1,-1
343,1,628,113,3,3,1,-1,-1,-1
343,2,575,255,3,4,1,-1,-1,-1
343,3,575,260,3,3,1,-1,-1,-1
343,4,549,320,6,6,1,-1,-1,-1
343,5,616,407,3,3,1,-1,-1,-1
343,6,506,445,3,3,1,-1,-1,-1
343,7,322,454,3,3,1,-1,-1,-1
343,8,689,472,3,3,1,-1,-1,-1
343,9,889,536,3,3,1,-1,-1,-1
343,10,88,547,3,3,1,-1,-1,-1
344,1,628,113,3,5,1,-1,-1,-1
344,2,578,221,3,4,1,-1,-1,-1
344,3,574,257,4,6,1,-1,-1,-1
344,4,615,405,4,5,1,-1,-1,-1
344,5,689,472,3,3,1,-1,-1,-1
344,6,739,498,6,4,1,-1,-1,-1
344,7,1009,577,3,3,1,-1,-1,-1
345,1,578,221,3,3,1,-1,-1,-1
345,2,615,405,5,6,1,-1,-1,-1
345,3,689,472,3,3,1,-1,-1,-1
345,4,742,499,3,3,1,-1,-1,-1
347,1,628,112,3,5,1,-1,-1,-1
347,2,618,409,3,3,1,-1,-1,-1
347,3,510,446,3,3,1,-1,-1,-1
347,4,677,465,3,3,1,-1,-1,-1
347,5,690,473,3,3,1,-1,-1,-1
347,6,741,499,3,3,1,-1,-1,-1
347,7,786,529,3,3,1,-1,-1,-1
348,1,884,535,3,3,1,-1,-1,-1
349,1,628,111,4,4,1,-1,-1,-1
349,2,455,367,3,3,1,-1,-1,-1
349,3,617,408,5,5,1,-1,-1,-1
349,4,884,535,3,3,1,-1,-1,-1
349,5,889,535,3,4,1,-1,-1,-1
350,1,617,408,3,3,1,-1,-1,-1
351,1,633,47,3,3,1,-1,-1,-1
351,2,748,502,3,3,1,-1,-1,-1
352,1,514,446,3,3,1,-1,-1,-1
353,1,525,448,3,3,1,-1,-1,-1
353,2,309,458,3,3,1,-1,-1,-1
354,1,576,228,3,4,1,-1,-1,-1
354,2,574,265,3,3,1,-1,-1,-1
354,3,574,269,3,3,1,-1,-1,-1
354,4,453,369,3,3,1,-1,-1,-1
354,5,621,412,3,3,1,-1,-1,-1
354,6,309,458,3,3,1,-1,-1,-1
354,7,751,503,3,3,1,-1,-1,-1
354,8,1014,578,3,3,1,-1,-1,-1
355,1,621,414,3,3,1,-1,-1,-1
355,2,694,475,3,3,1,-1,-1,-1
355,3,96,544,3,3,1,-1,-1,-1
356,1,620,412,5,5,1,-1,-1,-1
356,2,718,474,3,3,1,-1,-1,-1
356,3,695,476,3,3,1,-1,-1,-1
356,4,753,504,3,3,1,-1,-1,-1
357,1,445,376,3,3,1,-1,-1,-1
357,2,620,412,3,3,1,-1,-1,-1
358,1,305,459,3,3,1,-1,-1,-1
359,1,574,269,3,3,1,-1,-1,-1
359,2,621,414,4,4,1,-1,-1,-1
359,3,519,447,3,3,1,-1,-1,-1
359,4,309,458,3,3,1,-1,-1,-1
359,5,894,530,3,3,1,-1,-1,-1
359,6,878,533,3,3,1,-1,-1,-1
359,7,1018,580,6,5,1,-1,-1,-1
360,1,697,477,3,3,1,-1,-1,-1
361,1,575,235,3,3,1,-1,-1,-1
361,2,573,273,3,3,1,-1,-1,-1
361,3,443,378,3,3,1,-1,-1,-1
361,4,624,418,3,3,1,-1,-1,-1
361,5,308,458,3,3,1,-1,-1,-1
361,6,302,460,4,3,1,-1,-1,-1
361,7,757,506,3,3,1,-1,-1,-1
361,8,879,533,4,4,1,-1,-1,-1
362,1,631,103,3,4,1,-1,-1,-1
362,2,532,449,3,3,1,-1,-1,-1
362,3,302,460,3,3,1,-1,-1,-1
362,4,758,506,3,3,1,-1,-1,-1
363,1,575,237,3,3,1,-1,-1,-1
363,2,623,416,5,6,1,-1,-1,-1
363,3,760,507,3,3,1,-1,-1,-1
364,1,449,374,3,3,1,-1,-1,-1
364,2,442,378,3,3,1,-1,-1,-1
364,3,305,459,3,3,1,-1,-1,-1
364,4,699,478,3,3,1,-1,-1,-1
364,5,758,506,5,4,1,-1,-1,-1
364,6,875,532,4,3,1,-1,-1,-1
365,1,441,380,3,3,1,-1,-1,-1
365,2,624,417,6,6,1,-1,-1,-1
365,3,304,459,4,3,1,-1,-1,-1
365,4,299,461,3,3,1,-1,-1,-1
365,5,700,479,3,3,1,-1,-1,-1
365,6,872,532,4,3,1,-1,-1,-1
366,1,575,235,3,3,1,-1,-1,-1
366,2,575,239,3,3,1,-1,-1,-1
366,3,574,299,3,3,1,-1,-1,-1
366,4,625,418,5,5,1,-1,-1,-1
366,5,688,471,3,3,1,-1,-1,-1
366,6,872,532,4,3,1,-1,-1,-1
366,7,103,542,3,3,1,-1,-1,-1
367,1,625,418,6,6,1,-1,-1,-1
367,2,536,450,3,3,1,-1,-1,-1
367,3,302,460,3,3,1,-1,-1,-1
368,1,575,237,3,3,1,-1,-1,-1
368,2,447,375,3,3,1,-1,-1,-1
368,3,626,419,6,6,1,-1,-1,-1
368,4,297,462,3,3,1,-1,-1,-1
368,5,764,509,3,3,1,-1,-1,-1
368,6,825,606,4,3,1,-1,-1,-1
369,1,629,422,3,3,1,-1,-1,-1
370,1,627,420,3,3,1,-1,-1,-1
371,1,632,98,4,5,1,-1,-1,-1
371,2,584,252,3,3,1,-1,-1,-1
371,3,439,382,4,3,1,-1,-1,-1
371,4,644,420,3,3,1,-1,-1,-1
371,5,673,450,3,3,1,-1,-1,-1
371,6,1012,778,3,3,1,-1,-1,-1
372,1,293,463,4,3,1,-1,-1,-1
373,1,574,240,3,3,1,-1,-1,-1
373,2,562,306,3,3,1,-1,-1,-1
373,3,438,383,3,3,1,-1,-1,-1
373,4,629,422,5,5,1,-1,-1,-1
373,5,540,451,4,3,1,-1,-1,-1
373,6,299,461,3,3,1,-1,-1,-1
373,7,291,464,3,3,1,-1,-1,-1
373,8,704,481,3,4,1,-1,-1,-1
373,9,926,715,3,3,1,-1,-1,-1
374,1,574,241,3,3,1,-1,-1,-1
374,2,584,249,4,4,1,-1,-1,-1
374,3,530,449,3,3,1,-1,-1,-1
374,4,541,451,3,3,1,-1,-1,-1
374,5,691,474,3,3,1,-1,-1,-1
374,6,871,532,4,3,1,-1,-1,-1
374,7,0,574,2,3,1,-1,-1,-1
375,1,630,56,3,3,1,-1,-1,-1
375,2,633,96,3,3,1,-1,-1,-1
375,3,629,423,3,3,1,-1,-1,-1
375,4,633,426,3,3,1,-1,-1,-1
375,5,291,464,3,3,1,-1,-1,-1
376,1,630,56,3,3,1,-1,-1,-1
376,2,628,60,3,3,1,-1,-1,-1
376,3,630,424,6,5,1,-1,-1,-1
376,4,296,462,3,3,1,-1,-1,-1
376,5,869,531,3,3,1,-1,-1,-1
377,1,629,57,3,3,1,-1,-1,-1
377,2,634,95,3,3,1,-1,-1,-1
377,3,630,424,6,5,1,-1,-1,-1
377,4,769,510,3,3,1,-1,-1,-1
378,1,628,61,3,3,1,-1,-1,-1
378,2,633,94,4,5,1,-1,-1,-1
378,3,574,244,3,3,1,-1,-1,-1
378,4,640,416,3,3,1,-1,-1,-1
378,5,774,513,3,3,1,-1,-1,-1
378,6,864,529,4,3,1,-1,-1,-1
378,7,869,530,3,3,1,-1,-1,-1
379,1,574,246,3,4,1,-1,-1,-1
379,2,667,445,3,3,1,-1,-1,-1
379,3,294,463,3,3,1,-1,-1,-1
379,4,288,465,3,3,1,-1,-1,-1
379,5,212,489,3,3,1,-1,-1,-1
379,6,863,530,3,3,1,-1,-1,-1
380,1,627,62,3,3,1,-1,-1,-1
380,2,573,249,3,3,1,-1,-1,-1
380,3,632,426,3,3,1,-1,-1,-1
380,4,665,444,3,3,1,-1,-1,-1
380,5,535,450,3,3,1,-1,-1,-1
380,6,286,465,4,4,1,-1,-1,-1
381,1,636,429,3,3,1,-1,-1,-1
381,2,668,446,3,3,1,-1,-1,-1
382,1,633,427,3,3,1,-1,-1,-1
382,2,665,443,3,3,1,-1,-1,-1
382,3,536,450,3,3,1,-1,-1,-1
383,1,573,249,3,4,1,-1,-1,-1
383,2,440,381,3,3,1,-1,-1,-1
383,3,637,430,3,3,1,-1,-1,-1
383,4,548,452,3,3,1,-1,-1,-1
383,5,710,485,3,3,1,-1,-1,-1
384,1,634,91,4,5,1,-1,-1,-1
384,2,637,431,3,3,1,-1,-1,-1
384,3,662,442,4,3,1,-1,-1,-1
384,4,548,452,4,3,1,-1,-1,-1
384,5,692,465,3,3,1,-1,-1,-1
384,6,229,494,3,3,1,-1,-1,-1
384,7,777,513,5,4,1,-1,-1,-1
384,8,860,529,3,3,1,-1,-1,-1
385,1,628,61,3,3,1,-1,-1,-1
385,2,634,90,4,6,1,-1,-1,-1
385,3,573,249,3,3,1,-1,-1,-1
385,4,433,387,3,3,1,-1,-1,-1
385,5,711,485,3,3,1,-1,-1,-1
385,6,863,530,3,3,1,-1,-1,-1
386,1,636,430,3,3,1,-1,-1,-1
386,2,863,529,3,3,1,-1,-1,-1
387,1,627,62,3,3,1,-1,-1,-1
387,2,639,432,3,3,1,-1,-1,-1
387,3,698,478,4,3,1,-1,-1,-1
387,4,712,486,3,3,1,-1,-1,-1
388,1,661,24,3,3,1,-1,-1,-1
388,2,636,88,3,3,1,-1,-1,-1
388,3,640,433,3,3,1,-1,-1,-1
388,4,541,451,3,3,1,-1,-1,-1
388,5,552,453,3,3,1,-1,-1,-1
389,1,627,63,3,3,1,-1,-1,-1
389,2,574,297,3,3,1,-1,-1,-1
389,3,638,431,5,5,1,-1,-1,-1
389,4,659,438,6,6,1,-1,-1,-1
389,5,116,538,3,3,1,-1,-1,-1
390,1,572,256,3,3,1,-1,-1,-1
390,2,437,384,3,3,1,-1,-1,-1
390,3,637,413,3,3,1,-1,-1,-1
390,4,285,466,3,3,1,-1,-1,-1
390,5,278,468,4,3,1,-1,-1,-1
391,1,660,439,3,3,1,-1,-1,-1
391,2,284,466,3,3,1,-1,-1,-1
391,3,714,487,3,3,1,-1,-1,-1
391,4,859,529,3,3,1,-1,-1,-1
392,1,635,89,3,3,1,-1,-1,-1
392,2,572,254,3,3,1,-1,-1,-1
392,3,566,300,3,3,1,-1,-1,-1
392,4,575,300,3,4,1,-1,-1,-1
392,5,642,435,3,3,1,-1,-1,-1
392,6,656,436,3,3,1,-1,-1,-1
392,7,660,439,3,3,1,-1,-1,-1
392,8,700,480,3,3,1,-1,-1,-1
392,9,715,487,3,3,1,-1,-1,-1
393,1,556,454,3,3,1,-1,-1,-1
394,1,575,302,3,3,1,-1,-1,-1
394,2,435,386,3,3,1,-1,-1,-1
394,3,428,391,3,3,1,-1,-1,-1
394,4,642,436,4,3,1,-1,-1,-1
394,5,659,438,3,3,1,-1,-1,-1
394,6,545,452,3,3,1,-1,-1,-1
394,7,556,454,4,3,1,-1,-1,-1
394,8,702,481,3,3,1,-1,-1,-1
395,1,575,303,3,3,1,-1,-1,-1
395,2,644,437,3,3,1,-1,-1,-1
395,3,545,452,4,3,1,-1,-1,-1
396,1,624,71,3,3,1,-1,-1,-1
396,2,636,84,4,6,1,-1,-1,-1
396,3,572,258,3,4,1,-1,-1,-1
396,4,575,304,3,3,1,-1,-1,-1
396,5,642,435,3,3,1,-1,-1,-1
396,6,657,436,3,3,1,-1,-1,-1
396,7,546,452,4,3,1,-1,-1,-1
396,8,280,468,3,3,1,-1,-1,-1
396,9,273,470,3,3,1,-1,-1,-1
396,10,122,536,3,3,1,-1,-1,-1
397,1,624,71,3,3,1,-1,-1,-1
397,2,572,258,3,3,1,-1,-1,-1
397,3,575,301,3,3,1,-1,-1,-1
397,4,653,433,3,3,1,-1,-1,-1
397,5,645,438,3,3,1,-1,-1,-1
398,1,638,83,3,3,1,-1,-1,-1
398,2,571,262,3,3,1,-1,-1,-1
398,3,574,301,5,8,1,-1,-1,-1
398,4,633,408,3,3,1,-1,-1,-1
398,5,652,432,3,3,1,-1,-1,-1
398,6,656,435,3,3,1,-1,-1,-1
398,7,548,452,3,3,1,-1,-1,-1
398,8,559,455,4,3,1,-1,-1,-1
398,9,273,470,3,3,1,-1,-1,-1
398,10,195,495,3,3,1,-1,-1,-1
398,11,126,535,3,3,1,-1,-1,-1
400,1,276,469,3,3,1,-1,-1,-1
401,1,571,294,3,3,1,-1,-1,-1
401,2,575,308,3,3,1,-1,-1,-1
401,3,644,438,7,5,1,-1,-1,-1
401,4,561,455,3,4,1,-1,-1,-1
401,5,674,458,3,3,1,-1,-1,-1
401,6,302,484,3,3,1,-1,-1,-1
402,1,648,440,3,3,1,-1,-1,-1
402,2,551,453,3,3,1,-1,-1,-1
402,3,127,535,3,3,1,-1,-1,-1
403,1,624,70,3,4,1,-1,-1,-1
403,2,622,75,3,3,1,-1,-1,-1
403,3,637,80,5,6,1,-1,-1,-1
403,4,576,310,3,3,1,-1,-1,-1
403,5,431,389,3,3,1,-1,-1,-1
403,6,551,453,3,3,1,-1,-1,-1
403,7,563,456,3,3,1,-1,-1,-1
403,8,273,470,5,3,1,-1,-1,-1
403,9,707,483,3,3,1,-1,-1,-1
404,1,570,292,4,5,1,-1,-1,-1
404,2,552,453,4,3,1,-1,-1,-1
404,3,563,456,3,3,1,-1,-1,-1
404,4,273,470,3,3,1,-1,-1,-1
404,5,799,521,3,3,1,-1,-1,-1
405,1,649,442,3,3,1,-1,-1,-1
405,2,273,470,3,3,1,-1,-1,-1
405,3,251,487,3,3,1,-1,-1,-1
406,1,639,78,3,3,1,-1,-1,-1
406,2,648,441,3,3,1,-1,-1,-1
406,3,723,492,3,3,1,-1,-1,-1
407,1,429,391,3,3,1,-1,-1,-1
407,2,555,454,3,3,1,-1,-1,-1
408,1,429,391,3,3,1,-1,-1,-1
408,2,270,471,3,3,1,-1,-1,-1
409,1,621,77,3,3,1,-1,-1,-1
409,2,639,80,3,3,1,-1,-1,-1
409,3,649,442,3,3,1,-1,-1,-1
409,4,269,471,3,3,1,-1,-1,-1
410,1,577,316,3,3,1,-1,-1,-1
410,2,427,392,3,3,1,-1,-1,-1
410,3,624,397,3,3,1,-1,-1,-1
410,4,643,423,3,3,1,-1,-1,-1
410,5,647,427,3,3,1,-1,-1,-1
410,6,557,454,3,3,1,-1,-1,-1
410,7,568,457,3,3,1,-1,-1,-1
410,8,725,493,4,3,1,-1,-1,-1
410,9,802,521,3,3,1,-1,-1,-1
410,10,64,529,3,5,1,-1,-1,-1
410,11,90,665,3,3,1,-1,-1,-1
411,1,577,316,3,3,1,-1,-1,-1
411,2,807,523,3,3,1,-1,-1,-1
412,1,639,79,3,3,1,-1,-1,-1
412,2,577,316,3,3,1,-1,-1,-1
412,3,426,392,4,3,1,-1,-1,-1
412,4,569,457,3,3,1,-1,-1,-1
412,5,262,474,3,3,1,-1,-1,-1
412,6,712,486,3,3,1,-1,-1,-1
413,1,576,314,3,3,1,-1,-1,-1
413,2,559,455,3,3,1,-1,-1,-1
413,3,570,457,3,3,1,-1,-1,-1
414,1,259,475,3,3,1,-1,-1,-1
415,1,620,81,3,3,1,-1,-1,-1
415,2,418,399,3,3,1,-1,-1,-1
415,3,572,458,3,3,1,-1,-1,-1
415,4,259,475,3,3,1,-1,-1,-1
416,1,668,3,3,3,1,-1,-1,-1
416,2,417,399,3,3,1,-1,-1,-1
416,3,704,478,3,3,1,-1,-1,-1
416,4,714,489,3,3,1,-1,-1,-1
416,5,183,500,3,3,1,-1,-1,-1
417,1,570,273,3,4,1,-1,-1,-1
417,2,573,458,3,3,1,-1,-1,-1
417,3,715,487,3,3,1,-1,-1,-1
418,1,640,75,3,3,1,-1,-1,-1
418,2,619,82,3,3,1,-1,-1,-1
418,3,638,418,3,3,1,-1,-1,-1
418,4,574,458,3,3,1,-1,-1,-1
418,5,262,474,3,3,1,-1,-1,-1
418,6,730,495,3,3,1,-1,-1,-1
419,1,638,418,5,5,1,-1,-1,-1
420,1,641,72,4,5,1,-1,-1,-1
420,2,577,319,3,3,1,-1,-1,-1
420,3,579,324,3,3,1,-1,-1,-1
420,4,637,417,3,3,1,-1,-1,-1
420,5,575,459,4,3,1,-1,-1,-1
420,6,261,474,3,3,1,-1,-1,-1
420,7,716,489,3,3,1,-1,-1,-1
420,8,859,548,3,3,1,-1,-1,-1
421,1,579,324,3,3,1,-1,-1,-1
421,2,259,475,3,3,1,-1,-1,-1
421,3,254,477,3,3,1,-1,-1,-1
421,4,732,496,3,3,1,-1,-1,-1
422,1,579,325,3,3,1,-1,-1,-1
422,2,586,346,3,3,1,-1,-1,-1
422,3,635,415,3,3,1,-1,-1,-1
422,4,577,459,3,3,1,-1,-1,-1
422,5,259,475,3,3,1,-1,-1,-1
423,1,641,69,4,6,1,-1,-1,-1
423,2,584,344,4,3,1,-1,-1,-1
423,3,621,392,3,3,1,-1,-1,-1
423,4,413,401,3,3,1,-1,-1,-1
423,5,638,417,4,4,1,-1,-1,-1
423,6,574,458,7,4,1,-1,-1,-1
423,7,258,475,3,3,1,-1,-1,-1
423,8,316,480,3,3,1,-1,-1,-1
423,9,718,489,5,4,1,-1,-1,-1
425,1,641,68,5,6,1,-1,-1,-1
425,2,579,323,4,7,1,-1,-1,-1
425,3,579,460,3,3,1,-1,-1,-1
425,4,256,476,3,3,1,-1,-1,-1
425,5,734,497,3,3,1,-1,-1,-1
425,6,344,1014,3,3,1,-1,-1,-1
426,1,580,328,3,3,1,-1,-1,-1
426,2,256,476,3,3,1,-1,-1,-1
426,3,249,479,3,3,1,-1,-1,-1
426,4,865,549,3,3,1,-1,-1,-1
427,1,642,70,3,3,1,-1,-1,-1
427,2,579,325,3,3,1,-1,-1,-1
427,3,419,398,3,3,1,-1,-1,-1
427,4,411,403,4,3,1,-1,-1,-1
427,5,633,412,3,3,1,-1,-1,-1
428,1,617,88,3,3,1,-1,-1,-1
428,2,257,221,3,3,1,-1,-1,-1
428,3,581,328,3,4,1,-1,-1,-1
428,4,581,460,4,3,1,-1,-1,-1
428,5,254,477,3,3,1,-1,-1,-1
428,6,736,498,3,3,1,-1,-1,-1
429,1,634,413,3,3,1,-1,-1,-1
431,1,581,332,3,3,1,-1,-1,-1
431,2,631,409,4,6,1,-1,-1,-1
431,3,572,458,3,3,1,-1,-1,-1
431,4,250,478,4,3,1,-1,-1,-1
432,1,581,330,3,4,1,-1,-1,-1
432,2,417,400,3,3,1,-1,-1,-1
432,3,251,478,3,3,1,-1,-1,-1
433,1,645,63,3,3,1,-1,-1,-1
433,2,616,90,3,3,1,-1,-1,-1
433,3,582,334,3,3,1,-1,-1,-1
433,4,615,383,3,3,1,-1,-1,-1
433,5,409,404,3,4,1,-1,-1,-1
433,6,251,478,3,3,1,-1,-1,-1
433,7,245,480,3,3,1,-1,-1,-1
433,8,738,499,3,3,1,-1,-1,-1
433,9,151,528,3,3,1,-1,-1,-1
434,1,644,66,3,3,1,-1,-1,-1
434,2,825,520,3,3,1,-1,-1,-1
435,1,617,87,3,3,1,-1,-1,-1
435,2,581,331,3,3,1,-1,-1,-1
435,3,242,481,3,3,1,-1,-1,-1
436,1,579,279,3,3,1,-1,-1,-1
436,2,581,333,5,6,1,-1,-1,-1
436,3,407,407,3,3,1,-1,-1,-1
436,4,326,477,3,3,1,-1,-1,-1
436,5,247,479,3,3,1,-1,-1,-1
437,1,588,462,3,3,1,-1,-1,-1
438,1,646,61,3,3,1,-1,-1,-1
438,2,582,275,3,3,1,-1,-1,-1
438,3,582,334,3,3,1,-1,-1,-1
438,4,413,402,3,3,1,-1,-1,-1
438,5,628,407,3,3,1,-1,-1,-1
438,6,578,459,3,3,1,-1,-1,-1
438,7,589,462,3,3,1,-1,-1,-1
438,8,161,508,3,3,1,-1,-1,-1
439,1,583,338,3,3,1,-1,-1,-1
440,1,627,405,3,3,1,-1,-1,-1
440,2,590,463,3,3,1,-1,-1,-1
441,1,627,404,3,3,1,-1,-1,-1
441,2,404,408,3,3,1,-1,-1,-1
441,3,158,509,3,3,1,-1,-1,-1
442,1,674,461,3,3,1,-1,-1,-1
443,1,403,409,3,3,1,-1,-1,-1
443,2,593,463,3,3,1,-1,-1,-1
444,1,646,58,4,5,1,-1,-1,-1
444,2,585,342,3,3,1,-1,-1,-1
444,3,625,402,3,3,1,-1,-1,-1
445,1,240,482,3,3,1,-1,-1,-1
446,1,239,482,3,3,1,-1,-1,-1
446,2,233,484,3,3,1,-1,-1,-1
447,1,238,482,4,3,1,-1,-1,-1
447,2,732,496,3,4,1,-1,-1,-1
448,1,647,58,3,3,1,-1,-1,-1
449,1,647,57,3,3,1,-1,-1,-1
449,2,585,342,3,3,1,-1,-1,-1
449,3,620,395,3,3,1,-1,-1,-1
449,4,236,483,4,3,1,-1,-1,-1
449,5,230,485,3,3,1,-1,-1,-1
450,1,648,54,3,3,1,-1,-1,-1
450,2,585,343,3,3,1,-1,-1,-1
450,3,229,485,3,3,1,-1,-1,-1
450,4,734,497,3,3,1,-1,-1,-1
450,5,884,552,3,3,1,-1,-1,-1
450,6,889,553,3,3,1,-1,-1,-1
452,1,649,53,3,3,1,-1,-1,-1
452,2,586,344,4,7,1,-1,-1,-1
452,3,618,393,3,3,1,-1,-1,-1
452,4,398,412,3,3,1,-1,-1,-1
452,5,622,444,4,3,1,-1,-1,-1
452,6,160,525,3,3,1,-1,-1,-1
452,7,891,553,3,3,1,-1,-1,-1
453,1,571,301,3,3,1,-1,-1,-1
453,2,620,395,3,3,1,-1,-1,-1
453,3,601,465,3,3,1,-1,-1,-1
453,4,227,486,3,3,1,-1,-1,-1
454,1,649,52,3,3,1,-1,-1,-1
454,2,597,200,3,3,1,-1,-1,-1
454,3,601,465,4,3,1,-1,-1,-1
454,4,338,473,3,3,1,-1,-1,-1
454,5,233,484,3,3,1,-1,-1,-1
454,6,815,517,3,3,1,-1,-1,-1
456,1,611,101,3,3,1,-1,-1,-1
456,2,587,348,3,3,1,-1,-1,-1
456,3,617,390,3,3,1,-1,-1,-1
456,4,404,409,4,3,1,-1,-1,-1
456,5,396,413,3,3,1,-1,-1,-1
456,6,592,463,3,3,1,-1,-1,-1
456,7,683,468,3,3,1,-1,-1,-1
456,8,225,487,3,3,1,-1,-1,-1
456,9,752,505,3,3,1,-1,-1,-1
456,10,812,516,3,3,1,-1,-1,-1
456,11,889,553,3,3,1,-1,-1,-1
457,1,589,352,3,3,1,-1,-1,-1
457,2,396,414,3,3,1,-1,-1,-1
457,3,230,485,3,3,1,-1,-1,-1
458,1,571,303,4,6,1,-1,-1,-1
458,2,588,349,3,3,1,-1,-1,-1
458,3,589,353,3,3,1,-1,-1,-1
458,4,403,409,3,3,1,-1,-1,-1
458,5,395,414,3,3,1,-1,-1,-1
458,6,604,466,3,3,1,-1,-1,-1
458,7,684,469,3,3,1,-1,-1,-1
458,8,164,524,3,3,1,-1,-1,-1
459,1,572,304,3,3,1,-1,-1,-1
461,1,610,104,3,3,1,-1,-1,-1
461,2,246,227,3,3,1,-1,-1,-1
461,3,572,305,3,5,1,-1,-1,-1
461,4,393,415,3,3,1,-1,-1,-1
461,5,456,665,3,3,1,-1,-1,-1
462,1,650,50,3,3,1,-1,-1,-1
462,2,610,104,3,3,1,-1,-1,-1
462,3,572,305,3,4,1,-1,-1,-1
462,4,140,516,3,3,1,-1,-1,-1
463,1,650,50,3,3,1,-1,-1,-1
463,2,609,105,3,3,1,-1,-1,-1
463,3,589,263,3,3,1,-1,-1,-1
463,4,572,309,3,3,1,-1,-1,-1
463,5,589,353,3,3,1,-1,-1,-1
463,6,400,411,3,3,1,-1,-1,-1
463,7,392,415,4,4,1,-1,-1,-1
463,8,608,467,3,3,1,-1,-1,-1
463,9,225,487,3,3,1,-1,-1,-1
463,10,218,489,3,3,1,-1,-1,-1
463,11,757,507,3,3,1,-1,-1,-1
464,1,599,180,3,3,1,-1,-1,-1
464,2,245,228,3,3,1,-1,-1,-1
464,3,591,357,3,4,1,-1,-1,-1
464,4,605,368,3,3,1,-1,-1,-1
464,5,602,380,3,3,1,-1,-1,-1
464,6,614,386,3,3,1,-1,-1,-1
464,7,392,416,3,3,1,-1,-1,-1
464,8,689,471,3,3,1,-1,-1,-1
464,9,224,487,3,3,1,-1,-1,-1
464,10,218,489,3,3,1,-1,-1,-1
464,11,805,513,3,3,1,-1,-1,-1
464,12,897,553,3,4,1,-1,-1,-1
465,1,609,106,3,3,1,-1,-1,-1
465,2,572,307,3,6,1,-1,-1,-1
465,3,614,386,3,3,1,-1,-1,-1
465,4,218,489,3,3,1,-1,-1,-1
465,5,898,554,3,3,1,-1,-1,-1
466,1,652,45,3,3,1,-1,-1,-1
466,2,572,308,3,5,1,-1,-1,-1
466,3,592,359,3,3,1,-1,-1,-1
466,4,610,381,6,5,1,-1,-1,-1
466,5,391,417,3,3,1,-1,-1,-1
466,6,222,488,3,3,1,-1,-1,-1
466,7,215,490,4,3,1,-1,-1,-1
466,8,758,507,3,3,1,-1,-1,-1
466,9,942,741,3,3,1,-1,-1,-1
468,1,573,312,3,3,1,-1,-1,-1
468,2,612,468,3,3,1,-1,-1,-1
468,3,901,555,3,3,1,-1,-1,-1
469,1,652,44,3,5,1,-1,-1,-1
469,2,591,358,3,3,1,-1,-1,-1
469,3,389,418,3,3,1,-1,-1,-1
470,1,219,489,3,3,1,-1,-1,-1
470,2,801,512,3,3,1,-1,-1,-1
471,1,573,311,4,6,1,-1,-1,-1
471,2,593,363,4,4,1,-1,-1,-1
471,3,605,363,3,3,1,-1,-1,-1
471,4,396,414,3,4,1,-1,-1,-1
471,5,387,419,4,4,1,-1,-1,-1
471,6,303,468,7,5,1,-1,-1,-1
471,7,218,489,3,3,1,-1,-1,-1
471,8,211,491,4,3,1,-1,-1,-1
471,9,799,511,4,4,1,-1,-1,-1
471,10,132,519,3,3,1,-1,-1,-1
471,11,173,521,3,3,1,-1,-1,-1
471,12,903,555,3,3,1,-1,-1,-1
471,13,266,812,3,3,1,-1,-1,-1
471,14,276,980,3,3,1,-1,-1,-1
472,1,652,45,3,3,1,-1,-1,-1
472,2,607,110,3,3,1,-1,-1,-1
472,3,212,491,3,3,1,-1,-1,-1
472,4,803,513,3,3,1,-1,-1,-1
473,1,654,41,3,3,1,-1,-1,-1
473,2,794,497,3,3,1,-1,-1,-1
473,3,763,509,3,3,1,-1,-1,-1
474,1,573,313,4,6,1,-1,-1,-1
474,2,592,362,6,6,1,-1,-1,-1
474,3,606,466,3,4,1,-1,-1,-1
474,4,210,492,4,3,1,-1,-1,-1
474,5,748,503,3,3,1,-1,-1,-1
474,6,763,509,3,3,1,-1,-1,-1
474,7,129,520,3,3,1,-1,-1,-1
475,1,654,40,3,3,1,-1,-1,-1
475,2,573,313,3,3,1,-1,-1,-1
475,3,574,317,3,3,1,-1,-1,-1
475,4,215,490,3,3,1,-1,-1,-1
475,5,209,492,3,3,1,-1,-1,-1
475,6,797,511,3,3,1,-1,-1,-1
476,1,385,420,3,3,1,-1,-1,-1
476,2,618,470,3,3,1,-1,-1,-1
476,3,749,504,3,3,1,-1,-1,-1
477,1,393,416,3,3,1,-1,-1,-1
