1,1,579,689,3,4,1,-1,-1,-1
1,2,583,691,3,3,1,-1,-1,-1
1,3,734,751,5,5,1,-1,-1,-1
1,4,743,755,4,4,1,-1,-1,-1
1,5,763,763,3,3,1,-1,-1,-1
1,6,1001,834,3,3,1,-1,-1,-1
2,1,337,597,3,3,1,-1,-1,-1
2,2,393,633,3,3,1,-1,-1,-1
2,3,397,635,3,4,1,-1,-1,-1
2,4,428,652,3,3,1,-1,-1,-1
2,5,570,690,4,4,1,-1,-1,-1
2,6,583,691,3,3,1,-1,-1,-1
2,7,1005,835,3,3,1,-1,-1,-1
3,1,393,633,3,3,1,-1,-1,-1
3,2,578,689,3,3,1,-1,-1,-1
3,3,734,752,3,3,1,-1,-1,-1
4,1,576,688,3,3,1,-1,-1,-1
4,2,580,690,4,4,1,-1,-1,-1
4,3,732,751,4,4,1,-1,-1,-1
4,4,741,753,4,5,1,-1,-1,-1
4,5,1003,835,3,3,1,-1,-1,-1
5,1,334,596,3,3,1,-1,-1,-1
5,2,396,634,3,3,1,-1,-1,-1
6,1,576,688,3,3,1,-1,-1,-1
6,2,580,690,3,3,1,-1,-1,-1
7,1,575,687,3,3,1,-1,-1,-1
7,2,579,689,3,3,1,-1,-1,-1
7,3,731,750,3,3,1,-1,-1,-1
7,4,740,754,3,3,1,-1,-1,-1
8,1,407,644,3,3,1,-1,-1,-1
8,2,429,652,3,4,1,-1,-1,-1
8,3,579,689,3,3,1,-1,-1,-1
8,4,1000,834,3,3,1,-1,-1,-1
9,1,434,655,3,3,1,-1,-1,-1
9,2,578,689,3,3,1,-1,-1,-1
9,3,730,750,3,3,1,-1,-1,-1
9,4,739,753,3,3,1,-1,-1,-1
10,1,329,594,3,3,1,-1,-1,-1
10,2,303,600,3,4,1,-1,-1,-1
10,3,435,655,3,3,1,-1,-1,-1
10,4,729,750,3,3,1,-1,-1,-1
11,1,729,749,3,4,1,-1,-1,-1
11,2,993,832,3,3,1,-1,-1,-1
12,1,559,685,3,3,1,-1,-1,-1
12,2,570,687,3,3,1,-1,-1,-1
12,3,521,692,4,3,1,-1,-1,-1
12,4,728,749,3,4,1,-1,-1,-1
12,5,996,833,3,3,1,-1,-1,-1
13,1,199,144,3,3,1,-1,-1,-1
13,2,412,646,3,3,1,-1,-1,-1
13,3,570,686,3,3,1,-1,-1,-1
13,4,574,688,4,3,1,-1,-1,-1
13,5,728,749,3,3,1,-1,-1,-1
13,6,996,833,3,3,1,-1,-1,-1
14,1,569,686,3,3,1,-1,-1,-1
15,1,324,592,3,3,1,-1,-1,-1
15,2,328,594,3,3,1,-1,-1,-1
15,3,435,656,3,3,1,-1,-1,-1
15,4,568,686,3,3,1,-1,-1,-1
15,5,524,693,3,3,1,-1,-1,-1
15,6,735,752,3,3,1,-1,-1,-1
16,1,322,591,3,3,1,-1,-1,-1
16,2,571,687,4,3,1,-1,-1,-1
16,3,725,748,4,4,1,-1,-1,-1
16,4,752,760,3,3,1,-1,-1,-1
16,5,794,803,3,3,1,-1,-1,-1
16,6,993,832,3,3,1,-1,-1,-1
18,1,733,752,3,3,1,-1,-1,-1
19,1,318,590,3,3,1,-1,-1,-1
20,1,318,590,3,3,1,-1,-1,-1
20,2,443,660,3,3,1,-1,-1,-1
20,3,550,682,3,3,1,-1,-1,-1
20,4,564,684,3,3,1,-1,-1,-1
21,1,564,684,7,5,1,-1,-1,-1
21,2,723,747,3,4,1,-1,-1,-1
21,3,731,751,3,3,1,-1,-1,-1
22,1,320,590,3,3,1,-1,-1,-1
22,2,416,643,3,3,1,-1,-1,-1
22,3,563,683,3,3,1,-1,-1,-1
22,4,567,685,3,3,1,-1,-1,-1
23,1,320,590,3,4,1,-1,-1,-1
23,2,567,685,3,3,1,-1,-1,-1
24,1,422,651,4,3,1,-1,-1,-1
24,2,720,746,4,4,1,-1,-1,-1
25,1,444,660,3,3,1,-1,-1,-1
26,1,560,682,3,3,1,-1,-1,-1
26,2,564,684,3,3,1,-1,-1,-1
27,1,310,588,3,3,1,-1,-1,-1
27,2,558,682,3,3,1,-1,-1,-1
29,1,557,681,3,3,1,-1,-1,-1
30,1,312,588,3,3,1,-1,-1,-1
30,2,449,642,3,3,1,-1,-1,-1
30,3,423,651,3,3,1,-1,-1,-1
30,4,427,653,3,3,1,-1,-1,-1
30,5,452,663,3,3,1,-1,-1,-1
30,6,533,675,3,3,1,-1,-1,-1
30,7,556,681,8,5,1,-1,-1,-1
30,8,540,701,4,3,1,-1,-1,-1
30,9,568,708,3,3,1,-1,-1,-1
31,1,537,677,3,3,1,-1,-1,-1
31,2,556,681,3,3,1,-1,-1,-1
31,3,560,682,4,4,1,-1,-1,-1
31,4,716,745,4,4,1,-1,-1,-1
31,5,724,748,4,4,1,-1,-1,-1
31,6,880,802,3,3,1,-1,-1,-1
31,7,805,807,3,3,1,-1,-1,-1
31,8,980,830,3,3,1,-1,-1,-1
32,1,535,676,3,3,1,-1,-1,-1
33,1,309,587,3,3,1,-1,-1,-1
33,2,553,680,4,3,1,-1,-1,-1
34,1,452,664,3,3,1,-1,-1,-1
34,2,553,679,3,4,1,-1,-1,-1
34,3,557,681,3,3,1,-1,-1,-1
34,4,714,744,3,5,1,-1,-1,-1
34,5,722,748,4,4,1,-1,-1,-1
35,1,552,679,8,6,1,-1,-1,-1
35,2,975,829,3,3,1,-1,-1,-1
36,1,552,680,3,3,1,-1,-1,-1
36,2,556,681,4,3,1,-1,-1,-1
36,3,713,745,3,3,1,-1,-1,-1
36,4,722,748,3,3,1,-1,-1,-1
37,1,530,415,4,4,1,-1,-1,-1
37,2,528,673,4,3,1,-1,-1,-1
37,3,550,679,3,3,1,-1,-1,-1
37,4,554,681,3,3,1,-1,-1,-1
37,5,549,705,3,3,1,-1,-1,-1
37,6,735,755,4,3,1,-1,-1,-1
39,1,531,416,3,3,1,-1,-1,-1
39,2,323,609,4,3,1,-1,-1,-1
39,3,457,665,3,3,1,-1,-1,-1
39,4,549,678,3,3,1,-1,-1,-1
39,5,556,708,3,3,1,-1,-1,-1
39,6,720,747,3,3,1,-1,-1,-1
39,7,969,827,3,3,1,-1,-1,-1
40,1,549,678,7,5,1,-1,-1,-1
41,1,710,744,3,3,1,-1,-1,-1
41,2,718,747,3,3,1,-1,-1,-1
42,1,437,637,6,5,1,-1,-1,-1
42,2,440,654,3,3,1,-1,-1,-1
42,3,459,667,3,3,1,-1,-1,-1
42,4,554,707,8,5,1,-1,-1,-1
42,5,709,743,3,3,1,-1,-1,-1
42,6,970,828,4,3,1,-1,-1,-1
43,1,546,677,3,3,1,-1,-1,-1
43,2,551,679,3,3,1,-1,-1,-1
43,3,709,743,3,4,1,-1,-1,-1
43,4,718,746,3,3,1,-1,-1,-1
43,5,1008,840,3,3,1,-1,-1,-1
44,1,545,677,3,4,1,-1,-1,-1
44,2,717,746,3,3,1,-1,-1,-1
45,1,850,18,4,3,1,-1,-1,-1
45,2,443,655,3,3,1,-1,-1,-1
45,3,448,658,3,3,1,-1,-1,-1
45,4,519,670,3,3,1,-1,-1,-1
45,5,557,709,3,3,1,-1,-1,-1
45,6,708,742,3,3,1,-1,-1,-1
45,7,716,745,4,4,1,-1,-1,-1
45,8,1016,842,4,3,1,-1,-1,-1
46,1,441,660,3,3,1,-1,-1,-1
46,2,544,676,3,3,1,-1,-1,-1
46,3,761,762,3,3,1,-1,-1,-1
46,4,963,826,3,3,1,-1,-1,-1
46,5,1016,842,3,3,1,-1,-1,-1
47,1,543,676,3,3,1,-1,-1,-1
48,1,543,675,3,4,1,-1,-1,-1
48,2,560,710,3,3,1,-1,-1,-1
48,3,962,826,3,3,1,-1,-1,-1
49,1,531,415,3,4,1,-1,-1,-1
49,2,440,659,3,3,1,-1,-1,-1
49,3,541,675,3,3,1,-1,-1,-1
49,4,546,676,3,4,1,-1,-1,-1
49,5,714,744,3,3,1,-1,-1,-1
50,1,531,416,3,3,1,-1,-1,-1
50,2,466,670,3,3,1,-1,-1,-1
50,3,541,675,3,3,1,-1,-1,-1
50,4,705,741,3,3,1,-1,-1,-1
51,1,441,659,3,3,1,-1,-1,-1
51,2,540,675,3,3,1,-1,-1,-1
51,3,545,677,3,3,1,-1,-1,-1
51,4,704,741,3,4,1,-1,-1,-1
51,5,712,745,3,3,1,-1,-1,-1
51,6,959,825,3,3,1,-1,-1,-1
52,1,452,660,3,3,1,-1,-1,-1
52,2,456,662,3,3,1,-1,-1,-1
52,3,539,674,3,3,1,-1,-1,-1
52,4,565,713,3,3,1,-1,-1,-1
52,5,703,741,3,3,1,-1,-1,-1
54,1,537,674,3,3,1,-1,-1,-1
54,2,702,740,3,4,1,-1,-1,-1
54,3,959,826,3,3,1,-1,-1,-1
55,1,455,661,3,3,1,-1,-1,-1
55,2,541,675,3,3,1,-1,-1,-1
55,3,568,714,3,3,1,-1,-1,-1
56,1,701,740,3,4,1,-1,-1,-1
56,2,709,744,3,3,1,-1,-1,-1
56,3,720,749,3,3,1,-1,-1,-1
59,1,699,740,3,3,1,-1,-1,-1
60,1,345,619,3,3,1,-1,-1,-1
60,2,449,663,3,3,1,-1,-1,-1
60,3,461,663,3,4,1,-1,-1,-1
60,4,475,674,3,3,1,-1,-1,-1
60,5,578,718,4,3,1,-1,-1,-1
60,6,698,739,4,4,1,-1,-1,-1
61,1,186,40,3,3,1,-1,-1,-1
61,2,531,671,4,4,1,-1,-1,-1
61,3,536,673,4,3,1,-1,-1,-1
61,4,697,739,5,4,1,-1,-1,-1
61,5,706,742,4,4,1,-1,-1,-1
61,6,720,749,4,3,1,-1,-1,-1
61,7,950,823,3,3,1,-1,-1,-1
61,8,388,961,3,3,1,-1,-1,-1
62,1,464,665,3,4,1,-1,-1,-1
62,2,455,666,3,3,1,-1,-1,-1
62,3,468,667,4,3,1,-1,-1,-1
62,4,531,671,3,3,1,-1,-1,-1
62,5,480,676,4,3,1,-1,-1,-1
62,6,576,717,3,3,1,-1,-1,-1
62,7,697,739,3,3,1,-1,-1,-1
62,8,706,742,3,3,1,-1,-1,-1
63,1,531,671,3,4,1,-1,-1,-1
63,2,705,742,3,3,1,-1,-1,-1
63,3,992,836,3,3,1,-1,-1,-1
64,1,1022,208,2,3,1,-1,-1,-1
64,2,530,670,3,3,1,-1,-1,-1
64,3,478,675,3,3,1,-1,-1,-1
64,4,696,738,3,3,1,-1,-1,-1
64,5,704,742,3,3,1,-1,-1,-1
64,6,840,819,3,3,1,-1,-1,-1
64,7,948,823,3,3,1,-1,-1,-1
64,8,990,836,4,3,1,-1,-1,-1
65,1,471,668,3,3,1,-1,-1,-1
65,2,533,673,3,3,1,-1,-1,-1
65,3,579,718,3,3,1,-1,-1,-1
66,1,528,670,3,3,1,-1,-1,-1
66,2,533,672,3,3,1,-1,-1,-1
66,3,695,738,3,4,1,-1,-1,-1
66,4,703,741,3,3,1,-1,-1,-1
68,1,187,44,3,3,1,-1,-1,-1
68,2,348,620,3,3,1,-1,-1,-1
68,3,531,672,3,3,1,-1,-1,-1
68,4,0,713,2,3,1,-1,-1,-1
68,5,693,737,4,4,1,-1,-1,-1
68,6,715,748,3,3,1,-1,-1,-1
68,7,949,823,3,3,1,-1,-1,-1
69,1,693,737,3,3,1,-1,-1,-1
70,1,473,669,3,4,1,-1,-1,-1
70,2,525,669,3,3,1,-1,-1,-1
70,3,584,721,4,3,1,-1,-1,-1
70,4,837,818,3,3,1,-1,-1,-1
71,1,0,512,2,3,1,-1,-1,-1
71,2,692,736,3,3,1,-1,-1,-1
72,1,35,497,4,3,1,-1,-1,-1
72,2,30,500,3,3,1,-1,-1,-1
72,3,0,512,2,3,1,-1,-1,-1
72,4,523,668,3,3,1,-1,-1,-1
72,5,691,737,3,3,1,-1,-1,-1
72,6,945,822,3,3,1,-1,-1,-1
73,1,0,512,3,3,1,-1,-1,-1
73,2,691,736,3,3,1,-1,-1,-1
74,1,1,512,3,3,1,-1,-1,-1
74,2,526,669,3,4,1,-1,-1,-1
75,1,1022,210,2,3,1,-1,-1,-1
75,2,2,513,4,3,1,-1,-1,-1
75,3,521,667,3,3,1,-1,-1,-1
75,4,483,674,4,3,1,-1,-1,-1
75,5,590,724,3,3,1,-1,-1,-1
75,6,594,725,3,3,1,-1,-1,-1
75,7,811,787,3,4,1,-1,-1,-1
75,8,981,834,3,3,1,-1,-1,-1
76,1,4,512,3,4,1,-1,-1,-1
76,2,520,667,4,3,1,-1,-1,-1
76,3,525,669,3,3,1,-1,-1,-1
76,4,468,672,3,3,1,-1,-1,-1
76,5,596,726,3,3,1,-1,-1,-1
76,6,689,735,3,4,1,-1,-1,-1
77,1,19,501,3,3,1,-1,-1,-1
77,2,4,513,3,3,1,-1,-1,-1
78,1,4,513,4,3,1,-1,-1,-1
78,2,522,669,4,3,1,-1,-1,-1
78,3,697,737,3,4,1,-1,-1,-1
78,4,742,756,3,3,1,-1,-1,-1
79,1,0,511,2,4,1,-1,-1,-1
79,2,5,514,4,3,1,-1,-1,-1
79,3,522,668,3,3,1,-1,-1,-1
79,4,687,735,3,3,1,-1,-1,-1
79,5,845,821,3,3,1,-1,-1,-1
79,6,977,833,3,3,1,-1,-1,-1
80,1,0,511,2,3,1,-1,-1,-1
80,2,6,514,3,3,1,-1,-1,-1
80,3,304,604,3,3,1,-1,-1,-1
80,4,522,668,3,3,1,-1,-1,-1
80,5,595,726,3,3,1,-1,-1,-1
80,6,600,728,3,3,1,-1,-1,-1
80,7,686,735,3,3,1,-1,-1,-1
81,1,0,511,4,5,1,-1,-1,-1
81,2,6,513,4,4,1,-1,-1,-1
81,3,516,666,8,5,1,-1,-1,-1
81,4,686,735,3,3,1,-1,-1,-1
81,5,938,821,3,3,1,-1,-1,-1
81,6,976,833,4,3,1,-1,-1,-1
82,1,16,501,3,3,1,-1,-1,-1
82,2,8,514,3,3,1,-1,-1,-1
82,3,520,667,3,3,1,-1,-1,-1
82,4,685,734,3,4,1,-1,-1,-1
82,5,937,820,3,3,1,-1,-1,-1
83,1,2,513,3,3,1,-1,-1,-1
83,2,8,514,3,3,1,-1,-1,-1
83,3,519,667,3,3,1,-1,-1,-1
83,4,684,734,3,3,1,-1,-1,-1
83,5,936,820,3,3,1,-1,-1,-1
84,1,2,513,3,3,1,-1,-1,-1
84,2,10,514,4,4,1,-1,-1,-1
84,3,308,605,3,3,1,-1,-1,-1
84,4,514,665,3,3,1,-1,-1,-1
84,5,684,734,3,3,1,-1,-1,-1
84,6,931,819,3,3,1,-1,-1,-1
84,7,848,822,3,3,1,-1,-1,-1
85,1,3,513,3,3,1,-1,-1,-1
85,2,11,515,3,3,1,-1,-1,-1
85,3,491,678,3,3,1,-1,-1,-1
85,4,683,734,3,3,1,-1,-1,-1
85,5,353,867,4,4,1,-1,-1,-1
86,1,4,513,4,4,1,-1,-1,-1
86,2,11,514,3,3,1,-1,-1,-1
86,3,306,605,4,3,1,-1,-1,-1
86,4,367,628,3,3,1,-1,-1,-1
86,5,464,649,3,3,1,-1,-1,-1
86,6,517,665,3,4,1,-1,-1,-1
86,7,681,733,4,3,1,-1,-1,-1
86,8,353,868,3,3,1,-1,-1,-1
87,1,930,95,3,3,1,-1,-1,-1
88,1,6,514,3,3,1,-1,-1,-1
88,2,13,515,3,3,1,-1,-1,-1
89,1,14,516,3,3,1,-1,-1,-1
89,2,681,733,3,3,1,-1,-1,-1
90,1,8,514,3,3,1,-1,-1,-1
90,2,309,606,3,3,1,-1,-1,-1
90,3,370,630,3,3,1,-1,-1,-1
90,4,514,664,3,3,1,-1,-1,-1
90,5,502,682,3,3,1,-1,-1,-1
90,6,606,731,3,3,1,-1,-1,-1
90,7,610,733,3,3,1,-1,-1,-1
90,8,680,732,3,3,1,-1,-1,-1
90,9,636,738,4,3,1,-1,-1,-1
90,10,738,755,4,3,1,-1,-1,-1
90,11,73,882,3,3,1,-1,-1,-1
91,1,188,56,3,3,1,-1,-1,-1
91,2,8,514,4,4,1,-1,-1,-1
91,3,16,516,5,3,1,-1,-1,-1
91,4,315,608,3,3,1,-1,-1,-1
91,5,508,662,8,6,1,-1,-1,-1
91,6,679,732,4,4,1,-1,-1,-1
91,7,613,734,3,3,1,-1,-1,-1
91,8,688,736,3,3,1,-1,-1,-1
91,9,699,742,3,3,1,-1,-1,-1
91,10,976,833,3,3,1,-1,-1,-1
92,1,9,515,3,3,1,-1,-1,-1
92,2,17,517,3,3,1,-1,-1,-1
92,3,315,609,3,3,1,-1,-1,-1
92,4,457,646,3,3,1,-1,-1,-1
92,5,508,662,3,3,1,-1,-1,-1
92,6,609,732,3,3,1,-1,-1,-1
92,7,613,734,3,3,1,-1,-1,-1
93,1,10,515,3,3,1,-1,-1,-1
93,2,16,517,5,3,1,-1,-1,-1
94,1,12,515,3,3,1,-1,-1,-1
94,2,18,517,4,3,1,-1,-1,-1
94,3,506,662,7,5,1,-1,-1,-1
94,4,678,732,3,3,1,-1,-1,-1
94,5,685,736,3,3,1,-1,-1,-1
94,6,856,825,3,3,1,-1,-1,-1
94,7,965,830,3,4,1,-1,-1,-1
94,8,354,867,3,4,1,-1,-1,-1
95,1,12,496,3,3,1,-1,-1,-1
95,2,12,515,4,4,1,-1,-1,-1
95,3,19,517,3,3,1,-1,-1,-1
95,4,383,618,3,3,1,-1,-1,-1
95,5,454,645,3,3,1,-1,-1,-1
95,6,506,661,3,3,1,-1,-1,-1
95,7,612,733,3,3,1,-1,-1,-1
95,8,616,735,3,3,1,-1,-1,-1
96,1,13,515,4,3,1,-1,-1,-1
96,2,19,518,4,3,1,-1,-1,-1
96,3,504,661,4,3,1,-1,-1,-1
96,4,677,731,3,4,1,-1,-1,-1
96,5,612,733,3,3,1,-1,-1,-1
96,6,684,735,3,3,1,-1,-1,-1
96,7,857,825,3,3,1,-1,-1,-1
96,8,354,868,3,3,1,-1,-1,-1
97,1,14,516,3,3,1,-1,-1,-1
97,2,21,517,3,4,1,-1,-1,-1
97,3,321,610,3,3,1,-1,-1,-1
97,4,504,661,3,3,1,-1,-1,-1
97,5,676,731,3,3,1,-1,-1,-1
98,1,14,516,4,3,1,-1,-1,-1
98,2,504,660,3,3,1,-1,-1,-1
98,3,675,731,3,3,1,-1,-1,-1
98,4,920,816,3,3,1,-1,-1,-1
99,1,15,516,5,4,1,-1,-1,-1
99,2,22,518,4,3,1,-1,-1,-1
99,3,502,660,4,4,1,-1,-1,-1
99,4,507,662,3,3,1,-1,-1,-1
100,1,3,494,3,3,1,-1,-1,-1
100,2,16,516,4,4,1,-1,-1,-1
100,3,23,518,4,3,1,-1,-1,-1
100,4,318,610,3,3,1,-1,-1,-1
100,5,501,660,3,3,1,-1,-1,-1
100,6,506,662,3,3,1,-1,-1,-1
100,7,682,734,3,3,1,-1,-1,-1
100,8,617,736,3,3,1,-1,-1,-1
101,1,17,517,3,3,1,-1,-1,-1
101,2,24,518,3,4,1,-1,-1,-1
101,3,500,660,4,3,1,-1,-1,-1
101,4,618,736,4,3,1,-1,-1,-1
102,1,17,517,5,4,1,-1,-1,-1
102,2,500,660,3,3,1,-1,-1,-1
102,3,517,692,3,3,1,-1,-1,-1
102,4,673,730,3,4,1,-1,-1,-1
102,5,620,737,3,3,1,-1,-1,-1
102,6,624,739,3,3,1,-1,-1,-1
102,7,920,817,3,3,1,-1,-1,-1
103,1,19,517,3,3,1,-1,-1,-1
104,1,20,517,4,4,1,-1,-1,-1
104,2,498,659,3,3,1,-1,-1,-1
104,3,502,661,3,3,1,-1,-1,-1
104,4,626,740,3,3,1,-1,-1,-1
104,5,915,815,3,3,1,-1,-1,-1
105,1,617,21,3,3,1,-1,-1,-1
105,2,20,518,4,3,1,-1,-1,-1
105,3,442,641,3,3,1,-1,-1,-1
105,4,498,659,3,3,1,-1,-1,-1
105,5,502,661,4,3,1,-1,-1,-1
105,6,519,693,3,4,1,-1,-1,-1
105,7,622,738,3,3,1,-1,-1,-1
105,8,626,740,4,3,1,-1,-1,-1
106,1,616,19,3,4,1,-1,-1,-1
106,2,20,518,6,4,1,-1,-1,-1
106,3,496,658,4,3,1,-1,-1,-1
106,4,501,660,4,3,1,-1,-1,-1
106,5,678,733,3,3,1,-1,-1,-1
106,6,623,738,3,3,1,-1,-1,-1
107,1,0,493,3,4,1,-1,-1,-1
107,2,23,518,3,3,1,-1,-1,-1
107,3,500,660,3,3,1,-1,-1,-1
108,1,23,518,3,3,1,-1,-1,-1
108,2,499,660,4,3,1,-1,-1,-1
108,3,625,739,3,4,1,-1,-1,-1
109,1,24,519,4,4,1,-1,-1,-1
109,2,499,659,3,3,1,-1,-1,-1
109,3,668,728,4,4,1,-1,-1,-1
109,4,962,830,3,3,1,-1,-1,-1
110,1,26,518,3,3,1,-1,-1,-1
110,2,440,640,3,3,1,-1,-1,-1
110,3,498,659,3,3,1,-1,-1,-1
110,4,628,740,3,3,1,-1,-1,-1
111,1,26,519,4,4,1,-1,-1,-1
111,2,497,659,4,3,1,-1,-1,-1
111,3,667,728,3,3,1,-1,-1,-1
112,1,27,519,3,4,1,-1,-1,-1
112,2,492,657,3,3,1,-1,-1,-1
112,3,497,658,3,3,1,-1,-1,-1
112,4,949,827,3,3,1,-1,-1,-1
113,1,496,658,3,3,1,-1,-1,-1
113,2,666,728,3,3,1,-1,-1,-1
113,3,674,731,3,3,1,-1,-1,-1
113,4,630,742,3,3,1,-1,-1,-1
113,5,636,745,3,3,1,-1,-1,-1
113,6,949,827,3,3,1,-1,-1,-1
114,1,331,615,3,3,1,-1,-1,-1
114,2,495,658,3,3,1,-1,-1,-1
114,3,665,728,3,3,1,-1,-1,-1
114,4,632,742,3,4,1,-1,-1,-1
114,5,636,745,3,3,1,-1,-1,-1
115,1,490,656,3,3,1,-1,-1,-1
115,2,494,657,3,3,1,-1,-1,-1
115,3,632,743,3,3,1,-1,-1,-1
115,4,637,745,3,3,1,-1,-1,-1
116,1,488,655,4,4,1,-1,-1,-1
116,2,493,657,4,3,1,-1,-1,-1
116,3,664,727,3,3,1,-1,-1,-1
116,4,672,731,3,3,1,-1,-1,-1
120,1,528,698,3,3,1,-1,-1,-1
120,2,638,745,3,3,1,-1,-1,-1
120,3,642,747,4,3,1,-1,-1,-1
120,4,762,770,3,3,1,-1,-1,-1
120,5,357,886,3,3,1,-1,-1,-1
121,1,485,654,3,3,1,-1,-1,-1
121,2,489,656,4,3,1,-1,-1,-1
121,3,660,725,5,5,1,-1,-1,-1
121,4,669,730,3,3,1,-1,-1,-1
121,5,639,746,3,3,1,-1,-1,-1
121,6,941,825,3,3,1,-1,-1,-1
122,1,1,489,3,3,1,-1,-1,-1
122,2,484,654,3,4,1,-1,-1,-1
122,3,640,746,4,3,1,-1,-1,-1
122,4,645,748,3,4,1,-1,-1,-1
122,5,820,785,6,4,1,-1,-1,-1
122,6,878,833,3,3,1,-1,-1,-1
122,7,393,947,3,3,1,-1,-1,-1
123,1,484,654,3,3,1,-1,-1,-1
123,2,645,749,4,3,1,-1,-1,-1
124,1,482,653,3,4,1,-1,-1,-1
124,2,659,725,3,3,1,-1,-1,-1
124,3,667,729,3,3,1,-1,-1,-1
124,4,643,748,3,3,1,-1,-1,-1
124,5,939,824,3,3,1,-1,-1,-1
125,1,356,609,3,3,1,-1,-1,-1
126,1,482,652,3,3,1,-1,-1,-1
126,2,658,725,3,3,1,-1,-1,-1
126,3,667,728,3,3,1,-1,-1,-1
126,4,938,824,3,3,1,-1,-1,-1
127,1,31,501,3,4,1,-1,-1,-1
127,2,597,618,3,3,1,-1,-1,-1
127,3,344,621,3,3,1,-1,-1,-1
127,4,480,653,3,3,1,-1,-1,-1
127,5,485,653,3,4,1,-1,-1,-1
127,6,657,725,3,3,1,-1,-1,-1
127,7,650,751,3,3,1,-1,-1,-1
128,1,344,621,3,3,1,-1,-1,-1
128,2,480,652,3,3,1,-1,-1,-1
129,1,479,652,3,3,1,-1,-1,-1
129,2,483,654,3,3,1,-1,-1,-1
129,3,656,724,3,3,1,-1,-1,-1
129,4,935,824,3,3,1,-1,-1,-1
129,5,944,826,3,3,1,-1,-1,-1
130,1,483,653,3,3,1,-1,-1,-1
130,2,648,750,3,3,1,-1,-1,-1
130,3,897,811,3,3,1,-1,-1,-1
130,4,420,1022,3,2,1,-1,-1,-1
131,1,482,653,3,3,1,-1,-1,-1
131,2,655,724,3,3,1,-1,-1,-1
131,3,649,750,3,3,1,-1,-1,-1
132,1,844,0,3,2,1,-1,-1,-1
132,2,27,501,3,3,1,-1,-1,-1
132,3,5,515,3,3,1,-1,-1,-1
132,4,413,630,3,3,1,-1,-1,-1
132,5,477,651,8,5,1,-1,-1,-1
132,6,650,751,4,3,1,-1,-1,-1
132,7,932,823,3,3,1,-1,-1,-1
132,8,941,825,3,3,1,-1,-1,-1
133,1,654,724,3,3,1,-1,-1,-1
134,1,475,650,3,3,1,-1,-1,-1
134,2,653,723,3,4,1,-1,-1,-1
135,1,25,500,3,3,1,-1,-1,-1
135,2,7,516,3,3,1,-1,-1,-1
135,3,790,534,3,3,1,-1,-1,-1
135,4,409,629,3,3,1,-1,-1,-1
135,5,478,652,3,3,1,-1,-1,-1
135,6,519,694,3,3,1,-1,-1,-1
136,1,473,650,4,3,1,-1,-1,-1
136,2,478,652,3,3,1,-1,-1,-1
136,3,659,727,4,3,1,-1,-1,-1
136,4,938,824,3,3,1,-1,-1,-1
136,5,891,836,3,3,1,-1,-1,-1
138,1,472,650,3,3,1,-1,-1,-1
139,1,649,722,3,3,1,-1,-1,-1
139,2,658,726,3,3,1,-1,-1,-1
140,1,341,604,3,3,1,-1,-1,-1
140,2,302,606,3,3,1,-1,-1,-1
140,3,546,706,3,3,1,-1,-1,-1
140,4,649,722,3,3,1,-1,-1,-1
140,5,657,726,3,3,1,-1,-1,-1
140,6,663,756,3,3,1,-1,-1,-1
141,1,303,606,3,3,1,-1,-1,-1
141,2,474,650,3,3,1,-1,-1,-1
141,3,649,722,3,3,1,-1,-1,-1
141,4,659,755,3,3,1,-1,-1,-1
141,5,924,821,4,3,1,-1,-1,-1
142,1,473,650,3,3,1,-1,-1,-1
142,2,883,807,3,3,1,-1,-1,-1
142,3,888,808,3,3,1,-1,-1,-1
143,1,472,650,3,3,1,-1,-1,-1
144,1,647,721,3,4,1,-1,-1,-1
144,2,698,742,3,3,1,-1,-1,-1
144,3,667,757,3,4,1,-1,-1,-1
145,1,646,721,3,3,1,-1,-1,-1
146,1,10,497,3,3,1,-1,-1,-1
146,2,466,647,3,3,1,-1,-1,-1
149,1,463,646,3,3,1,-1,-1,-1
150,1,10,497,3,3,1,-1,-1,-1
150,2,368,631,4,4,1,-1,-1,-1
150,3,463,646,3,3,1,-1,-1,-1
150,4,467,648,3,3,1,-1,-1,-1
150,5,558,711,3,3,1,-1,-1,-1
150,6,881,806,3,3,1,-1,-1,-1
151,1,12,517,4,3,1,-1,-1,-1
151,2,21,519,3,3,1,-1,-1,-1
151,3,461,645,3,4,1,-1,-1,-1
151,4,466,647,4,3,1,-1,-1,-1
151,5,642,719,4,4,1,-1,-1,-1
151,6,652,722,3,3,1,-1,-1,-1
151,7,916,819,3,4,1,-1,-1,-1
152,1,461,645,3,3,1,-1,-1,-1
152,2,465,647,3,3,1,-1,-1,-1
152,3,671,760,3,3,1,-1,-1,-1
154,1,459,645,3,3,1,-1,-1,-1
154,2,673,761,3,3,1,-1,-1,-1
154,3,1021,843,3,3,1,-1,-1,-1
155,1,302,607,4,3,1,-1,-1,-1
155,2,381,619,3,3,1,-1,-1,-1
155,3,463,646,3,3,1,-1,-1,-1
155,4,673,761,4,3,1,-1,-1,-1
155,5,406,1005,3,3,1,-1,-1,-1
156,1,303,607,3,3,1,-1,-1,-1
156,2,458,644,3,3,1,-1,-1,-1
156,3,462,646,3,3,1,-1,-1,-1
156,4,674,761,3,4,1,-1,-1,-1
156,5,679,763,3,3,1,-1,-1,-1
157,1,305,607,3,4,1,-1,-1,-1
157,2,457,644,3,4,1,-1,-1,-1
157,3,461,646,3,3,1,-1,-1,-1
157,4,676,762,3,3,1,-1,-1,-1
157,5,680,764,3,3,1,-1,-1,-1
157,6,907,842,4,3,1,-1,-1,-1
157,7,1020,842,3,4,1,-1,-1,-1
158,1,382,619,3,3,1,-1,-1,-1
158,2,456,644,3,3,1,-1,-1,-1
158,3,460,646,3,3,1,-1,-1,-1
159,1,455,643,3,4,1,-1,-1,-1
159,2,460,645,3,3,1,-1,-1,-1
159,3,638,718,3,3,1,-1,-1,-1
159,4,682,765,3,4,1,-1,-1,-1
159,5,909,817,3,3,1,-1,-1,-1
160,1,307,609,3,3,1,-1,-1,-1
160,2,455,643,3,4,1,-1,-1,-1
160,3,637,718,3,3,1,-1,-1,-1
160,4,648,725,3,3,1,-1,-1,-1
160,5,679,763,3,3,1,-1,-1,-1
160,6,1017,842,3,3,1,-1,-1,-1
161,1,1,494,3,3,1,-1,-1,-1
161,2,454,643,3,3,1,-1,-1,-1
161,3,636,718,4,3,1,-1,-1,-1
161,4,679,764,3,3,1,-1,-1,-1
162,1,374,615,3,3,1,-1,-1,-1
162,2,453,642,3,3,1,-1,-1,-1
162,3,458,644,3,3,1,-1,-1,-1
162,4,636,717,3,3,1,-1,-1,-1
162,5,587,720,3,3,1,-1,-1,-1
162,6,681,764,3,3,1,-1,-1,-1
162,7,685,766,3,3,1,-1,-1,-1
163,1,309,610,3,3,1,-1,-1,-1
163,2,457,644,3,4,1,-1,-1,-1
163,3,644,719,3,3,1,-1,-1,-1
163,4,685,766,3,3,1,-1,-1,-1
163,5,906,816,3,3,1,-1,-1,-1
165,1,369,614,3,3,1,-1,-1,-1
165,2,451,641,3,4,1,-1,-1,-1
165,3,456,643,3,3,1,-1,-1,-1
165,4,434,659,3,3,1,-1,-1,-1
165,5,1022,843,2,4,1,-1,-1,-1
166,1,312,611,3,3,1,-1,-1,-1
166,2,450,641,3,3,1,-1,-1,-1
166,3,684,766,3,3,1,-1,-1,-1
166,4,903,816,3,3,1,-1,-1,-1
166,5,1012,841,3,3,1,-1,-1,-1
166,6,1021,843,3,4,1,-1,-1,-1
167,1,313,611,3,3,1,-1,-1,-1
168,1,313,612,3,3,1,-1,-1,-1
168,2,1010,841,4,3,1,-1,-1,-1
168,3,1020,843,3,3,1,-1,-1,-1
169,1,315,612,3,4,1,-1,-1,-1
169,2,446,640,3,3,1,-1,-1,-1
169,3,452,642,3,3,1,-1,-1,-1
169,4,640,718,3,4,1,-1,-1,-1
169,5,692,769,3,3,1,-1,-1,-1
169,6,1009,841,3,3,1,-1,-1,-1
169,7,1018,843,3,3,1,-1,-1,-1
169,8,917,845,3,3,1,-1,-1,-1
170,1,688,767,3,3,1,-1,-1,-1
171,1,316,613,4,3,1,-1,-1,-1
171,2,384,638,3,3,1,-1,-1,-1
171,3,630,714,4,4,1,-1,-1,-1
171,4,694,770,3,3,1,-1,-1,-1
171,5,1007,840,5,4,1,-1,-1,-1
171,6,1018,842,3,3,1,-1,-1,-1
172,1,317,613,3,4,1,-1,-1,-1
172,2,364,612,3,4,1,-1,-1,-1
172,3,445,639,3,3,1,-1,-1,-1
172,4,450,641,3,3,1,-1,-1,-1
172,5,630,714,3,3,1,-1,-1,-1
172,6,695,770,3,3,1,-1,-1,-1
172,7,898,814,3,3,1,-1,-1,-1
172,8,907,817,3,3,1,-1,-1,-1
172,9,1007,840,3,3,1,-1,-1,-1
172,10,1016,842,3,3,1,-1,-1,-1
173,1,629,715,3,3,1,-1,-1,-1
173,2,695,770,3,3,1,-1,-1,-1
173,3,1016,842,3,3,1,-1,-1,-1
174,1,318,614,4,3,1,-1,-1,-1
174,2,443,639,3,3,1,-1,-1,-1
174,3,391,641,3,3,1,-1,-1,-1
174,4,448,641,3,3,1,-1,-1,-1
174,5,636,718,3,3,1,-1,-1,-1
174,6,857,800,3,3,1,-1,-1,-1
175,1,443,639,3,3,1,-1,-1,-1
176,1,320,614,4,4,1,-1,-1,-1
176,2,441,638,3,3,1,-1,-1,-1
176,3,627,713,4,4,1,-1,-1,-1
176,4,694,770,3,3,1,-1,-1,-1
176,5,698,772,3,3,1,-1,-1,-1
177,1,333,620,3,3,1,-1,-1,-1
177,2,695,770,3,3,1,-1,-1,-1
180,1,323,616,4,3,1,-1,-1,-1
180,2,439,637,3,4,1,-1,-1,-1
180,3,443,639,4,3,1,-1,-1,-1
180,4,392,642,3,3,1,-1,-1,-1
180,5,608,729,3,3,1,-1,-1,-1
180,6,612,730,3,3,1,-1,-1,-1
180,7,701,773,3,3,1,-1,-1,-1
180,8,854,799,3,3,1,-1,-1,-1
180,9,892,812,4,4,1,-1,-1,-1
180,10,1000,839,3,3,1,-1,-1,-1
181,1,325,617,3,3,1,-1,-1,-1
181,2,437,636,4,4,1,-1,-1,-1
181,3,443,639,3,3,1,-1,-1,-1
181,4,625,713,3,3,1,-1,-1,-1
181,5,634,716,3,3,1,-1,-1,-1
181,6,901,815,3,3,1,-1,-1,-1
181,7,1000,838,4,4,1,-1,-1,-1
181,8,1008,840,4,4,1,-1,-1,-1
182,1,437,636,3,4,1,-1,-1,-1
182,2,612,730,3,3,1,-1,-1,-1
182,3,703,774,3,3,1,-1,-1,-1
182,4,410,997,3,3,1,-1,-1,-1
183,1,325,617,3,3,1,-1,-1,-1
183,2,437,636,3,4,1,-1,-1,-1
184,1,0,514,2,3,1,-1,-1,-1
184,2,327,618,4,3,1,-1,-1,-1
184,3,340,623,3,3,1,-1,-1,-1
184,4,436,636,3,3,1,-1,-1,-1
184,5,396,644,3,3,1,-1,-1,-1
184,6,622,712,3,3,1,-1,-1,-1
184,7,630,716,3,5,1,-1,-1,-1
184,8,705,775,3,3,1,-1,-1,-1
184,9,888,811,3,3,1,-1,-1,-1
184,10,997,838,3,4,1,-1,-1,-1
184,11,1006,840,4,3,1,-1,-1,-1
185,1,886,455,3,4,1,-1,-1,-1
185,2,0,513,2,3,1,-1,-1,-1
185,3,349,606,3,3,1,-1,-1,-1
185,4,435,636,3,3,1,-1,-1,-1
185,5,397,644,3,3,1,-1,-1,-1
185,6,622,712,3,3,1,-1,-1,-1
186,1,328,618,3,3,1,-1,-1,-1
186,2,438,638,3,3,1,-1,-1,-1
186,3,629,716,3,4,1,-1,-1,-1
186,4,708,776,3,3,1,-1,-1,-1
187,1,346,606,3,3,1,-1,-1,-1
187,2,621,711,3,4,1,-1,-1,-1
187,3,628,715,4,5,1,-1,-1,-1
187,4,704,774,3,3,1,-1,-1,-1
187,5,708,776,4,3,1,-1,-1,-1
187,6,994,837,4,3,1,-1,-1,-1
188,1,433,635,3,3,1,-1,-1,-1
188,2,704,774,3,3,1,-1,-1,-1
189,1,331,619,3,4,1,-1,-1,-1
189,2,432,635,3,3,1,-1,-1,-1
189,3,619,711,4,4,1,-1,-1,-1
189,4,628,714,3,3,1,-1,-1,-1
189,5,710,777,4,3,1,-1,-1,-1
189,6,884,810,3,4,1,-1,-1,-1
189,7,1002,839,3,3,1,-1,-1,-1
190,1,4,515,3,3,1,-1,-1,-1
190,2,627,713,4,5,1,-1,-1,-1
190,3,707,775,3,3,1,-1,-1,-1
190,4,1001,839,3,3,1,-1,-1,-1
191,1,345,625,3,3,1,-1,-1,-1
191,2,430,634,4,3,1,-1,-1,-1
191,3,435,636,3,3,1,-1,-1,-1
191,4,626,713,4,5,1,-1,-1,-1
191,5,882,810,3,3,1,-1,-1,-1
192,1,429,634,3,3,1,-1,-1,-1
192,2,626,713,3,3,1,-1,-1,-1
192,3,708,776,4,4,1,-1,-1,-1
192,4,713,778,3,3,1,-1,-1,-1
192,5,881,809,3,4,1,-1,-1,-1
192,6,891,812,3,3,1,-1,-1,-1
193,1,429,633,3,4,1,-1,-1,-1
193,2,626,713,3,3,1,-1,-1,-1
193,3,714,778,3,3,1,-1,-1,-1
193,4,989,836,5,3,1,-1,-1,-1
193,5,999,838,3,3,1,-1,-1,-1
193,6,936,851,4,3,1,-1,-1,-1
193,7,373,921,3,3,1,-1,-1,-1
194,1,428,633,3,3,1,-1,-1,-1
194,2,625,713,3,3,1,-1,-1,-1
194,3,710,777,3,3,1,-1,-1,-1
194,4,988,836,3,3,1,-1,-1,-1
195,1,336,621,3,3,1,-1,-1,-1
195,2,427,633,3,3,1,-1,-1,-1
195,3,432,635,3,3,1,-1,-1,-1
195,4,711,777,3,4,1,-1,-1,-1
195,5,716,779,3,3,1,-1,-1,-1
195,6,997,838,3,3,1,-1,-1,-1
196,1,426,633,3,3,1,-1,-1,-1
196,2,622,714,3,3,1,-1,-1,-1
196,3,712,777,3,4,1,-1,-1,-1
196,4,879,809,3,3,1,-1,-1,-1
196,5,887,811,3,3,1,-1,-1,-1
196,6,987,836,3,3,1,-1,-1,-1
196,7,996,838,3,3,1,-1,-1,-1
197,1,139,330,3,3,1,-1,-1,-1
197,2,877,809,3,3,1,-1,-1,-1
198,1,425,632,3,3,1,-1,-1,-1
198,2,614,709,3,3,1,-1,-1,-1
198,3,713,777,4,4,1,-1,-1,-1
199,1,339,623,3,3,1,-1,-1,-1
199,2,424,632,3,3,1,-1,-1,-1
199,3,428,633,3,3,1,-1,-1,-1
199,4,613,709,3,3,1,-1,-1,-1
199,5,622,712,3,3,1,-1,-1,-1
199,6,665,731,3,3,1,-1,-1,-1
199,7,715,779,3,3,1,-1,-1,-1
199,8,720,781,3,3,1,-1,-1,-1
199,9,984,835,4,3,1,-1,-1,-1
199,10,994,837,3,3,1,-1,-1,-1
200,1,331,600,3,3,1,-1,-1,-1
200,2,340,623,3,3,1,-1,-1,-1
200,3,428,633,3,3,1,-1,-1,-1
200,4,840,795,3,3,1,-1,-1,-1
201,1,423,631,3,3,1,-1,-1,-1
201,2,427,633,3,3,1,-1,-1,-1
201,3,612,708,3,4,1,-1,-1,-1
201,4,716,779,4,3,1,-1,-1,-1
201,5,721,781,4,3,1,-1,-1,-1
201,6,992,837,3,3,1,-1,-1,-1
202,1,1,515,3,3,1,-1,-1,-1
202,2,421,631,3,3,1,-1,-1,-1
202,3,981,835,3,3,1,-1,-1,-1
203,1,343,624,3,3,1,-1,-1,-1
203,2,421,631,3,3,1,-1,-1,-1
203,3,619,712,3,3,1,-1,-1,-1
203,4,718,780,3,3,1,-1,-1,-1
203,5,981,834,3,3,1,-1,-1,-1
204,1,16,518,4,3,1,-1,-1,-1
204,2,344,625,3,3,1,-1,-1,-1
204,3,420,630,3,3,1,-1,-1,-1
204,4,425,632,3,3,1,-1,-1,-1
204,5,610,708,3,3,1,-1,-1,-1
204,6,720,781,3,3,1,-1,-1,-1
204,7,836,794,4,3,1,-1,-1,-1
204,8,979,834,4,3,1,-1,-1,-1
204,9,989,837,3,3,1,-1,-1,-1
205,1,15,518,5,3,1,-1,-1,-1
205,2,344,625,3,3,1,-1,-1,-1
205,3,415,652,3,3,1,-1,-1,-1
205,4,419,654,3,3,1,-1,-1,-1
205,5,618,711,3,3,1,-1,-1,-1
205,6,405,984,3,3,1,-1,-1,-1
206,1,4,516,3,3,1,-1,-1,-1
206,2,344,626,4,3,1,-1,-1,-1
206,3,418,630,3,3,1,-1,-1,-1
206,4,423,632,3,3,1,-1,-1,-1
206,5,416,652,3,3,1,-1,-1,-1
206,6,609,707,3,3,1,-1,-1,-1
206,7,978,834,4,3,1,-1,-1,-1
209,1,737,369,3,4,1,-1,-1,-1
209,2,348,627,3,3,1,-1,-1,-1
210,1,347,627,4,4,1,-1,-1,-1
210,2,416,629,3,3,1,-1,-1,-1
210,3,420,630,3,4,1,-1,-1,-1
210,4,419,654,3,3,1,-1,-1,-1
210,5,473,677,3,3,1,-1,-1,-1
210,6,614,711,3,3,1,-1,-1,-1
210,7,724,782,4,3,1,-1,-1,-1
210,8,729,785,3,3,1,-1,-1,-1
210,9,975,834,3,3,1,-1,-1,-1
211,1,414,628,4,4,1,-1,-1,-1
211,2,419,630,4,3,1,-1,-1,-1
211,3,606,706,3,3,1,-1,-1,-1
211,4,614,708,4,5,1,-1,-1,-1
211,5,762,767,3,3,1,-1,-1,-1
211,6,731,785,3,3,1,-1,-1,-1
211,7,865,805,3,3,1,-1,-1,-1
211,8,974,833,4,4,1,-1,-1,-1
211,9,983,835,4,4,1,-1,-1,-1
211,10,410,1018,3,3,1,-1,-1,-1
212,1,193,97,3,4,1,-1,-1,-1
212,2,312,594,4,3,1,-1,-1,-1
212,3,418,630,4,3,1,-1,-1,-1
212,4,613,710,3,3,1,-1,-1,-1
212,5,649,746,3,3,1,-1,-1,-1
212,6,731,785,3,4,1,-1,-1,-1
212,7,864,805,3,3,1,-1,-1,-1
212,8,973,832,3,4,1,-1,-1,-1
213,1,418,630,3,3,1,-1,-1,-1
213,2,605,705,3,5,1,-1,-1,-1
213,3,613,710,3,3,1,-1,-1,-1
213,4,972,833,4,3,1,-1,-1,-1
214,1,417,629,3,3,1,-1,-1,-1
214,2,427,658,3,3,1,-1,-1,-1
214,3,604,706,3,3,1,-1,-1,-1
214,4,863,805,3,3,1,-1,-1,-1
214,5,980,834,4,4,1,-1,-1,-1
215,1,352,629,3,3,1,-1,-1,-1
215,2,416,630,3,3,1,-1,-1,-1
216,1,415,629,4,3,1,-1,-1,-1
216,2,353,630,4,3,1,-1,-1,-1
216,3,365,634,3,3,1,-1,-1,-1
216,4,729,785,4,3,1,-1,-1,-1
217,1,309,593,3,3,1,-1,-1,-1
217,2,969,832,3,3,1,-1,-1,-1
218,1,409,627,3,3,1,-1,-1,-1
218,2,367,635,3,3,1,-1,-1,-1
219,1,408,626,3,3,1,-1,-1,-1
219,2,413,628,3,3,1,-1,-1,-1
219,3,356,631,3,3,1,-1,-1,-1
219,4,368,636,3,3,1,-1,-1,-1
219,5,737,788,3,3,1,-1,-1,-1
220,1,408,626,3,3,1,-1,-1,-1
220,2,412,628,3,3,1,-1,-1,-1
220,3,356,631,3,3,1,-1,-1,-1
220,4,601,704,3,3,1,-1,-1,-1
220,5,967,831,4,3,1,-1,-1,-1
221,1,407,626,3,3,1,-1,-1,-1
221,2,369,636,3,3,1,-1,-1,-1
221,3,600,705,3,4,1,-1,-1,-1
221,4,608,708,3,3,1,-1,-1,-1
222,1,974,833,3,3,1,-1,-1,-1
223,1,19,519,3,3,1,-1,-1,-1
223,2,405,626,3,3,1,-1,-1,-1
223,3,410,627,3,3,1,-1,-1,-1
223,4,358,632,4,3,1,-1,-1,-1
223,5,740,789,3,3,1,-1,-1,-1
223,6,965,831,3,3,1,-1,-1,-1
223,7,973,833,3,3,1,-1,-1,-1
224,1,404,625,3,3,1,-1,-1,-1
224,2,598,704,3,3,1,-1,-1,-1
225,1,404,625,3,3,1,-1,-1,-1
225,2,408,627,3,3,1,-1,-1,-1
225,3,360,633,3,3,1,-1,-1,-1
225,4,372,638,3,3,1,-1,-1,-1
225,5,437,662,3,3,1,-1,-1,-1
225,6,737,788,3,3,1,-1,-1,-1
225,7,742,789,3,3,1,-1,-1,-1
225,8,854,802,3,3,1,-1,-1,-1
226,1,402,624,3,3,1,-1,-1,-1
226,2,407,626,4,3,1,-1,-1,-1
226,3,360,633,5,3,1,-1,-1,-1
226,4,371,638,3,3,1,-1,-1,-1
226,5,597,702,4,4,1,-1,-1,-1
226,6,743,790,4,4,1,-1,-1,-1
226,7,961,830,5,4,1,-1,-1,-1
226,8,969,833,5,3,1,-1,-1,-1
227,1,402,624,3,3,1,-1,-1,-1
227,2,362,634,3,3,1,-1,-1,-1
228,1,406,625,3,3,1,-1,-1,-1
228,2,362,634,3,3,1,-1,-1,-1
228,3,374,639,3,3,1,-1,-1,-1
228,4,597,701,3,3,1,-1,-1,-1
228,5,605,706,3,3,1,-1,-1,-1
228,6,740,789,3,3,1,-1,-1,-1
228,7,960,830,4,3,1,-1,-1,-1
229,1,400,623,3,3,1,-1,-1,-1
229,2,363,635,5,3,1,-1,-1,-1
229,3,959,830,4,3,1,-1,-1,-1
230,1,24,521,3,3,1,-1,-1,-1
230,2,400,623,3,3,1,-1,-1,-1
230,3,376,640,3,3,1,-1,-1,-1
230,4,741,790,3,3,1,-1,-1,-1
231,1,594,702,3,3,1,-1,-1,-1
231,2,602,705,4,3,1,-1,-1,-1
231,3,742,790,3,3,1,-1,-1,-1
231,4,747,793,4,3,1,-1,-1,-1
232,1,398,623,3,3,1,-1,-1,-1
232,2,402,625,3,3,1,-1,-1,-1
232,3,593,702,3,3,1,-1,-1,-1
232,4,957,829,3,3,1,-1,-1,-1
233,1,28,521,3,3,1,-1,-1,-1
233,2,440,664,3,3,1,-1,-1,-1
233,3,593,702,3,3,1,-1,-1,-1
233,4,744,791,3,3,1,-1,-1,-1
234,1,136,323,4,3,1,-1,-1,-1
234,2,401,624,3,3,1,-1,-1,-1
234,3,368,636,3,4,1,-1,-1,-1
234,4,592,701,3,3,1,-1,-1,-1
234,5,955,829,4,3,1,-1,-1,-1
235,1,136,323,4,4,1,-1,-1,-1
235,2,368,637,4,3,1,-1,-1,-1
235,3,600,704,3,3,1,-1,-1,-1
235,4,745,792,3,3,1,-1,-1,-1
235,5,750,793,3,3,1,-1,-1,-1
236,1,395,622,3,3,1,-1,-1,-1
236,2,370,637,3,3,1,-1,-1,-1
236,3,591,701,3,3,1,-1,-1,-1
236,4,746,792,3,3,1,-1,-1,-1
236,5,962,831,3,3,1,-1,-1,-1
237,1,136,323,3,3,1,-1,-1,-1
238,1,394,621,3,3,1,-1,-1,-1
239,1,393,621,3,3,1,-1,-1,-1
239,2,397,622,3,3,1,-1,-1,-1
239,3,589,700,3,3,1,-1,-1,-1
239,4,951,827,3,3,1,-1,-1,-1
239,5,960,829,4,4,1,-1,-1,-1
240,1,136,322,3,5,1,-1,-1,-1
240,2,392,621,3,3,1,-1,-1,-1
240,3,397,622,3,3,1,-1,-1,-1
240,4,385,643,3,3,1,-1,-1,-1
240,5,552,690,5,3,1,-1,-1,-1
240,6,588,700,3,3,1,-1,-1,-1
240,7,687,763,3,3,1,-1,-1,-1
240,8,754,795,4,4,1,-1,-1,-1
241,1,194,108,3,3,1,-1,-1,-1
241,2,391,620,3,3,1,-1,-1,-1
241,3,373,639,4,4,1,-1,-1,-1
241,4,384,644,5,3,1,-1,-1,-1
241,5,452,670,3,3,1,-1,-1,-1
241,6,588,699,4,4,1,-1,-1,-1
241,7,597,702,3,3,1,-1,-1,-1
241,8,802,784,3,3,1,-1,-1,-1
241,9,807,785,3,3,1,-1,-1,-1
241,10,756,796,3,3,1,-1,-1,-1
241,11,840,799,3,3,1,-1,-1,-1
241,12,958,830,3,3,1,-1,-1,-1
242,1,197,141,3,3,1,-1,-1,-1
242,2,136,322,3,3,1,-1,-1,-1
242,3,374,640,4,3,1,-1,-1,-1
242,4,752,794,3,3,1,-1,-1,-1
243,1,136,322,3,3,1,-1,-1,-1
243,2,390,620,3,3,1,-1,-1,-1
243,3,394,622,3,3,1,-1,-1,-1
243,4,374,640,4,3,1,-1,-1,-1
243,5,948,827,4,4,1,-1,-1,-1
244,1,388,619,4,3,1,-1,-1,-1
244,2,376,640,4,3,1,-1,-1,-1
244,3,595,702,3,3,1,-1,-1,-1
244,4,946,827,4,3,1,-1,-1,-1
244,5,954,830,3,3,1,-1,-1,-1
245,1,388,619,3,4,1,-1,-1,-1
245,2,376,641,4,3,1,-1,-1,-1
245,3,758,797,4,3,1,-1,-1,-1
246,1,377,641,3,3,1,-1,-1,-1
246,2,585,699,3,3,1,-1,-1,-1
246,3,837,798,3,3,1,-1,-1,-1
247,1,391,621,3,3,1,-1,-1,-1
247,2,378,642,4,3,1,-1,-1,-1
247,3,944,826,3,4,1,-1,-1,-1
248,1,386,618,3,3,1,-1,-1,-1
248,2,379,642,4,3,1,-1,-1,-1
248,3,757,796,3,3,1,-1,-1,-1
248,4,953,828,3,3,1,-1,-1,-1
249,1,389,620,4,3,1,-1,-1,-1
249,2,380,642,4,4,1,-1,-1,-1
249,3,392,647,3,4,1,-1,-1,-1
249,4,592,701,3,3,1,-1,-1,-1
250,1,384,618,3,3,1,-1,-1,-1
250,2,380,642,4,4,1,-1,-1,-1
250,3,392,648,4,3,1,-1,-1,-1
250,4,758,797,3,3,1,-1,-1,-1
251,1,383,618,3,3,1,-1,-1,-1
251,2,388,619,3,3,1,-1,-1,-1
251,3,382,643,3,3,1,-1,-1,-1
251,4,394,648,3,3,1,-1,-1,-1
251,5,759,797,3,3,1,-1,-1,-1
252,1,382,617,4,3,1,-1,-1,-1
252,2,387,619,3,3,1,-1,-1,-1
252,3,383,644,3,3,1,-1,-1,-1
252,4,646,751,3,3,1,-1,-1,-1
252,5,765,799,3,3,1,-1,-1,-1
252,6,940,825,4,4,1,-1,-1,-1
253,1,382,616,3,4,1,-1,-1,-1
253,2,386,619,4,3,1,-1,-1,-1
253,3,383,643,4,4,1,-1,-1,-1
253,4,395,648,3,3,1,-1,-1,-1
253,5,581,697,3,4,1,-1,-1,-1
253,6,766,800,3,3,1,-1,-1,-1
253,7,940,825,4,4,1,-1,-1,-1
254,1,386,618,3,3,1,-1,-1,-1
254,2,384,644,3,3,1,-1,-1,-1
255,1,23,516,3,3,1,-1,-1,-1
255,2,380,616,4,4,1,-1,-1,-1
255,3,385,644,3,3,1,-1,-1,-1
255,4,579,696,3,3,1,-1,-1,-1
255,5,648,751,3,3,1,-1,-1,-1
255,6,796,782,3,3,1,-1,-1,-1
256,1,379,616,3,3,1,-1,-1,-1
256,2,398,650,4,3,1,-1,-1,-1
256,3,578,696,4,4,1,-1,-1,-1
256,4,763,799,3,3,1,-1,-1,-1
256,5,768,801,3,3,1,-1,-1,-1
256,6,938,824,3,3,1,-1,-1,-1
256,7,945,827,3,3,1,-1,-1,-1
257,1,22,515,3,3,1,-1,-1,-1
257,2,26,517,3,3,1,-1,-1,-1
257,3,387,645,3,3,1,-1,-1,-1
257,4,578,696,3,3,1,-1,-1,-1
257,5,937,824,3,3,1,-1,-1,-1
258,1,382,617,4,4,1,-1,-1,-1
258,2,936,824,3,3,1,-1,-1,-1
259,1,388,646,3,3,1,-1,-1,-1
259,2,770,801,3,4,1,-1,-1,-1
259,3,934,824,4,3,1,-1,-1,-1
260,1,25,516,3,3,1,-1,-1,-1
260,2,389,647,3,3,1,-1,-1,-1
260,3,401,651,3,3,1,-1,-1,-1
260,4,934,824,3,3,1,-1,-1,-1
261,1,375,615,3,3,1,-1,-1,-1
261,2,380,617,3,3,1,-1,-1,-1
261,3,575,695,4,4,1,-1,-1,-1
261,4,771,802,4,3,1,-1,-1,-1
261,5,932,824,4,3,1,-1,-1,-1
262,1,28,517,4,3,1,-1,-1,-1
262,2,374,614,4,3,1,-1,-1,-1
262,3,466,677,3,3,1,-1,-1,-1
262,4,768,801,3,3,1,-1,-1,-1
262,5,932,823,3,3,1,-1,-1,-1
263,1,789,780,3,3,1,-1,-1,-1
264,1,373,614,3,4,1,-1,-1,-1
264,2,377,616,4,3,1,-1,-1,-1
264,3,392,648,3,3,1,-1,-1,-1
264,4,405,653,3,3,1,-1,-1,-1
264,5,468,678,3,3,1,-1,-1,-1
264,6,573,695,4,3,1,-1,-1,-1
264,7,582,698,3,3,1,-1,-1,-1
264,8,656,755,3,3,1,-1,-1,-1
264,9,821,793,3,4,1,-1,-1,-1
264,10,769,802,3,3,1,-1,-1,-1
264,11,930,823,3,3,1,-1,-1,-1
265,1,373,614,3,3,1,-1,-1,-1
265,2,393,649,3,3,1,-1,-1,-1
265,3,657,755,3,3,1,-1,-1,-1
265,4,820,793,3,3,1,-1,-1,-1
265,5,770,802,3,3,1,-1,-1,-1
265,6,775,804,3,3,1,-1,-1,-1
265,7,929,823,3,3,1,-1,-1,-1
266,1,372,614,3,3,1,-1,-1,-1
266,2,376,615,4,4,1,-1,-1,-1
266,3,393,649,4,3,1,-1,-1,-1
266,4,573,694,3,3,1,-1,-1,-1
266,5,937,825,3,3,1,-1,-1,-1
266,6,996,868,3,3,1,-1,-1,-1
267,1,371,613,3,3,1,-1,-1,-1
268,1,370,613,3,3,1,-1,-1,-1
269,1,369,612,3,4,1,-1,-1,-1
270,1,368,612,4,4,1,-1,-1,-1
270,2,397,650,3,3,1,-1,-1,-1
270,3,570,694,3,3,1,-1,-1,-1
270,4,579,696,3,5,1,-1,-1,-1
270,5,779,777,4,3,1,-1,-1,-1
270,6,925,821,3,4,1,-1,-1,-1
271,1,196,123,4,3,1,-1,-1,-1
271,2,371,613,4,4,1,-1,-1,-1
271,3,398,650,4,4,1,-1,-1,-1
271,4,570,693,3,4,1,-1,-1,-1
271,5,578,696,3,3,1,-1,-1,-1
271,6,815,791,3,3,1,-1,-1,-1
271,7,925,821,3,4,1,-1,-1,-1
271,8,933,824,3,3,1,-1,-1,-1
272,1,34,502,3,3,1,-1,-1,-1
272,2,300,612,4,3,1,-1,-1,-1
272,3,366,612,4,3,1,-1,-1,-1
272,4,371,614,3,3,1,-1,-1,-1
272,5,399,651,3,4,1,-1,-1,-1
272,6,569,693,3,3,1,-1,-1,-1
272,7,664,758,3,3,1,-1,-1,-1
272,8,777,776,3,3,1,-1,-1,-1
272,9,823,794,3,3,1,-1,-1,-1
272,10,932,823,3,3,1,-1,-1,-1
273,1,399,652,3,3,1,-1,-1,-1
273,2,568,693,4,4,1,-1,-1,-1
273,3,612,713,3,3,1,-1,-1,-1
273,4,664,758,3,3,1,-1,-1,-1
274,1,196,126,3,3,1,-1,-1,-1
274,2,369,613,4,3,1,-1,-1,-1
274,3,400,652,5,3,1,-1,-1,-1
274,4,567,693,4,3,1,-1,-1,-1
274,5,576,695,3,3,1,-1,-1,-1
274,6,922,821,4,3,1,-1,-1,-1
275,1,196,126,3,3,1,-1,-1,-1
275,2,368,613,4,3,1,-1,-1,-1
275,3,782,807,3,3,1,-1,-1,-1
276,1,196,126,3,3,1,-1,-1,-1
276,2,363,611,3,3,1,-1,-1,-1
276,3,821,793,3,3,1,-1,-1,-1
276,4,921,821,4,3,1,-1,-1,-1
276,5,928,823,4,3,1,-1,-1,-1
277,1,363,611,3,3,1,-1,-1,-1
277,2,780,806,3,3,1,-1,-1,-1
277,3,784,808,4,3,1,-1,-1,-1
279,1,28,501,3,3,1,-1,-1,-1
279,2,366,612,3,3,1,-1,-1,-1
279,3,417,659,3,3,1,-1,-1,-1
279,4,781,807,3,3,1,-1,-1,-1
279,5,917,820,5,3,1,-1,-1,-1
279,6,926,822,3,3,1,-1,-1,-1
280,1,28,501,3,3,1,-1,-1,-1
280,2,361,610,3,3,1,-1,-1,-1
280,3,405,655,3,3,1,-1,-1,-1
281,1,27,501,3,3,1,-1,-1,-1
281,2,364,611,3,3,1,-1,-1,-1
281,3,418,660,3,3,1,-1,-1,-1
281,4,925,822,3,3,1,-1,-1,-1
282,1,26,500,3,4,1,-1,-1,-1
282,2,26,516,3,3,1,-1,-1,-1
282,3,359,609,3,4,1,-1,-1,-1
282,4,304,613,6,5,1,-1,-1,-1
282,5,419,660,3,3,1,-1,-1,-1
282,6,563,690,3,4,1,-1,-1,-1
282,7,916,819,3,3,1,-1,-1,-1
282,8,924,821,3,4,1,-1,-1,-1
283,1,26,502,3,3,1,-1,-1,-1
283,2,359,609,3,3,1,-1,-1,-1
283,3,914,819,4,3,1,-1,-1,-1
284,1,24,501,3,3,1,-1,-1,-1
284,2,31,506,3,3,1,-1,-1,-1
284,3,409,656,3,3,1,-1,-1,-1
284,4,922,821,4,3,1,-1,-1,-1
285,1,24,500,3,3,1,-1,-1,-1
285,2,30,506,3,3,1,-1,-1,-1
285,3,357,609,3,3,1,-1,-1,-1
285,4,361,609,4,4,1,-1,-1,-1
285,5,554,691,3,3,1,-1,-1,-1
285,6,561,690,3,3,1,-1,-1,-1
285,7,914,818,3,3,1,-1,-1,-1
286,1,197,131,3,3,1,-1,-1,-1
286,2,22,500,4,4,1,-1,-1,-1
286,3,355,608,4,3,1,-1,-1,-1
286,4,410,657,3,3,1,-1,-1,-1
286,5,422,661,3,3,1,-1,-1,-1
286,6,786,809,4,3,1,-1,-1,-1
286,7,920,821,3,3,1,-1,-1,-1
287,1,355,608,3,3,1,-1,-1,-1
287,2,411,657,3,3,1,-1,-1,-1
287,3,560,690,3,3,1,-1,-1,-1
287,4,910,818,3,3,1,-1,-1,-1
287,5,920,820,3,3,1,-1,-1,-1
288,1,359,609,4,3,1,-1,-1,-1
288,2,412,657,3,3,1,-1,-1,-1
289,1,35,503,3,4,1,-1,-1,-1
289,2,358,609,3,3,1,-1,-1,-1
289,3,413,658,3,3,1,-1,-1,-1
289,4,600,709,3,3,1,-1,-1,-1
290,1,35,503,3,4,1,-1,-1,-1
290,2,356,609,3,3,1,-1,-1,-1
291,1,19,500,4,3,1,-1,-1,-1
291,2,34,503,4,4,1,-1,-1,-1
291,3,352,606,3,3,1,-1,-1,-1
291,4,356,608,4,4,1,-1,-1,-1
291,5,414,658,3,3,1,-1,-1,-1
291,6,799,786,3,3,1,-1,-1,-1
291,7,794,812,3,3,1,-1,-1,-1
291,8,908,817,4,3,1,-1,-1,-1
292,1,351,606,3,3,1,-1,-1,-1
292,2,415,659,4,3,1,-1,-1,-1
292,3,906,817,4,3,1,-1,-1,-1
292,4,916,819,3,3,1,-1,-1,-1
293,1,197,135,3,3,1,-1,-1,-1
293,2,33,503,3,3,1,-1,-1,-1
293,3,350,606,3,3,1,-1,-1,-1
293,4,355,608,3,3,1,-1,-1,-1
293,5,416,659,3,3,1,-1,-1,-1
293,6,428,664,3,3,1,-1,-1,-1
293,7,682,766,3,3,1,-1,-1,-1
293,8,797,786,3,3,1,-1,-1,-1
294,1,20,501,3,3,1,-1,-1,-1
294,2,32,503,4,3,1,-1,-1,-1
294,3,348,605,4,4,1,-1,-1,-1
294,4,417,660,3,4,1,-1,-1,-1
294,5,556,688,3,4,1,-1,-1,-1
294,6,796,785,3,3,1,-1,-1,-1
294,7,805,788,3,3,1,-1,-1,-1
294,8,906,817,3,3,1,-1,-1,-1
294,9,914,819,3,3,1,-1,-1,-1
295,1,349,606,3,4,1,-1,-1,-1
295,2,417,660,3,3,1,-1,-1,-1
295,3,795,785,3,3,1,-1,-1,-1
296,1,15,499,3,3,1,-1,-1,-1
296,2,30,502,4,3,1,-1,-1,-1
296,3,347,605,4,4,1,-1,-1,-1
296,4,418,661,4,3,1,-1,-1,-1
296,5,794,785,3,3,1,-1,-1,-1
296,6,904,816,3,3,1,-1,-1,-1
296,7,912,819,3,3,1,-1,-1,-1
298,1,29,502,3,3,1,-1,-1,-1
299,1,12,498,4,4,1,-1,-1,-1
299,2,28,501,4,4,1,-1,-1,-1
299,3,421,662,3,3,1,-1,-1,-1
299,4,553,687,3,3,1,-1,-1,-1
299,5,560,691,4,3,1,-1,-1,-1
299,6,909,818,3,3,1,-1,-1,-1
300,1,12,498,3,3,1,-1,-1,-1
300,2,27,502,3,4,1,-1,-1,-1
300,3,345,604,3,4,1,-1,-1,-1
300,4,421,662,3,3,1,-1,-1,-1
300,5,433,667,4,4,1,-1,-1,-1
300,6,552,686,3,3,1,-1,-1,-1
300,7,909,818,3,3,1,-1,-1,-1
301,1,26,502,4,3,1,-1,-1,-1
301,2,349,605,3,4,1,-1,-1,-1
301,3,319,620,3,3,1,-1,-1,-1
301,4,421,662,4,3,1,-1,-1,-1
301,5,435,668,3,3,1,-1,-1,-1
301,6,551,687,3,3,1,-1,-1,-1
301,7,789,783,5,4,1,-1,-1,-1
301,8,798,786,4,3,1,-1,-1,-1
301,9,802,815,3,3,1,-1,-1,-1
301,10,899,815,3,3,1,-1,-1,-1
301,11,909,817,3,4,1,-1,-1,-1
301,12,362,900,3,3,1,-1,-1,-1
302,1,26,501,3,4,1,-1,-1,-1
302,2,347,606,3,3,1,-1,-1,-1
302,3,424,662,3,3,1,-1,-1,-1
302,4,789,784,3,3,1,-1,-1,-1
303,1,25,501,4,4,1,-1,-1,-1
303,2,347,606,3,3,1,-1,-1,-1
303,3,550,686,4,3,1,-1,-1,-1
303,4,789,783,3,3,1,-1,-1,-1
304,1,24,501,4,3,1,-1,-1,-1
304,2,341,603,4,3,1,-1,-1,-1
304,3,303,609,3,3,1,-1,-1,-1
304,4,317,619,3,3,1,-1,-1,-1
304,5,425,664,3,3,1,-1,-1,-1
304,6,437,669,3,3,1,-1,-1,-1
304,7,549,686,3,3,1,-1,-1,-1
304,8,559,688,3,3,1,-1,-1,-1
304,9,796,785,3,3,1,-1,-1,-1
305,1,8,501,3,3,1,-1,-1,-1
305,2,24,501,3,3,1,-1,-1,-1
305,3,341,603,3,3,1,-1,-1,-1
305,4,345,605,3,3,1,-1,-1,-1
305,5,425,664,4,3,1,-1,-1,-1
305,6,549,686,3,3,1,-1,-1,-1
305,7,800,815,3,3,1,-1,-1,-1
306,1,8,497,3,3,1,-1,-1,-1
306,2,22,501,5,4,1,-1,-1,-1
306,3,340,602,3,4,1,-1,-1,-1
306,4,344,604,5,4,1,-1,-1,-1
306,5,426,664,4,3,1,-1,-1,-1
306,6,548,685,4,4,1,-1,-1,-1
306,7,904,817,3,3,1,-1,-1,-1
307,1,6,497,3,3,1,-1,-1,-1
307,2,21,501,4,4,1,-1,-1,-1
307,3,339,602,4,3,1,-1,-1,-1
307,4,344,603,3,3,1,-1,-1,-1
307,5,320,620,6,5,1,-1,-1,-1
307,6,426,665,4,3,1,-1,-1,-1
307,7,548,685,3,3,1,-1,-1,-1
307,8,556,689,3,3,1,-1,-1,-1
307,9,785,782,3,3,1,-1,-1,-1
307,10,895,814,3,3,1,-1,-1,-1
308,1,6,497,3,3,1,-1,-1,-1
308,2,339,602,3,3,1,-1,-1,-1
308,3,428,665,3,3,1,-1,-1,-1
308,4,547,685,3,3,1,-1,-1,-1
308,5,785,782,3,3,1,-1,-1,-1
309,1,5,497,3,3,1,-1,-1,-1
309,2,20,500,4,4,1,-1,-1,-1
309,3,2,517,3,3,1,-1,-1,-1
309,4,337,601,4,4,1,-1,-1,-1
309,5,302,609,8,6,1,-1,-1,-1
309,6,429,665,3,4,1,-1,-1,-1
309,7,547,684,3,5,1,-1,-1,-1
309,8,783,782,3,3,1,-1,-1,-1
309,9,893,813,3,3,1,-1,-1,-1
310,1,20,500,3,4,1,-1,-1,-1
310,2,337,601,3,4,1,-1,-1,-1
310,3,430,666,3,3,1,-1,-1,-1
310,4,441,671,3,3,1,-1,-1,-1
310,5,546,685,3,3,1,-1,-1,-1
310,6,555,687,3,3,1,-1,-1,-1
310,7,893,813,3,3,1,-1,-1,-1
311,1,19,500,3,3,1,-1,-1,-1
311,2,430,666,4,3,1,-1,-1,-1
311,3,545,685,4,3,1,-1,-1,-1
311,4,901,815,3,3,1,-1,-1,-1
312,1,0,500,2,3,1,-1,-1,-1
312,2,18,500,3,3,1,-1,-1,-1
312,3,335,601,3,4,1,-1,-1,-1
312,4,432,666,3,3,1,-1,-1,-1
312,5,544,685,3,3,1,-1,-1,-1
312,6,781,781,3,3,1,-1,-1,-1
312,7,789,784,3,3,1,-1,-1,-1
312,8,1022,851,2,3,1,-1,-1,-1
313,1,1,496,3,3,1,-1,-1,-1
313,2,432,667,3,3,1,-1,-1,-1
313,3,780,781,4,3,1,-1,-1,-1
313,4,890,813,3,3,1,-1,-1,-1
314,1,16,499,3,4,1,-1,-1,-1
314,2,333,601,3,3,1,-1,-1,-1
314,3,338,602,3,3,1,-1,-1,-1
314,4,433,668,3,3,1,-1,-1,-1
315,1,16,500,3,3,1,-1,-1,-1
315,2,333,600,3,3,1,-1,-1,-1
315,3,313,613,3,3,1,-1,-1,-1
315,4,433,668,3,3,1,-1,-1,-1
315,5,445,673,3,3,1,-1,-1,-1
315,6,778,780,4,3,1,-1,-1,-1
315,7,897,815,3,3,1,-1,-1,-1
315,8,1019,850,3,3,1,-1,-1,-1
316,1,192,92,3,3,1,-1,-1,-1
316,2,0,496,3,3,1,-1,-1,-1
316,3,14,499,4,4,1,-1,-1,-1
316,4,0,518,2,4,1,-1,-1,-1
316,5,8,518,3,3,1,-1,-1,-1
316,6,332,600,7,5,1,-1,-1,-1
316,7,325,623,3,3,1,-1,-1,-1
316,8,329,624,3,3,1,-1,-1,-1
316,9,434,668,5,4,1,-1,-1,-1
316,10,445,673,5,3,1,-1,-1,-1
316,11,542,683,4,4,1,-1,-1,-1
316,12,550,687,4,3,1,-1,-1,-1
316,13,778,780,3,3,1,-1,-1,-1
316,14,887,812,3,3,1,-1,-1,-1
316,15,896,815,4,3,1,-1,-1,-1
316,16,1022,851,2,3,1,-1,-1,-1
317,1,0,519,3,3,1,-1,-1,-1
317,2,9,518,3,3,1,-1,-1,-1
317,3,331,600,3,3,1,-1,-1,-1
317,4,777,779,3,3,1,-1,-1,-1
318,1,13,499,3,4,1,-1,-1,-1
318,2,0,519,4,4,1,-1,-1,-1
318,3,436,668,4,5,1,-1,-1,-1
318,4,776,779,4,4,1,-1,-1,-1
319,1,12,499,4,3,1,-1,-1,-1
319,2,1,519,4,4,1,-1,-1,-1
319,3,329,599,3,3,1,-1,-1,-1
319,4,327,624,3,3,1,-1,-1,-1
319,5,437,669,3,3,1,-1,-1,-1
319,6,540,683,3,3,1,-1,-1,-1
320,1,2,519,3,3,1,-1,-1,-1
320,2,329,599,3,3,1,-1,-1,-1
320,3,437,670,3,3,1,-1,-1,-1
321,1,11,497,3,5,1,-1,-1,-1
321,2,328,599,3,3,1,-1,-1,-1
321,3,333,600,3,4,1,-1,-1,-1
321,4,332,626,3,3,1,-1,-1,-1
321,5,440,670,3,3,1,-1,-1,-1
321,6,450,675,3,3,1,-1,-1,-1
321,7,539,682,3,4,1,-1,-1,-1
322,1,10,498,3,4,1,-1,-1,-1
322,2,0,519,2,4,1,-1,-1,-1
322,3,4,520,3,3,1,-1,-1,-1
322,4,327,598,3,3,1,-1,-1,-1
322,5,331,601,3,3,1,-1,-1,-1
322,6,439,670,5,4,1,-1,-1,-1
322,7,882,811,3,3,1,-1,-1,-1
322,8,1016,850,3,3,1,-1,-1,-1
323,1,9,498,3,3,1,-1,-1,-1
323,2,0,519,2,3,1,-1,-1,-1
323,3,326,598,4,3,1,-1,-1,-1
323,4,440,671,3,4,1,-1,-1,-1
323,5,538,682,3,3,1,-1,-1,-1
324,1,8,497,4,4,1,-1,-1,-1
324,2,0,519,4,4,1,-1,-1,-1
324,3,5,521,3,4,1,-1,-1,-1
324,4,325,598,3,3,1,-1,-1,-1
324,5,329,600,4,3,1,-1,-1,-1
324,6,441,672,3,3,1,-1,-1,-1
324,7,545,686,3,3,1,-1,-1,-1
324,8,780,780,3,3,1,-1,-1,-1
324,9,890,813,3,3,1,-1,-1,-1
325,1,8,498,3,3,1,-1,-1,-1
325,2,1,519,3,4,1,-1,-1,-1
325,3,6,521,4,3,1,-1,-1,-1
325,4,325,598,3,3,1,-1,-1,-1
325,5,329,598,4,5,1,-1,-1,-1
325,6,441,672,3,3,1,-1,-1,-1
325,7,537,682,3,3,1,-1,-1,-1
325,8,735,764,3,3,1,-1,-1,-1
325,9,381,929,3,3,1,-1,-1,-1
326,1,6,498,4,4,1,-1,-1,-1
326,2,2,519,3,5,1,-1,-1,-1
326,3,6,521,4,4,1,-1,-1,-1
326,4,323,597,4,4,1,-1,-1,-1
326,5,328,599,3,3,1,-1,-1,-1
326,6,442,672,4,4,1,-1,-1,-1
326,7,536,681,3,4,1,-1,-1,-1
326,8,888,813,3,3,1,-1,-1,-1
327,1,8,521,3,3,1,-1,-1,-1
327,2,323,597,3,3,1,-1,-1,-1
327,3,443,673,3,3,1,-1,-1,-1
327,4,768,777,3,3,1,-1,-1,-1
327,5,878,810,3,3,1,-1,-1,-1
329,1,969,496,3,3,1,-1,-1,-1
