1,1,558,315,14,28,1,-1,-1,-1
1,2,550,333,9,10,1,-1,-1,-1
1,3,584,335,12,20,1,-1,-1,-1
1,4,530,342,6,6,1,-1,-1,-1
1,5,549,348,7,8,1,-1,-1,-1
1,6,556,348,15,25,1,-1,-1,-1
2,1,568,315,3,3,1,-1,-1,-1
2,2,554,319,18,23,1,-1,-1,-1
2,3,549,333,7,10,1,-1,-1,-1
2,4,583,335,12,21,1,-1,-1,-1
2,5,529,343,6,6,1,-1,-1,-1
2,6,548,348,7,8,1,-1,-1,-1
2,7,555,348,16,28,1,-1,-1,-1
3,1,556,316,15,27,1,-1,-1,-1
3,2,571,316,3,3,1,-1,-1,-1
3,3,548,333,8,10,1,-1,-1,-1
3,4,582,335,12,21,1,-1,-1,-1
3,5,579,341,3,3,1,-1,-1,-1
3,6,528,342,7,7,1,-1,-1,-1
3,7,547,348,7,9,1,-1,-1,-1
3,8,554,348,15,27,1,-1,-1,-1
4,1,556,317,18,26,1,-1,-1,-1
4,2,547,333,8,10,1,-1,-1,-1
4,3,583,336,10,20,1,-1,-1,-1
4,4,526,342,6,6,1,-1,-1,-1
4,5,581,347,3,3,1,-1,-1,-1
4,6,546,348,7,9,1,-1,-1,-1
4,7,553,348,14,27,1,-1,-1,-1
5,1,555,315,14,28,1,-1,-1,-1
5,2,553,326,3,3,1,-1,-1,-1
5,3,547,333,7,10,1,-1,-1,-1
5,4,583,335,8,20,1,-1,-1,-1
5,5,526,343,5,5,1,-1,-1,-1
5,6,580,346,4,6,1,-1,-1,-1
5,7,545,348,7,8,1,-1,-1,-1
5,8,552,348,16,26,1,-1,-1,-1
6,1,554,315,17,28,1,-1,-1,-1
6,2,546,333,8,10,1,-1,-1,-1
6,3,576,335,15,21,1,-1,-1,-1
6,4,525,342,6,7,1,-1,-1,-1
6,5,545,348,6,9,1,-1,-1,-1
6,6,552,348,15,27,1,-1,-1,-1
7,1,549,316,21,27,1,-1,-1,-1
7,2,544,333,9,10,1,-1,-1,-1
7,3,577,335,14,21,1,-1,-1,-1
7,4,523,342,7,7,1,-1,-1,-1
7,5,543,348,7,9,1,-1,-1,-1
7,6,550,348,16,27,1,-1,-1,-1
8,1,543,317,25,26,1,-1,-1,-1
8,2,575,335,15,22,1,-1,-1,-1
8,3,522,343,7,5,1,-1,-1,-1
8,4,542,348,8,9,1,-1,-1,-1
8,5,549,348,16,28,1,-1,-1,-1
9,1,550,315,16,28,1,-1,-1,-1
9,2,565,315,3,3,1,-1,-1,-1
9,3,542,333,9,10,1,-1,-1,-1
9,4,574,337,13,18,1,-1,-1,-1
9,5,521,343,7,6,1,-1,-1,-1
9,6,541,348,7,8,1,-1,-1,-1
9,7,548,348,15,26,1,-1,-1,-1
10,1,549,318,16,25,1,-1,-1,-1
10,2,541,333,7,10,1,-1,-1,-1
10,3,575,334,12,21,1,-1,-1,-1
10,4,520,342,7,7,1,-1,-1,-1
10,5,540,348,7,9,1,-1,-1,-1
10,6,547,348,14,26,1,-1,-1,-1
11,1,548,316,14,27,1,-1,-1,-1
11,2,563,316,3,3,1,-1,-1,-1
11,3,540,334,8,9,1,-1,-1,-1
11,4,573,335,13,21,1,-1,-1,-1
11,5,519,343,7,6,1,-1,-1,-1
11,6,539,348,7,8,1,-1,-1,-1
11,7,546,348,14,24,1,-1,-1,-1
11,8,575,349,4,5,1,-1,-1,-1
11,9,559,373,3,3,1,-1,-1,-1
12,1,548,316,13,27,1,-1,-1,-1
12,2,540,333,7,10,1,-1,-1,-1
12,3,544,333,3,3,1,-1,-1,-1
12,4,574,336,11,20,1,-1,-1,-1
12,5,518,343,7,6,1,-1,-1,-1
12,6,539,348,22,26,1,-1,-1,-1
13,1,547,316,13,27,1,-1,-1,-1
13,2,539,333,7,10,1,-1,-1,-1
13,3,571,336,13,20,1,-1,-1,-1
13,4,518,342,6,7,1,-1,-1,-1
13,5,537,348,7,8,1,-1,-1,-1
13,6,544,348,14,26,1,-1,-1,-1
14,1,547,315,13,28,1,-1,-1,-1
14,2,538,331,7,12,1,-1,-1,-1
14,3,572,334,12,21,1,-1,-1,-1
14,4,516,342,7,7,1,-1,-1,-1
14,5,568,347,3,3,1,-1,-1,-1
14,6,536,348,7,7,1,-1,-1,-1
14,7,543,348,14,27,1,-1,-1,-1
14,8,556,372,3,3,1,-1,-1,-1
15,1,541,314,20,29,1,-1,-1,-1
15,2,537,334,8,9,1,-1,-1,-1
15,3,568,335,15,21,1,-1,-1,-1
15,4,516,343,6,5,1,-1,-1,-1
15,5,535,348,8,9,1,-1,-1,-1
15,6,543,348,15,28,1,-1,-1,-1
16,1,544,315,15,28,1,-1,-1,-1
16,2,540,329,3,4,1,-1,-1,-1
16,3,536,333,7,10,1,-1,-1,-1
16,4,568,335,14,21,1,-1,-1,-1
16,5,515,343,6,6,1,-1,-1,-1
16,6,535,348,6,9,1,-1,-1,-1
16,7,542,348,13,27,1,-1,-1,-1
16,8,554,372,3,3,1,-1,-1,-1
17,1,558,315,3,3,1,-1,-1,-1
17,2,541,317,18,26,1,-1,-1,-1
17,3,534,333,8,10,1,-1,-1,-1
17,4,566,335,15,21,1,-1,-1,-1
17,5,514,343,6,7,1,-1,-1,-1
17,6,533,348,8,9,1,-1,-1,-1
17,7,541,348,13,22,1,-1,-1,-1
17,8,549,371,3,4,1,-1,-1,-1
17,9,553,372,3,3,1,-1,-1,-1
17,10,140,481,3,3,1,-1,-1,-1
18,1,542,317,17,26,1,-1,-1,-1
18,2,534,333,8,11,1,-1,-1,-1
18,3,566,334,14,22,1,-1,-1,-1
18,4,512,343,7,5,1,-1,-1,-1
18,5,532,348,8,9,1,-1,-1,-1
18,6,539,349,16,27,1,-1,-1,-1
19,1,541,315,17,28,1,-1,-1,-1
19,2,541,323,3,3,1,-1,-1,-1
19,3,533,333,7,10,1,-1,-1,-1
19,4,565,334,14,21,1,-1,-1,-1
19,5,512,342,8,7,1,-1,-1,-1
19,6,532,348,7,9,1,-1,-1,-1
19,7,539,348,13,24,1,-1,-1,-1
19,8,551,372,3,3,1,-1,-1,-1
20,1,540,317,15,26,1,-1,-1,-1
20,2,532,334,8,9,1,-1,-1,-1
20,3,564,336,14,21,1,-1,-1,-1
20,4,512,342,6,7,1,-1,-1,-1
20,5,531,348,7,9,1,-1,-1,-1
20,6,538,348,15,27,1,-1,-1,-1
21,1,539,315,16,28,1,-1,-1,-1
21,2,531,333,8,10,1,-1,-1,-1
21,3,563,335,15,21,1,-1,-1,-1
21,4,510,342,7,7,1,-1,-1,-1
21,5,530,348,8,8,1,-1,-1,-1
21,6,537,348,15,27,1,-1,-1,-1
22,1,535,318,19,25,1,-1,-1,-1
22,2,531,334,7,9,1,-1,-1,-1
22,3,565,335,11,21,1,-1,-1,-1
22,4,510,343,5,5,1,-1,-1,-1
22,5,529,348,8,9,1,-1,-1,-1
22,6,536,348,14,26,1,-1,-1,-1
23,1,538,315,17,28,1,-1,-1,-1
23,2,530,333,7,10,1,-1,-1,-1
23,3,534,332,3,4,1,-1,-1,-1
23,4,561,335,14,21,1,-1,-1,-1
23,5,509,342,6,7,1,-1,-1,-1
23,6,528,348,7,9,1,-1,-1,-1
23,7,535,348,13,28,1,-1,-1,-1
23,8,548,373,3,3,1,-1,-1,-1
24,1,537,318,13,25,1,-1,-1,-1
24,2,533,333,3,4,1,-1,-1,-1
24,3,529,334,7,10,1,-1,-1,-1
24,4,561,335,13,21,1,-1,-1,-1
24,5,508,342,6,6,1,-1,-1,-1
24,6,527,348,7,9,1,-1,-1,-1
24,7,534,348,14,28,1,-1,-1,-1
25,1,536,318,15,25,1,-1,-1,-1
25,2,528,334,7,9,1,-1,-1,-1
25,3,560,335,13,22,1,-1,-1,-1
25,4,507,342,6,6,1,-1,-1,-1
25,5,526,348,8,8,1,-1,-1,-1
25,6,531,348,18,28,1,-1,-1,-1
26,1,535,316,16,27,1,-1,-1,-1
26,2,527,332,7,11,1,-1,-1,-1
26,3,558,335,15,22,1,-1,-1,-1
26,4,505,342,7,7,1,-1,-1,-1
26,5,525,349,8,8,1,-1,-1,-1
26,6,532,348,15,28,1,-1,-1,-1
27,1,534,317,17,26,1,-1,-1,-1
27,2,526,332,7,12,1,-1,-1,-1
27,3,558,336,14,20,1,-1,-1,-1
27,4,504,343,7,6,1,-1,-1,-1
27,5,524,348,7,9,1,-1,-1,-1
27,6,529,348,18,28,1,-1,-1,-1
28,1,533,317,16,26,1,-1,-1,-1
28,2,525,331,7,12,1,-1,-1,-1
28,3,557,336,14,20,1,-1,-1,-1
28,4,504,342,6,6,1,-1,-1,-1
28,5,523,349,7,9,1,-1,-1,-1
28,6,531,348,12,28,1,-1,-1,-1
28,7,543,371,3,4,1,-1,-1,-1
28,8,145,485,3,3,1,-1,-1,-1
29,1,530,316,16,27,1,-1,-1,-1
29,2,547,316,3,3,1,-1,-1,-1
29,3,524,334,8,9,1,-1,-1,-1
29,4,556,336,14,20,1,-1,-1,-1
29,5,503,343,7,6,1,-1,-1,-1
29,6,523,348,7,9,1,-1,-1,-1
29,7,528,348,17,27,1,-1,-1,-1
30,1,528,317,19,27,1,-1,-1,-1
30,2,524,334,8,9,1,-1,-1,-1
30,3,557,336,12,21,1,-1,-1,-1
30,4,503,343,5,5,1,-1,-1,-1
30,5,554,342,3,3,1,-1,-1,-1
30,6,524,348,4,4,1,-1,-1,-1
30,7,529,349,15,27,1,-1,-1,-1
30,8,522,353,3,3,1,-1,-1,-1
31,1,541,316,3,3,1,-1,-1,-1
31,2,530,320,16,23,1,-1,-1,-1
31,3,523,333,6,11,1,-1,-1,-1
31,4,556,336,13,21,1,-1,-1,-1
31,5,501,342,7,6,1,-1,-1,-1
31,6,553,342,3,3,1,-1,-1,-1
31,7,521,348,7,9,1,-1,-1,-1
31,8,528,348,15,27,1,-1,-1,-1
32,1,522,315,24,29,1,-1,-1,-1
32,2,553,336,15,21,1,-1,-1,-1
32,3,501,341,8,8,1,-1,-1,-1
32,4,520,348,7,8,1,-1,-1,-1
32,5,527,348,15,28,1,-1,-1,-1
33,1,529,317,14,27,1,-1,-1,-1
33,2,543,318,3,3,1,-1,-1,-1
33,3,521,334,7,9,1,-1,-1,-1
33,4,556,336,11,20,1,-1,-1,-1
33,5,500,342,5,6,1,-1,-1,-1
33,6,552,342,3,3,1,-1,-1,-1
33,7,519,348,8,9,1,-1,-1,-1
33,8,526,349,15,26,1,-1,-1,-1
33,9,555,348,3,5,1,-1,-1,-1
34,1,528,316,14,19,1,-1,-1,-1
34,2,531,329,8,14,1,-1,-1,-1
34,3,520,334,7,8,1,-1,-1,-1
34,4,550,337,15,20,1,-1,-1,-1
34,5,499,342,6,6,1,-1,-1,-1
34,6,518,348,7,9,1,-1,-1,-1
34,7,525,348,14,26,1,-1,-1,-1
34,8,537,373,3,3,1,-1,-1,-1
35,1,527,317,14,26,1,-1,-1,-1
35,2,519,333,7,10,1,-1,-1,-1
35,3,551,336,15,21,1,-1,-1,-1
35,4,498,342,6,7,1,-1,-1,-1
35,5,517,348,7,9,1,-1,-1,-1
35,6,522,348,17,28,1,-1,-1,-1
36,1,526,318,15,25,1,-1,-1,-1
36,2,540,318,3,3,1,-1,-1,-1
36,3,518,333,8,11,1,-1,-1,-1
36,4,550,337,14,21,1,-1,-1,-1
36,5,497,342,6,6,1,-1,-1,-1
36,6,517,348,7,8,1,-1,-1,-1
36,7,521,348,16,23,1,-1,-1,-1
37,1,541,315,3,3,1,-1,-1,-1
37,2,525,316,16,27,1,-1,-1,-1
37,3,517,334,7,9,1,-1,-1,-1
37,4,551,336,13,21,1,-1,-1,-1
37,5,496,342,6,6,1,-1,-1,-1
37,6,516,348,7,9,1,-1,-1,-1
37,7,522,348,15,26,1,-1,-1,-1
38,1,540,315,3,3,1,-1,-1,-1
38,2,524,318,16,25,1,-1,-1,-1
38,3,516,333,8,10,1,-1,-1,-1
38,4,550,336,13,22,1,-1,-1,-1
38,5,495,342,6,6,1,-1,-1,-1
38,6,515,349,7,8,1,-1,-1,-1
38,7,522,349,14,26,1,-1,-1,-1
39,1,524,316,16,27,1,-1,-1,-1
39,2,516,332,7,11,1,-1,-1,-1
39,3,550,336,12,21,1,-1,-1,-1
39,4,495,342,6,6,1,-1,-1,-1
39,5,514,348,7,9,1,-1,-1,-1
39,6,521,349,13,26,1,-1,-1,-1
39,7,550,348,5,8,1,-1,-1,-1
39,8,533,372,3,4,1,-1,-1,-1
40,1,523,315,18,28,1,-1,-1,-1
40,2,515,333,7,10,1,-1,-1,-1
40,3,519,334,3,3,1,-1,-1,-1
40,4,547,337,13,21,1,-1,-1,-1
40,5,494,341,7,7,1,-1,-1,-1
40,6,545,342,3,3,1,-1,-1,-1
40,7,513,348,7,10,1,-1,-1,-1
40,8,520,348,15,27,1,-1,-1,-1
41,1,523,317,15,27,1,-1,-1,-1
41,2,537,316,3,3,1,-1,-1,-1
41,3,514,334,7,9,1,-1,-1,-1
41,4,549,337,10,21,1,-1,-1,-1
41,5,493,341,7,7,1,-1,-1,-1
41,6,545,342,9,17,1,-1,-1,-1
41,7,512,348,7,9,1,-1,-1,-1
41,8,519,348,15,28,1,-1,-1,-1
42,1,535,317,3,3,1,-1,-1,-1
42,2,521,319,15,24,1,-1,-1,-1
42,3,513,334,7,8,1,-1,-1,-1
42,4,545,336,13,22,1,-1,-1,-1
42,5,492,342,6,5,1,-1,-1,-1
42,6,511,348,8,9,1,-1,-1,-1
42,7,518,349,15,27,1,-1,-1,-1
43,1,521,316,16,27,1,-1,-1,-1
43,2,512,333,9,10,1,-1,-1,-1
43,3,547,336,11,21,1,-1,-1,-1
43,4,491,342,6,5,1,-1,-1,-1
43,5,510,348,7,9,1,-1,-1,-1
43,6,518,348,14,28,1,-1,-1,-1
43,7,546,348,5,9,1,-1,-1,-1
44,1,519,317,16,26,1,-1,-1,-1
44,2,512,333,7,10,1,-1,-1,-1
44,3,543,337,14,21,1,-1,-1,-1
44,4,490,341,8,7,1,-1,-1,-1
44,5,509,348,21,29,1,-1,-1,-1
45,1,519,317,16,27,1,-1,-1,-1
45,2,510,333,8,9,1,-1,-1,-1
45,3,515,333,3,3,1,-1,-1,-1
45,4,542,336,14,21,1,-1,-1,-1
45,5,490,342,5,6,1,-1,-1,-1
45,6,508,348,8,8,1,-1,-1,-1
45,7,515,348,14,28,1,-1,-1,-1
45,8,528,374,3,3,1,-1,-1,-1
46,1,518,317,14,26,1,-1,-1,-1
46,2,509,333,8,10,1,-1,-1,-1
46,3,514,334,3,3,1,-1,-1,-1
46,4,545,339,4,5,1,-1,-1,-1
46,5,548,339,6,19,1,-1,-1,-1
46,6,488,341,7,7,1,-1,-1,-1
46,7,541,344,3,4,1,-1,-1,-1
46,8,508,348,7,9,1,-1,-1,-1
46,9,514,348,15,28,1,-1,-1,-1
46,10,544,349,4,9,1,-1,-1,-1
47,1,517,315,15,28,1,-1,-1,-1
47,2,509,333,7,10,1,-1,-1,-1
47,3,543,337,12,22,1,-1,-1,-1
47,4,488,341,6,6,1,-1,-1,-1
47,5,507,348,7,8,1,-1,-1,-1
47,6,513,348,16,27,1,-1,-1,-1
47,7,543,348,4,9,1,-1,-1,-1
48,1,516,315,18,28,1,-1,-1,-1
48,2,508,333,7,10,1,-1,-1,-1
48,3,542,336,12,22,1,-1,-1,-1
48,4,487,341,5,6,1,-1,-1,-1
48,5,542,346,5,13,1,-1,-1,-1
48,6,506,348,7,8,1,-1,-1,-1
48,7,512,348,16,29,1,-1,-1,-1
49,1,515,316,16,27,1,-1,-1,-1
49,2,507,333,7,10,1,-1,-1,-1
49,3,541,336,11,23,1,-1,-1,-1
49,4,485,342,7,6,1,-1,-1,-1
49,5,505,348,7,9,1,-1,-1,-1
49,6,511,348,15,27,1,-1,-1,-1
50,1,530,315,3,4,1,-1,-1,-1
50,2,514,318,15,25,1,-1,-1,-1
50,3,507,333,7,10,1,-1,-1,-1
50,4,537,336,15,23,1,-1,-1,-1
50,5,485,342,6,5,1,-1,-1,-1
50,6,504,349,7,8,1,-1,-1,-1
50,7,516,348,10,29,1,-1,-1,-1
50,8,510,355,7,9,1,-1,-1,-1
51,1,513,315,19,28,1,-1,-1,-1
51,2,505,333,8,10,1,-1,-1,-1
51,3,537,336,14,22,1,-1,-1,-1
51,4,484,341,6,6,1,-1,-1,-1
51,5,503,348,7,9,1,-1,-1,-1
51,6,509,348,16,28,1,-1,-1,-1
52,1,509,315,20,28,1,-1,-1,-1
52,2,528,315,3,3,1,-1,-1,-1
52,3,505,333,8,10,1,-1,-1,-1
52,4,535,337,15,22,1,-1,-1,-1
52,5,483,341,7,6,1,-1,-1,-1
52,6,502,348,7,8,1,-1,-1,-1
52,7,508,348,16,29,1,-1,-1,-1
53,1,229,152,3,3,1,-1,-1,-1
53,2,512,315,15,28,1,-1,-1,-1
53,3,504,333,7,10,1,-1,-1,-1
53,4,508,333,3,3,1,-1,-1,-1
53,5,535,337,14,21,1,-1,-1,-1
53,6,482,341,7,6,1,-1,-1,-1
53,7,501,348,22,28,1,-1,-1,-1
54,1,511,316,14,27,1,-1,-1,-1
54,2,502,333,8,9,1,-1,-1,-1
54,3,534,336,15,23,1,-1,-1,-1
54,4,482,342,5,5,1,-1,-1,-1
54,5,501,347,6,10,1,-1,-1,-1
54,6,505,348,17,28,1,-1,-1,-1
55,1,510,315,19,28,1,-1,-1,-1
55,2,502,331,7,12,1,-1,-1,-1
55,3,533,338,14,20,1,-1,-1,-1
55,4,482,341,5,6,1,-1,-1,-1
55,5,500,348,9,13,1,-1,-1,-1
55,6,509,348,12,29,1,-1,-1,-1
56,1,525,315,3,3,1,-1,-1,-1
56,2,509,317,14,26,1,-1,-1,-1
56,3,501,333,7,10,1,-1,-1,-1
56,4,535,337,12,21,1,-1,-1,-1
56,5,480,340,7,7,1,-1,-1,-1
56,6,499,348,12,17,1,-1,-1,-1
56,7,511,348,10,28,1,-1,-1,-1
57,1,508,315,16,28,1,-1,-1,-1
57,2,500,333,7,10,1,-1,-1,-1
57,3,530,337,16,21,1,-1,-1,-1
57,4,479,341,6,6,1,-1,-1,-1
57,5,499,347,10,16,1,-1,-1,-1
57,6,510,348,10,29,1,-1,-1,-1
57,7,133,410,3,3,1,-1,-1,-1
58,1,504,317,20,26,1,-1,-1,-1
58,2,499,333,8,9,1,-1,-1,-1
58,3,531,337,14,21,1,-1,-1,-1
58,4,478,341,6,5,1,-1,-1,-1
58,5,497,347,6,10,1,-1,-1,-1
58,6,503,348,16,28,1,-1,-1,-1
59,1,506,317,17,26,1,-1,-1,-1
59,2,499,332,7,11,1,-1,-1,-1
59,3,530,336,14,22,1,-1,-1,-1
59,4,478,341,5,6,1,-1,-1,-1
59,5,496,347,6,9,1,-1,-1,-1
59,6,503,348,16,28,1,-1,-1,-1
60,1,506,316,14,27,1,-1,-1,-1
60,2,498,332,7,10,1,-1,-1,-1
60,3,502,333,3,3,1,-1,-1,-1
60,4,528,337,15,21,1,-1,-1,-1
60,5,476,340,6,6,1,-1,-1,-1
60,6,495,347,6,10,1,-1,-1,-1
60,7,503,348,13,27,1,-1,-1,-1
60,8,500,355,3,4,1,-1,-1,-1
61,1,517,315,3,3,1,-1,-1,-1
61,2,505,319,17,24,1,-1,-1,-1
61,3,497,332,7,10,1,-1,-1,-1
61,4,531,338,11,20,1,-1,-1,-1
61,5,476,340,6,6,1,-1,-1,-1
61,6,526,342,4,3,1,-1,-1,-1
61,7,494,347,7,9,1,-1,-1,-1
61,8,502,348,14,28,1,-1,-1,-1
62,1,504,315,19,28,1,-1,-1,-1
62,2,496,333,7,9,1,-1,-1,-1
62,3,530,337,12,21,1,-1,-1,-1
62,4,475,341,5,5,1,-1,-1,-1
62,5,494,347,5,9,1,-1,-1,-1
62,6,505,348,7,15,1,-1,-1,-1
62,7,501,360,13,16,1,-1,-1,-1
62,8,512,373,4,4,1,-1,-1,-1
63,1,504,315,14,28,1,-1,-1,-1
63,2,519,316,3,3,1,-1,-1,-1
63,3,495,333,8,9,1,-1,-1,-1
63,4,527,337,14,21,1,-1,-1,-1
63,5,473,340,7,6,1,-1,-1,-1
63,6,492,347,7,9,1,-1,-1,-1
63,7,501,348,12,29,1,-1,-1,-1
64,1,502,317,17,25,1,-1,-1,-1
64,2,494,333,8,9,1,-1,-1,-1
64,3,528,337,12,21,1,-1,-1,-1
64,4,473,341,5,5,1,-1,-1,-1
64,5,525,342,3,3,1,-1,-1,-1
64,6,492,347,5,9,1,-1,-1,-1
64,7,502,348,11,29,1,-1,-1,-1
65,1,227,0,3,2,1,-1,-1,-1
65,2,498,318,20,25,1,-1,-1,-1
65,3,494,333,6,9,1,-1,-1,-1
65,4,525,337,14,19,1,-1,-1,-1
65,5,472,340,7,7,1,-1,-1,-1
65,6,491,347,5,10,1,-1,-1,-1
65,7,501,348,14,28,1,-1,-1,-1
65,8,497,355,3,3,1,-1,-1,-1
65,9,499,359,3,4,1,-1,-1,-1
66,1,500,315,18,28,1,-1,-1,-1
66,2,493,331,7,11,1,-1,-1,-1
66,3,524,337,14,20,1,-1,-1,-1
66,4,471,340,6,6,1,-1,-1,-1
66,5,490,347,5,8,1,-1,-1,-1
66,6,499,348,13,29,1,-1,-1,-1
66,7,498,358,3,4,1,-1,-1,-1
67,1,500,315,17,28,1,-1,-1,-1
67,2,492,332,6,10,1,-1,-1,-1
67,3,522,337,15,21,1,-1,-1,-1
67,4,470,340,6,6,1,-1,-1,-1
67,5,489,347,5,8,1,-1,-1,-1
67,6,499,347,12,30,1,-1,-1,-1
67,7,496,356,5,7,1,-1,-1,-1
68,1,499,315,17,28,1,-1,-1,-1
68,2,491,332,6,10,1,-1,-1,-1
68,3,469,339,8,7,1,-1,-1,-1
68,4,525,338,11,19,1,-1,-1,-1
68,5,488,347,5,8,1,-1,-1,-1
68,6,497,347,14,30,1,-1,-1,-1
68,7,494,354,3,3,1,-1,-1,-1
68,8,6,365,3,4,1,-1,-1,-1
69,1,498,315,18,28,1,-1,-1,-1
69,2,490,332,7,9,1,-1,-1,-1
69,3,520,339,15,18,1,-1,-1,-1
69,4,469,340,5,5,1,-1,-1,-1
69,5,488,347,5,8,1,-1,-1,-1
69,6,494,347,16,29,1,-1,-1,-1
69,7,497,364,8,13,1,-1,-1,-1
70,1,497,315,18,27,1,-1,-1,-1
70,2,489,332,7,10,1,-1,-1,-1
70,3,468,339,7,6,1,-1,-1,-1
70,4,522,338,12,20,1,-1,-1,-1
70,5,488,346,3,3,1,-1,-1,-1
70,6,498,347,11,30,1,-1,-1,-1
70,7,487,350,4,5,1,-1,-1,-1
70,8,494,356,3,4,1,-1,-1,-1
70,9,496,362,8,14,1,-1,-1,-1
71,1,494,315,19,27,1,-1,-1,-1
71,2,489,332,6,10,1,-1,-1,-1
71,3,520,336,14,22,1,-1,-1,-1
71,4,468,339,6,6,1,-1,-1,-1
71,5,486,347,5,9,1,-1,-1,-1
71,6,494,347,12,22,1,-1,-1,-1
71,7,498,369,5,8,1,-1,-1,-1
71,8,504,371,3,6,1,-1,-1,-1
72,1,495,316,19,26,1,-1,-1,-1
72,2,488,332,6,10,1,-1,-1,-1
72,3,517,336,16,21,1,-1,-1,-1
72,4,466,339,7,6,1,-1,-1,-1
72,5,485,347,5,8,1,-1,-1,-1
72,6,492,347,14,30,1,-1,-1,-1
72,7,495,365,6,10,1,-1,-1,-1
73,1,495,317,17,25,1,-1,-1,-1
73,2,487,331,7,5,1,-1,-1,-1
73,3,489,337,4,4,1,-1,-1,-1
73,4,518,337,14,20,1,-1,-1,-1
73,5,465,340,6,5,1,-1,-1,-1
73,6,484,346,5,9,1,-1,-1,-1
73,7,491,347,14,30,1,-1,-1,-1
73,8,496,369,4,6,1,-1,-1,-1
74,1,494,315,19,27,1,-1,-1,-1
74,2,486,332,6,9,1,-1,-1,-1
74,3,517,336,15,21,1,-1,-1,-1
74,4,466,339,4,5,1,-1,-1,-1
74,5,483,346,6,8,1,-1,-1,-1
74,6,490,348,15,29,1,-1,-1,-1
74,7,497,372,3,3,1,-1,-1,-1
75,1,235,0,3,2,1,-1,-1,-1
75,2,67,133,3,3,1,-1,-1,-1
75,3,493,315,17,27,1,-1,-1,-1
75,4,485,331,7,10,1,-1,-1,-1
75,5,518,337,12,21,1,-1,-1,-1
75,6,464,339,6,6,1,-1,-1,-1
75,7,515,342,3,3,1,-1,-1,-1
75,8,483,346,5,8,1,-1,-1,-1
75,9,492,347,12,29,1,-1,-1,-1
75,10,489,354,10,21,1,-1,-1,-1
76,1,492,315,20,27,1,-1,-1,-1
76,2,484,332,8,9,1,-1,-1,-1
76,3,463,339,5,5,1,-1,-1,-1
76,4,518,338,12,20,1,-1,-1,-1
76,5,514,342,3,3,1,-1,-1,-1
76,6,482,347,5,8,1,-1,-1,-1
76,7,493,347,10,29,1,-1,-1,-1
76,8,489,355,9,20,1,-1,-1,-1
76,9,133,423,3,3,1,-1,-1,-1
77,1,230,3,3,3,1,-1,-1,-1
77,2,503,315,3,3,1,-1,-1,-1
77,3,489,315,22,27,1,-1,-1,-1
77,4,484,331,6,10,1,-1,-1,-1
77,5,462,339,5,5,1,-1,-1,-1
77,6,517,338,12,20,1,-1,-1,-1
77,7,481,347,5,8,1,-1,-1,-1
77,8,488,347,14,29,1,-1,-1,-1
78,1,492,315,18,27,1,-1,-1,-1
78,2,483,332,6,9,1,-1,-1,-1
78,3,487,332,3,3,1,-1,-1,-1
78,4,516,337,11,20,1,-1,-1,-1
78,5,461,339,6,5,1,-1,-1,-1
78,6,487,347,14,29,1,-1,-1,-1
78,7,480,348,6,7,1,-1,-1,-1
79,1,490,316,17,26,1,-1,-1,-1
79,2,482,331,6,10,1,-1,-1,-1
79,3,515,337,12,20,1,-1,-1,-1
79,4,460,338,7,6,1,-1,-1,-1
79,5,512,342,3,3,1,-1,-1,-1
79,6,479,347,6,8,1,-1,-1,-1
79,7,486,347,15,29,1,-1,-1,-1
80,1,491,314,16,28,1,-1,-1,-1
80,2,481,331,7,10,1,-1,-1,-1
80,3,512,336,14,20,1,-1,-1,-1
80,4,460,338,6,6,1,-1,-1,-1
80,5,478,346,6,8,1,-1,-1,-1
80,6,485,347,14,29,1,-1,-1,-1
81,1,490,315,17,27,1,-1,-1,-1
81,2,481,331,6,9,1,-1,-1,-1
81,3,513,337,13,21,1,-1,-1,-1
81,4,459,338,5,6,1,-1,-1,-1
81,5,477,346,6,8,1,-1,-1,-1
81,6,484,348,14,27,1,-1,-1,-1
82,1,488,314,18,28,1,-1,-1,-1
82,2,479,331,7,9,1,-1,-1,-1
82,3,513,337,12,20,1,-1,-1,-1
82,4,458,338,6,6,1,-1,-1,-1
82,5,476,345,7,9,1,-1,-1,-1
82,6,483,347,15,29,1,-1,-1,-1
83,1,487,315,19,27,1,-1,-1,-1
83,2,479,331,6,9,1,-1,-1,-1
83,3,458,337,7,7,1,-1,-1,-1
83,4,509,337,15,21,1,-1,-1,-1
83,5,476,346,6,8,1,-1,-1,-1
83,6,483,347,14,28,1,-1,-1,-1
84,1,487,314,18,27,1,-1,-1,-1
84,2,478,331,6,9,1,-1,-1,-1
84,3,456,338,7,6,1,-1,-1,-1
84,4,508,338,15,20,1,-1,-1,-1
84,5,475,346,6,8,1,-1,-1,-1
84,6,482,347,14,28,1,-1,-1,-1
85,1,486,315,17,26,1,-1,-1,-1
85,2,477,331,7,9,1,-1,-1,-1
85,3,508,337,15,20,1,-1,-1,-1
85,4,455,338,6,5,1,-1,-1,-1
85,5,474,345,7,9,1,-1,-1,-1
85,6,481,346,14,30,1,-1,-1,-1
86,1,484,315,18,26,1,-1,-1,-1
86,2,476,331,7,9,1,-1,-1,-1
86,3,454,337,7,5,1,-1,-1,-1
86,4,507,337,14,21,1,-1,-1,-1
86,5,473,345,7,9,1,-1,-1,-1
86,6,480,346,14,29,1,-1,-1,-1
87,1,483,315,18,26,1,-1,-1,-1
87,2,476,331,5,9,1,-1,-1,-1
87,3,454,336,8,6,1,-1,-1,-1
87,4,508,336,11,21,1,-1,-1,-1
87,5,472,346,7,8,1,-1,-1,-1
87,6,479,346,14,30,1,-1,-1,-1
88,1,483,314,16,27,1,-1,-1,-1
88,2,475,330,6,10,1,-1,-1,-1
88,3,453,336,8,7,1,-1,-1,-1
88,4,507,338,12,19,1,-1,-1,-1
88,5,471,345,7,9,1,-1,-1,-1
88,6,478,346,15,29,1,-1,-1,-1
89,1,482,314,19,27,1,-1,-1,-1
89,2,474,331,6,9,1,-1,-1,-1
89,3,453,337,5,6,1,-1,-1,-1
89,4,507,338,12,19,1,-1,-1,-1
89,5,470,345,7,9,1,-1,-1,-1
89,6,477,346,14,29,1,-1,-1,-1
90,1,481,314,20,27,1,-1,-1,-1
90,2,473,330,6,10,1,-1,-1,-1
90,3,453,336,5,6,1,-1,-1,-1
90,4,504,338,12,19,1,-1,-1,-1
90,5,469,345,8,9,1,-1,-1,-1
90,6,476,346,14,29,1,-1,-1,-1
91,1,480,314,20,27,1,-1,-1,-1
91,2,472,330,4,4,1,-1,-1,-1
91,3,451,336,6,6,1,-1,-1,-1
91,4,474,336,3,3,1,-1,-1,-1
91,5,503,338,14,19,1,-1,-1,-1
91,6,472,344,3,4,1,-1,-1,-1
91,7,476,346,13,29,1,-1,-1,-1
91,8,469,349,4,4,1,-1,-1,-1
92,1,480,313,18,28,1,-1,-1,-1
92,2,472,331,3,3,1,-1,-1,-1
92,3,476,330,3,3,1,-1,-1,-1
92,4,450,335,9,7,1,-1,-1,-1
92,5,473,335,4,4,1,-1,-1,-1
92,6,504,337,12,19,1,-1,-1,-1
92,7,501,341,4,6,1,-1,-1,-1
92,8,468,344,7,9,1,-1,-1,-1
92,9,475,346,14,29,1,-1,-1,-1
93,1,479,313,16,28,1,-1,-1,-1
93,2,496,314,3,3,1,-1,-1,-1
93,3,471,329,6,10,1,-1,-1,-1
93,4,449,336,6,6,1,-1,-1,-1
93,5,501,339,14,17,1,-1,-1,-1
93,6,467,344,7,9,1,-1,-1,-1
93,7,472,346,15,29,1,-1,-1,-1
94,1,478,313,15,27,1,-1,-1,-1
94,2,495,314,3,3,1,-1,-1,-1
94,3,470,329,6,10,1,-1,-1,-1
94,4,449,335,7,7,1,-1,-1,-1
94,5,502,338,12,19,1,-1,-1,-1
94,6,467,344,6,9,1,-1,-1,-1
94,7,473,345,14,30,1,-1,-1,-1
95,1,477,313,15,27,1,-1,-1,-1
95,2,493,316,3,4,1,-1,-1,-1
95,3,469,330,6,9,1,-1,-1,-1
95,4,448,335,7,6,1,-1,-1,-1
95,5,502,338,12,19,1,-1,-1,-1
95,6,466,344,7,9,1,-1,-1,-1
95,7,473,346,13,28,1,-1,-1,-1
96,1,233,0,3,3,1,-1,-1,-1
96,2,492,313,4,7,1,-1,-1,-1
96,3,476,318,15,22,1,-1,-1,-1
96,4,468,330,6,9,1,-1,-1,-1
96,5,447,335,6,6,1,-1,-1,-1
96,6,501,337,12,20,1,-1,-1,-1
96,7,465,344,7,9,1,-1,-1,-1
96,8,472,345,12,28,1,-1,-1,-1
97,1,478,313,17,28,1,-1,-1,-1
97,2,468,330,6,9,1,-1,-1,-1
97,3,446,336,5,5,1,-1,-1,-1
97,4,498,336,14,21,1,-1,-1,-1
97,5,465,343,6,7,1,-1,-1,-1
97,6,471,345,12,28,1,-1,-1,-1
98,1,475,313,15,27,1,-1,-1,-1
98,2,491,315,3,3,1,-1,-1,-1
98,3,467,329,6,10,1,-1,-1,-1
98,4,446,335,5,6,1,-1,-1,-1
98,5,499,338,13,19,1,-1,-1,-1
98,6,463,343,7,9,1,-1,-1,-1
98,7,497,343,3,4,1,-1,-1,-1
98,8,470,345,13,28,1,-1,-1,-1
99,1,471,313,17,27,1,-1,-1,-1
99,2,491,314,3,3,1,-1,-1,-1
99,3,466,329,6,9,1,-1,-1,-1
99,4,444,334,8,6,1,-1,-1,-1
99,5,500,337,11,19,1,-1,-1,-1
99,6,462,344,8,8,1,-1,-1,-1
99,7,467,345,15,28,1,-1,-1,-1
99,8,498,347,5,8,1,-1,-1,-1
100,1,473,315,14,25,1,-1,-1,-1
100,2,466,329,3,4,1,-1,-1,-1
100,3,444,334,9,6,1,-1,-1,-1
100,4,467,334,4,4,1,-1,-1,-1
100,5,497,336,13,21,1,-1,-1,-1
100,6,461,343,8,9,1,-1,-1,-1
100,7,469,345,12,29,1,-1,-1,-1
101,1,473,314,20,26,1,-1,-1,-1
101,2,465,329,5,9,1,-1,-1,-1
101,3,444,334,6,6,1,-1,-1,-1
101,4,497,339,12,17,1,-1,-1,-1
101,5,461,343,8,9,1,-1,-1,-1
101,6,468,345,12,28,1,-1,-1,-1
102,1,488,313,4,6,1,-1,-1,-1
102,2,472,316,14,24,1,-1,-1,-1
102,3,464,328,4,5,1,-1,-1,-1
102,4,443,334,5,6,1,-1,-1,-1
102,5,465,334,4,4,1,-1,-1,-1
102,6,496,336,13,21,1,-1,-1,-1
102,7,460,343,7,8,1,-1,-1,-1
102,8,467,345,13,28,1,-1,-1,-1
103,1,488,314,3,3,1,-1,-1,-1
103,2,471,316,14,24,1,-1,-1,-1
103,3,463,329,6,9,1,-1,-1,-1
103,4,442,334,5,6,1,-1,-1,-1
103,5,493,337,15,20,1,-1,-1,-1
103,6,459,343,7,9,1,-1,-1,-1
103,7,466,345,12,27,1,-1,-1,-1
104,1,486,313,5,5,1,-1,-1,-1
104,2,470,315,17,25,1,-1,-1,-1
104,3,462,329,6,9,1,-1,-1,-1
104,4,441,333,8,6,1,-1,-1,-1
104,5,494,337,12,20,1,-1,-1,-1
104,6,458,343,8,8,1,-1,-1,-1
104,7,465,345,14,29,1,-1,-1,-1
105,1,469,312,21,27,1,-1,-1,-1
105,2,461,329,6,9,1,-1,-1,-1
105,3,440,333,8,6,1,-1,-1,-1
105,4,493,337,13,20,1,-1,-1,-1
105,5,488,340,6,4,1,-1,-1,-1
105,6,458,342,7,9,1,-1,-1,-1
105,7,464,345,13,27,1,-1,-1,-1
106,1,211,0,3,3,1,-1,-1,-1
106,2,486,313,3,3,1,-1,-1,-1
106,3,468,318,14,21,1,-1,-1,-1
106,4,482,319,3,3,1,-1,-1,-1
106,5,461,328,6,9,1,-1,-1,-1
106,6,440,333,5,7,1,-1,-1,-1
106,7,491,338,14,18,1,-1,-1,-1
106,8,457,343,8,8,1,-1,-1,-1
106,9,464,344,11,27,1,-1,-1,-1
107,1,481,312,6,10,1,-1,-1,-1
107,2,469,317,12,22,1,-1,-1,-1
107,3,460,329,5,8,1,-1,-1,-1
107,4,439,333,6,5,1,-1,-1,-1
107,5,492,336,12,20,1,-1,-1,-1
107,6,456,342,8,8,1,-1,-1,-1
107,7,463,344,12,28,1,-1,-1,-1
108,1,480,312,3,3,1,-1,-1,-1
108,2,468,312,20,27,1,-1,-1,-1
108,3,459,328,6,9,1,-1,-1,-1
108,4,438,333,5,6,1,-1,-1,-1
108,5,491,336,13,20,1,-1,-1,-1
108,6,489,341,3,3,1,-1,-1,-1
108,7,455,342,7,8,1,-1,-1,-1
108,8,462,344,12,28,1,-1,-1,-1
109,1,477,313,4,4,1,-1,-1,-1
109,2,482,313,5,6,1,-1,-1,-1
109,3,467,320,15,19,1,-1,-1,-1
109,4,459,328,5,8,1,-1,-1,-1
109,5,437,332,7,6,1,-1,-1,-1
109,6,491,336,13,21,1,-1,-1,-1
109,7,454,342,20,30,1,-1,-1,-1
110,1,244,8,3,3,1,-1,-1,-1
110,2,466,311,20,28,1,-1,-1,-1
110,3,457,327,5,10,1,-1,-1,-1
110,4,437,333,5,5,1,-1,-1,-1
110,5,488,337,14,19,1,-1,-1,-1
110,6,454,342,7,8,1,-1,-1,-1
110,7,460,343,13,30,1,-1,-1,-1
111,1,465,312,21,27,1,-1,-1,-1
111,2,457,327,5,9,1,-1,-1,-1
111,3,435,333,6,5,1,-1,-1,-1
111,4,491,335,11,21,1,-1,-1,-1
111,5,453,341,9,9,1,-1,-1,-1
111,6,460,344,12,28,1,-1,-1,-1
111,7,489,347,4,8,1,-1,-1,-1
112,1,473,311,12,17,1,-1,-1,-1
112,2,465,317,9,12,1,-1,-1,-1
112,3,456,327,5,9,1,-1,-1,-1
112,4,467,329,6,9,1,-1,-1,-1
112,5,435,332,6,6,1,-1,-1,-1
112,6,485,336,15,21,1,-1,-1,-1
112,7,452,341,7,9,1,-1,-1,-1
112,8,459,344,12,28,1,-1,-1,-1
113,1,245,5,3,5,1,-1,-1,-1
113,2,476,312,3,3,1,-1,-1,-1
113,3,465,317,10,21,1,-1,-1,-1
113,4,475,316,6,8,1,-1,-1,-1
113,5,455,327,4,9,1,-1,-1,-1
113,6,434,332,6,6,1,-1,-1,-1
113,7,489,337,11,19,1,-1,-1,-1
113,8,451,342,8,7,1,-1,-1,-1
113,9,458,343,12,28,1,-1,-1,-1
113,10,487,346,5,9,1,-1,-1,-1
114,1,245,6,3,4,1,-1,-1,-1
114,2,462,312,16,26,1,-1,-1,-1
114,3,480,313,3,3,1,-1,-1,-1
114,4,455,327,4,8,1,-1,-1,-1
114,5,435,332,4,6,1,-1,-1,-1
114,6,486,336,14,19,1,-1,-1,-1
114,7,451,341,7,9,1,-1,-1,-1
114,8,458,343,11,29,1,-1,-1,-1
115,1,196,0,3,2,1,-1,-1,-1
115,2,203,0,6,2,1,-1,-1,-1
115,3,246,5,3,3,1,-1,-1,-1
115,4,473,311,8,13,1,-1,-1,-1
115,5,480,311,3,3,1,-1,-1,-1
115,6,462,319,8,10,1,-1,-1,-1
115,7,465,325,8,13,1,-1,-1,-1
115,8,454,327,4,8,1,-1,-1,-1
115,9,433,332,5,4,1,-1,-1,-1
115,10,484,335,15,20,1,-1,-1,-1
115,11,450,341,8,9,1,-1,-1,-1
115,12,457,343,12,29,1,-1,-1,-1
116,1,206,0,4,2,1,-1,-1,-1
116,2,246,5,3,4,1,-1,-1,-1
116,3,470,310,8,8,1,-1,-1,-1
116,4,464,320,12,18,1,-1,-1,-1
116,5,453,326,4,9,1,-1,-1,-1
116,6,431,331,7,6,1,-1,-1,-1
116,7,485,335,13,21,1,-1,-1,-1
116,8,449,341,8,8,1,-1,-1,-1
116,9,456,343,12,28,1,-1,-1,-1
117,1,462,313,19,25,1,-1,-1,-1
117,2,452,327,4,8,1,-1,-1,-1
117,3,431,331,6,5,1,-1,-1,-1
117,4,484,335,13,21,1,-1,-1,-1
117,5,448,341,8,9,1,-1,-1,-1
117,6,455,343,12,29,1,-1,-1,-1
118,1,462,310,19,28,1,-1,-1,-1
118,2,452,326,3,9,1,-1,-1,-1
118,3,430,331,6,5,1,-1,-1,-1
118,4,483,336,12,20,1,-1,-1,-1
118,5,447,340,8,9,1,-1,-1,-1
118,6,454,343,12,28,1,-1,-1,-1
118,7,482,342,5,3,1,-1,-1,-1
119,1,247,6,3,3,1,-1,-1,-1
119,2,462,310,14,28,1,-1,-1,-1
119,3,477,311,3,3,1,-1,-1,-1
119,4,461,319,6,8,1,-1,-1,-1
119,5,451,326,3,9,1,-1,-1,-1
119,6,430,331,5,6,1,-1,-1,-1
119,7,481,335,15,20,1,-1,-1,-1
119,8,446,340,9,9,1,-1,-1,-1
119,9,454,343,11,26,1,-1,-1,-1
120,1,247,5,3,3,1,-1,-1,-1
120,2,476,311,3,3,1,-1,-1,-1
120,3,469,312,7,7,1,-1,-1,-1
120,4,458,318,8,10,1,-1,-1,-1
120,5,461,320,12,17,1,-1,-1,-1
120,6,450,326,4,9,1,-1,-1,-1
120,7,429,331,5,5,1,-1,-1,-1
120,8,480,335,15,20,1,-1,-1,-1
120,9,449,340,5,5,1,-1,-1,-1
120,10,453,343,11,28,1,-1,-1,-1
120,11,446,345,3,3,1,-1,-1,-1
120,12,462,368,3,4,1,-1,-1,-1
121,1,195,0,5,2,1,-1,-1,-1
121,2,203,2,6,3,1,-1,-1,-1
121,3,460,311,14,26,1,-1,-1,-1
121,4,475,311,3,4,1,-1,-1,-1
121,5,459,318,6,9,1,-1,-1,-1
121,6,450,326,3,8,1,-1,-1,-1
121,7,428,331,5,5,1,-1,-1,-1
121,8,434,330,3,3,1,-1,-1,-1
121,9,481,334,13,21,1,-1,-1,-1
121,10,445,341,8,8,1,-1,-1,-1
121,11,452,342,12,29,1,-1,-1,-1
122,1,196,0,4,3,1,-1,-1,-1
122,2,202,2,6,4,1,-1,-1,-1
122,3,248,7,3,4,1,-1,-1,-1
122,4,460,310,18,27,1,-1,-1,-1
122,5,458,318,6,9,1,-1,-1,-1
122,6,449,326,3,7,1,-1,-1,-1
122,7,427,329,8,7,1,-1,-1,-1
122,8,480,336,13,20,1,-1,-1,-1
122,9,444,340,8,8,1,-1,-1,-1
122,10,478,340,3,3,1,-1,-1,-1
122,11,451,342,11,27,1,-1,-1,-1
122,12,460,368,3,3,1,-1,-1,-1
123,1,197,0,5,3,1,-1,-1,-1
123,2,233,0,3,2,1,-1,-1,-1
123,3,205,3,3,3,1,-1,-1,-1
123,4,459,311,18,26,1,-1,-1,-1
123,5,455,318,8,10,1,-1,-1,-1
123,6,448,325,4,10,1,-1,-1,-1
123,7,427,331,5,4,1,-1,-1,-1
123,8,479,336,14,19,1,-1,-1,-1
123,9,448,340,3,4,1,-1,-1,-1
123,10,443,343,4,5,1,-1,-1,-1
123,11,450,342,11,25,1,-1,-1,-1
124,1,199,0,6,3,1,-1,-1,-1
124,2,248,4,3,3,1,-1,-1,-1
124,3,458,310,18,26,1,-1,-1,-1
124,4,454,321,7,7,1,-1,-1,-1
124,5,448,325,3,9,1,-1,-1,-1
124,6,426,329,7,6,1,-1,-1,-1
124,7,477,335,14,20,1,-1,-1,-1
124,8,443,339,8,9,1,-1,-1,-1
124,9,450,342,12,29,1,-1,-1,-1
125,1,201,0,4,2,1,-1,-1,-1
125,2,208,3,3,3,1,-1,-1,-1
125,3,202,4,3,3,1,-1,-1,-1
125,4,457,311,18,25,1,-1,-1,-1
125,5,453,319,8,9,1,-1,-1,-1
125,6,447,325,4,8,1,-1,-1,-1
125,7,426,330,4,5,1,-1,-1,-1
125,8,478,335,13,21,1,-1,-1,-1
125,9,442,339,8,8,1,-1,-1,-1
125,10,449,341,10,25,1,-1,-1,-1
125,11,457,365,3,3,1,-1,-1,-1
126,1,203,0,5,2,1,-1,-1,-1
126,2,456,310,18,26,1,-1,-1,-1
126,3,453,319,7,7,1,-1,-1,-1
126,4,446,324,4,9,1,-1,-1,-1
126,5,425,329,6,5,1,-1,-1,-1
126,6,477,334,13,21,1,-1,-1,-1
126,7,441,339,8,8,1,-1,-1,-1
126,8,448,341,11,29,1,-1,-1,-1
127,1,204,0,3,3,1,-1,-1,-1
127,2,456,310,18,26,1,-1,-1,-1
127,3,457,318,3,3,1,-1,-1,-1
127,4,451,322,6,5,1,-1,-1,-1
127,5,445,325,4,9,1,-1,-1,-1
127,6,423,330,6,5,1,-1,-1,-1
127,7,475,334,14,20,1,-1,-1,-1
127,8,441,338,8,9,1,-1,-1,-1
127,9,447,341,11,29,1,-1,-1,-1
128,1,205,0,3,2,1,-1,-1,-1
128,2,198,3,3,3,1,-1,-1,-1
128,3,249,3,3,3,1,-1,-1,-1
128,4,250,8,3,3,1,-1,-1,-1
128,5,455,310,16,26,1,-1,-1,-1
128,6,450,321,7,5,1,-1,-1,-1
128,7,444,325,5,9,1,-1,-1,-1
128,8,423,329,6,5,1,-1,-1,-1
128,9,474,334,13,21,1,-1,-1,-1
128,10,440,339,18,31,1,-1,-1,-1
129,1,206,0,4,2,1,-1,-1,-1
129,2,198,3,3,3,1,-1,-1,-1
129,3,210,5,3,3,1,-1,-1,-1
129,4,250,6,3,4,1,-1,-1,-1
129,5,454,309,19,27,1,-1,-1,-1
129,6,450,322,3,4,1,-1,-1,-1
129,7,444,324,4,9,1,-1,-1,-1
129,8,423,329,4,5,1,-1,-1,-1
129,9,475,334,13,21,1,-1,-1,-1
129,10,439,339,8,8,1,-1,-1,-1
129,11,447,341,9,28,1,-1,-1,-1
129,12,446,347,3,4,1,-1,-1,-1
130,1,203,0,7,5,1,-1,-1,-1
130,2,250,5,3,4,1,-1,-1,-1
130,3,454,310,18,26,1,-1,-1,-1
130,4,449,319,8,6,1,-1,-1,-1
130,5,443,324,5,9,1,-1,-1,-1
130,6,421,328,8,6,1,-1,-1,-1
130,7,473,334,14,21,1,-1,-1,-1
130,8,438,338,9,9,1,-1,-1,-1
130,9,445,340,11,28,1,-1,-1,-1
130,10,454,367,3,3,1,-1,-1,-1
131,1,205,0,6,4,1,-1,-1,-1
131,2,247,0,3,2,1,-1,-1,-1
131,3,197,5,3,3,1,-1,-1,-1
131,4,202,7,3,3,1,-1,-1,-1
131,5,453,311,16,25,1,-1,-1,-1
131,6,442,324,5,9,1,-1,-1,-1
131,7,421,328,7,6,1,-1,-1,-1
131,8,474,333,12,22,1,-1,-1,-1
131,9,438,338,16,26,1,-1,-1,-1
131,10,452,364,3,3,1,-1,-1,-1
132,1,206,0,7,4,1,-1,-1,-1
132,2,208,6,4,3,1,-1,-1,-1
132,3,251,6,3,5,1,-1,-1,-1
132,4,452,310,18,26,1,-1,-1,-1
132,5,442,324,4,8,1,-1,-1,-1
132,6,420,328,6,6,1,-1,-1,-1
132,7,471,334,15,20,1,-1,-1,-1
132,8,437,338,8,9,1,-1,-1,-1
132,9,443,340,11,28,1,-1,-1,-1
132,10,452,366,3,3,1,-1,-1,-1
133,1,204,0,9,6,1,-1,-1,-1
133,2,199,5,3,3,1,-1,-1,-1
133,3,451,310,19,25,1,-1,-1,-1
133,4,441,324,5,9,1,-1,-1,-1
133,5,420,327,6,6,1,-1,-1,-1
133,6,470,333,15,22,1,-1,-1,-1
133,7,436,338,9,9,1,-1,-1,-1
133,8,443,340,11,30,1,-1,-1,-1
134,1,203,0,11,7,1,-1,-1,-1
134,2,208,7,3,3,1,-1,-1,-1
134,3,252,7,3,3,1,-1,-1,-1
134,4,202,9,4,3,1,-1,-1,-1
134,5,450,310,19,25,1,-1,-1,-1
134,6,440,323,5,10,1,-1,-1,-1
134,7,419,327,6,6,1,-1,-1,-1
134,8,471,333,14,21,1,-1,-1,-1
134,9,435,338,8,8,1,-1,-1,-1
134,10,442,340,11,29,1,-1,-1,-1
135,1,203,9,3,3,1,-1,-1,-1
135,2,450,310,18,25,1,-1,-1,-1
135,3,440,323,5,10,1,-1,-1,-1
135,4,418,327,6,5,1,-1,-1,-1
135,5,470,333,13,21,1,-1,-1,-1
135,6,435,337,7,9,1,-1,-1,-1
135,7,468,338,3,3,1,-1,-1,-1
135,8,441,340,12,29,1,-1,-1,-1
136,1,209,0,7,5,1,-1,-1,-1
136,2,251,2,3,3,1,-1,-1,-1
136,3,203,5,3,3,1,-1,-1,-1
136,4,449,309,17,26,1,-1,-1,-1
136,5,439,323,5,9,1,-1,-1,-1
136,6,417,327,6,6,1,-1,-1,-1
136,7,468,333,15,20,1,-1,-1,-1
136,8,434,337,8,9,1,-1,-1,-1
136,9,441,340,10,28,1,-1,-1,-1
137,1,207,0,11,6,1,-1,-1,-1
137,2,248,0,4,3,1,-1,-1,-1
137,3,252,4,4,7,1,-1,-1,-1
137,4,202,6,3,3,1,-1,-1,-1
137,5,448,311,18,23,1,-1,-1,-1
137,6,438,323,5,9,1,-1,-1,-1
137,7,416,326,8,6,1,-1,-1,-1
137,8,469,333,13,20,1,-1,-1,-1
137,9,433,337,8,9,1,-1,-1,-1
137,10,440,339,11,30,1,-1,-1,-1
137,11,467,339,3,4,1,-1,-1,-1
138,1,204,0,14,9,1,-1,-1,-1
138,2,212,8,3,3,1,-1,-1,-1
138,3,447,309,18,26,1,-1,-1,-1
138,4,437,323,6,9,1,-1,-1,-1
138,5,416,327,5,5,1,-1,-1,-1
138,6,468,332,14,22,1,-1,-1,-1
138,7,433,337,8,8,1,-1,-1,-1
138,8,439,340,11,28,1,-1,-1,-1
139,1,215,0,3,3,1,-1,-1,-1
139,2,253,6,3,3,1,-1,-1,-1
139,3,447,315,14,20,1,-1,-1,-1
139,4,437,323,5,9,1,-1,-1,-1
139,5,415,327,5,4,1,-1,-1,-1
139,6,466,332,16,22,1,-1,-1,-1
139,7,431,336,10,10,1,-1,-1,-1
139,8,438,339,11,29,1,-1,-1,-1
140,1,216,0,3,2,1,-1,-1,-1
140,2,212,2,3,3,1,-1,-1,-1
140,3,202,8,3,3,1,-1,-1,-1
140,4,446,309,17,25,1,-1,-1,-1
140,5,436,323,5,9,1,-1,-1,-1
140,6,415,326,5,5,1,-1,-1,-1
140,7,465,333,14,21,1,-1,-1,-1
140,8,430,337,9,9,1,-1,-1,-1
140,9,437,339,12,29,1,-1,-1,-1
141,1,212,0,9,6,1,-1,-1,-1
141,2,253,4,3,3,1,-1,-1,-1
141,3,207,6,3,3,1,-1,-1,-1
141,4,197,8,8,5,1,-1,-1,-1
141,5,254,8,3,3,1,-1,-1,-1
141,6,446,309,16,25,1,-1,-1,-1
141,7,436,322,3,5,1,-1,-1,-1
141,8,416,326,3,5,1,-1,-1,-1
141,9,437,328,3,3,1,-1,-1,-1
141,10,469,332,7,19,1,-1,-1,-1
141,11,430,337,8,7,1,-1,-1,-1
141,12,437,339,10,27,1,-1,-1,-1
141,13,462,342,3,3,1,-1,-1,-1
141,14,466,342,4,9,1,-1,-1,-1
142,1,209,0,11,8,1,-1,-1,-1
142,2,202,8,5,4,1,-1,-1,-1
142,3,254,8,3,3,1,-1,-1,-1
142,4,445,312,14,22,1,-1,-1,-1
142,5,435,322,4,4,1,-1,-1,-1
142,6,413,325,6,7,1,-1,-1,-1
142,7,464,331,12,23,1,-1,-1,-1
142,8,476,332,4,5,1,-1,-1,-1
142,9,429,336,9,9,1,-1,-1,-1
142,10,436,339,11,27,1,-1,-1,-1
143,1,218,0,4,2,1,-1,-1,-1
143,2,203,8,5,4,1,-1,-1,-1
143,3,459,309,4,4,1,-1,-1,-1
143,4,445,313,13,20,1,-1,-1,-1
143,5,434,322,5,9,1,-1,-1,-1
143,6,412,325,8,7,1,-1,-1,-1
143,7,463,331,15,21,1,-1,-1,-1
143,8,433,336,4,5,1,-1,-1,-1
143,9,435,339,12,27,1,-1,-1,-1
143,10,429,340,3,5,1,-1,-1,-1
144,1,201,6,12,8,1,-1,-1,-1
144,2,444,311,14,22,1,-1,-1,-1
144,3,433,322,6,9,1,-1,-1,-1
144,4,412,325,6,5,1,-1,-1,-1
144,5,463,332,15,20,1,-1,-1,-1
144,6,428,336,8,8,1,-1,-1,-1
144,7,435,338,10,27,1,-1,-1,-1
144,8,462,338,3,5,1,-1,-1,-1
144,9,443,364,3,4,1,-1,-1,-1
145,1,251,0,3,2,1,-1,-1,-1
145,2,207,7,5,4,1,-1,-1,-1
145,3,441,310,20,23,1,-1,-1,-1
145,4,433,322,5,8,1,-1,-1,-1
145,5,411,324,5,6,1,-1,-1,-1
145,6,463,332,14,21,1,-1,-1,-1
145,7,428,336,7,8,1,-1,-1,-1
145,8,434,339,11,27,1,-1,-1,-1
146,1,220,0,3,2,1,-1,-1,-1
146,2,216,2,3,4,1,-1,-1,-1
146,3,211,6,3,3,1,-1,-1,-1
146,4,256,6,3,3,1,-1,-1,-1
146,5,205,10,3,3,1,-1,-1,-1
146,6,439,310,20,23,1,-1,-1,-1
146,7,432,321,4,5,1,-1,-1,-1
146,8,411,324,7,6,1,-1,-1,-1
146,9,433,327,4,3,1,-1,-1,-1
146,10,462,332,14,21,1,-1,-1,-1
146,11,427,335,8,8,1,-1,-1,-1
146,12,433,338,11,28,1,-1,-1,-1
147,1,220,0,3,2,1,-1,-1,-1
147,2,214,4,4,3,1,-1,-1,-1
147,3,208,8,4,4,1,-1,-1,-1
147,4,256,8,3,3,1,-1,-1,-1
147,5,204,11,3,3,1,-1,-1,-1
147,6,441,308,18,25,1,-1,-1,-1
147,7,442,319,3,3,1,-1,-1,-1
147,8,431,322,6,8,1,-1,-1,-1
147,9,411,325,3,3,1,-1,-1,-1
147,10,461,333,14,19,1,-1,-1,-1
147,11,426,335,8,8,1,-1,-1,-1
147,12,463,336,4,3,1,-1,-1,-1
147,13,432,338,11,29,1,-1,-1,-1
148,1,219,0,5,4,1,-1,-1,-1
148,2,257,8,3,3,1,-1,-1,-1
148,3,441,309,14,23,1,-1,-1,-1
148,4,431,321,5,9,1,-1,-1,-1
148,5,410,324,5,7,1,-1,-1,-1
148,6,460,332,15,21,1,-1,-1,-1
148,7,426,335,7,8,1,-1,-1,-1
148,8,432,337,10,28,1,-1,-1,-1
149,1,218,2,3,3,1,-1,-1,-1
149,2,212,7,4,3,1,-1,-1,-1
149,3,205,15,3,3,1,-1,-1,-1
149,4,439,309,16,24,1,-1,-1,-1
149,5,455,308,3,3,1,-1,-1,-1
149,6,430,320,4,5,1,-1,-1,-1
149,7,408,324,6,5,1,-1,-1,-1
149,8,430,326,5,4,1,-1,-1,-1
149,9,460,332,14,21,1,-1,-1,-1
149,10,424,334,8,9,1,-1,-1,-1
149,11,431,337,11,29,1,-1,-1,-1
150,1,212,5,6,6,1,-1,-1,-1
150,2,208,11,3,3,1,-1,-1,-1
150,3,440,309,17,24,1,-1,-1,-1
150,4,429,320,6,10,1,-1,-1,-1
150,5,438,320,3,3,1,-1,-1,-1
150,6,409,323,5,6,1,-1,-1,-1
150,7,461,332,6,7,1,-1,-1,-1
150,8,459,332,14,21,1,-1,-1,-1
150,9,424,334,17,29,1,-1,-1,-1
151,1,208,4,12,11,1,-1,-1,-1
151,2,436,307,21,25,1,-1,-1,-1
151,3,428,321,6,8,1,-1,-1,-1
151,4,407,323,9,6,1,-1,-1,-1
151,5,461,333,4,5,1,-1,-1,-1
151,6,458,332,14,21,1,-1,-1,-1
151,7,423,334,10,9,1,-1,-1,-1
151,8,430,337,10,28,1,-1,-1,-1
151,9,457,337,3,4,1,-1,-1,-1
152,1,212,7,5,5,1,-1,-1,-1
152,2,452,309,3,3,1,-1,-1,-1
152,3,439,310,14,22,1,-1,-1,-1
152,4,428,321,5,8,1,-1,-1,-1
152,5,407,323,6,5,1,-1,-1,-1
152,6,460,333,4,6,1,-1,-1,-1
152,7,458,333,13,19,1,-1,-1,-1
152,8,423,334,9,8,1,-1,-1,-1
152,9,429,336,11,29,1,-1,-1,-1
153,1,221,2,3,3,1,-1,-1,-1
153,2,216,6,3,3,1,-1,-1,-1
153,3,206,11,6,5,1,-1,-1,-1
153,4,436,307,19,25,1,-1,-1,-1
153,5,427,321,6,8,1,-1,-1,-1
153,6,405,324,6,5,1,-1,-1,-1
153,7,456,332,15,19,1,-1,-1,-1
153,8,426,334,5,5,1,-1,-1,-1
153,9,428,336,11,29,1,-1,-1,-1
153,10,422,338,3,5,1,-1,-1,-1
154,1,224,0,3,2,1,-1,-1,-1
154,2,208,10,7,6,1,-1,-1,-1
154,3,434,307,22,16,1,-1,-1,-1
154,4,427,320,3,4,1,-1,-1,-1
154,5,437,320,8,12,1,-1,-1,-1
154,6,405,323,5,5,1,-1,-1,-1
154,7,428,325,3,3,1,-1,-1,-1
154,8,456,331,14,21,1,-1,-1,-1
154,9,421,334,9,9,1,-1,-1,-1
154,10,458,335,4,4,1,-1,-1,-1
154,11,428,337,10,26,1,-1,-1,-1
154,12,435,361,3,3,1,-1,-1,-1
155,1,259,7,3,3,1,-1,-1,-1
155,2,210,8,8,7,1,-1,-1,-1
155,3,448,307,3,3,1,-1,-1,-1
155,4,436,310,15,22,1,-1,-1,-1
155,5,426,319,4,5,1,-1,-1,-1
155,6,405,323,4,5,1,-1,-1,-1
155,7,427,325,4,4,1,-1,-1,-1
155,8,456,331,14,19,1,-1,-1,-1
155,9,421,334,17,30,1,-1,-1,-1
155,10,454,336,3,5,1,-1,-1,-1
155,11,461,349,3,3,1,-1,-1,-1
156,1,214,8,5,4,1,-1,-1,-1
156,2,434,306,17,25,1,-1,-1,-1
156,3,425,319,6,10,1,-1,-1,-1
156,4,403,322,7,6,1,-1,-1,-1
156,5,460,331,9,21,1,-1,-1,-1
156,6,457,333,4,5,1,-1,-1,-1
156,7,419,334,8,8,1,-1,-1,-1
156,8,426,336,11,28,1,-1,-1,-1
156,9,455,341,4,7,1,-1,-1,-1
157,1,218,5,3,3,1,-1,-1,-1
157,2,209,13,5,4,1,-1,-1,-1
157,3,432,307,21,24,1,-1,-1,-1
157,4,425,319,5,9,1,-1,-1,-1
157,5,403,322,6,6,1,-1,-1,-1
157,6,419,333,8,9,1,-1,-1,-1
157,7,453,332,15,19,1,-1,-1,-1
157,8,425,336,11,29,1,-1,-1,-1
158,1,226,0,3,3,1,-1,-1,-1
158,2,254,0,3,2,1,-1,-1,-1
158,3,214,11,4,3,1,-1,-1,-1
158,4,431,310,17,21,1,-1,-1,-1
158,5,424,319,4,4,1,-1,-1,-1
158,6,402,321,6,6,1,-1,-1,-1
158,7,425,325,4,3,1,-1,-1,-1
158,8,454,331,13,20,1,-1,-1,-1
158,9,418,333,8,8,1,-1,-1,-1
158,10,425,336,10,28,1,-1,-1,-1
159,1,223,3,3,3,1,-1,-1,-1
159,2,214,7,8,7,1,-1,-1,-1
159,3,433,308,18,12,1,-1,-1,-1
159,4,423,319,4,5,1,-1,-1,-1
159,5,434,321,6,10,1,-1,-1,-1
159,6,402,322,5,6,1,-1,-1,-1
159,7,424,325,3,3,1,-1,-1,-1
159,8,451,331,16,20,1,-1,-1,-1
159,9,417,333,9,8,1,-1,-1,-1
159,10,424,336,11,26,1,-1,-1,-1
160,1,222,3,3,3,1,-1,-1,-1
160,2,217,9,3,3,1,-1,-1,-1
160,3,433,305,15,26,1,-1,-1,-1
160,4,430,317,5,5,1,-1,-1,-1
160,5,422,319,4,4,1,-1,-1,-1
160,6,401,322,5,5,1,-1,-1,-1
160,7,452,331,13,19,1,-1,-1,-1
160,8,417,333,9,8,1,-1,-1,-1
160,9,423,335,11,30,1,-1,-1,-1
161,1,213,12,4,4,1,-1,-1,-1
161,2,210,20,3,3,1,-1,-1,-1
161,3,432,307,15,23,1,-1,-1,-1
161,4,448,306,3,3,1,-1,-1,-1
161,5,422,318,5,9,1,-1,-1,-1
161,6,401,321,5,7,1,-1,-1,-1
161,7,451,331,13,19,1,-1,-1,-1
161,8,416,332,9,9,1,-1,-1,-1
161,9,422,335,12,28,1,-1,-1,-1
162,1,228,0,3,2,1,-1,-1,-1
162,2,213,12,5,5,1,-1,-1,-1
162,3,207,18,3,3,1,-1,-1,-1
162,4,431,309,15,22,1,-1,-1,-1
162,5,421,318,6,9,1,-1,-1,-1
162,6,400,321,5,6,1,-1,-1,-1
162,7,419,332,5,5,1,-1,-1,-1
162,8,451,332,13,19,1,-1,-1,-1
162,9,422,335,10,29,1,-1,-1,-1
162,10,415,336,4,5,1,-1,-1,-1
163,1,446,307,3,3,1,-1,-1,-1
163,2,431,309,14,21,1,-1,-1,-1
163,3,428,316,6,6,1,-1,-1,-1
163,4,420,318,6,9,1,-1,-1,-1
163,5,399,321,5,6,1,-1,-1,-1
163,6,419,332,4,5,1,-1,-1,-1
163,7,450,332,13,19,1,-1,-1,-1
163,9,414,336,4,4,1,-1,-1,-1
163,10,421,340,6,18,1,-1,-1,-1
164,1,221,8,3,3,1,-1,-1,-1
164,2,213,15,3,3,1,-1,-1,-1
164,3,430,307,17,23,1,-1,-1,-1
164,4,420,318,4,4,1,-1,-1,-1
164,5,398,321,5,5,1,-1,-1,-1
164,6,448,331,15,19,1,-1,-1,-1
164,7,414,332,8,8,1,-1,-1,-1
164,8,420,334,11,26,1,-1,-1,-1
165,1,214,10,3,3,1,-1,-1,-1
165,2,218,11,4,3,1,-1,-1,-1
165,3,208,14,4,3,1,-1,-1,-1
165,4,214,15,3,3,1,-1,-1,-1
165,5,427,307,20,22,1,-1,-1,-1
165,6,419,318,5,9,1,-1,-1,-1
165,7,398,320,5,6,1,-1,-1,-1
165,8,448,331,14,20,1,-1,-1,-1
165,9,413,332,8,8,1,-1,-1,-1
165,10,447,333,3,3,1,-1,-1,-1
165,11,420,334,10,29,1,-1,-1,-1
166,1,224,5,3,3,1,-1,-1,-1
166,2,221,9,3,3,1,-1,-1,-1
166,3,444,305,4,4,1,-1,-1,-1
166,4,427,309,15,21,1,-1,-1,-1
166,5,419,317,5,9,1,-1,-1,-1
166,6,397,320,6,4,1,-1,-1,-1
166,7,413,331,8,8,1,-1,-1,-1
166,8,445,330,17,20,1,-1,-1,-1
166,9,450,332,4,4,1,-1,-1,-1
166,10,419,334,10,27,1,-1,-1,-1
167,1,221,6,6,6,1,-1,-1,-1
167,2,213,21,3,3,1,-1,-1,-1
167,3,428,304,15,25,1,-1,-1,-1
167,4,418,317,3,5,1,-1,-1,-1
167,5,425,317,4,4,1,-1,-1,-1
167,6,397,320,5,6,1,-1,-1,-1
167,7,419,323,3,3,1,-1,-1,-1
167,8,412,331,8,8,1,-1,-1,-1
167,9,446,330,13,20,1,-1,-1,-1
167,10,446,333,6,5,1,-1,-1,-1
167,11,418,334,11,29,1,-1,-1,-1
168,1,426,306,15,23,1,-1,-1,-1
168,2,417,317,5,9,1,-1,-1,-1
168,3,395,319,7,7,1,-1,-1,-1
168,4,445,329,15,21,1,-1,-1,-1
168,5,415,331,4,4,1,-1,-1,-1
168,6,418,333,10,25,1,-1,-1,-1
168,7,411,335,4,5,1,-1,-1,-1
169,1,219,12,3,3,1,-1,-1,-1
169,2,210,20,3,3,1,-1,-1,-1
169,3,426,305,17,24,1,-1,-1,-1
169,4,416,317,6,9,1,-1,-1,-1
169,5,395,319,8,6,1,-1,-1,-1
169,6,446,329,12,20,1,-1,-1,-1
169,7,411,330,8,9,1,-1,-1,-1
169,8,417,334,10,29,1,-1,-1,-1
170,1,215,14,6,5,1,-1,-1,-1
170,2,435,304,5,5,1,-1,-1,-1
170,3,426,310,14,19,1,-1,-1,-1
170,4,416,317,3,4,1,-1,-1,-1
170,5,394,319,6,6,1,-1,-1,-1
170,6,417,322,4,3,1,-1,-1,-1
170,7,443,329,16,20,1,-1,-1,-1
170,8,409,330,8,8,1,-1,-1,-1
170,9,416,333,11,29,1,-1,-1,-1
171,1,424,304,21,24,1,-1,-1,-1
171,2,415,316,5,9,1,-1,-1,-1
171,3,394,318,5,6,1,-1,-1,-1
171,4,409,330,8,9,1,-1,-1,-1
171,5,446,331,4,4,1,-1,-1,-1
171,6,416,333,10,26,1,-1,-1,-1
171,7,444,332,12,17,1,-1,-1,-1
172,1,211,16,3,3,1,-1,-1,-1
172,2,440,305,3,3,1,-1,-1,-1
172,3,423,307,16,21,1,-1,-1,-1
172,4,414,316,5,5,1,-1,-1,-1
172,5,392,319,6,5,1,-1,-1,-1
172,6,415,322,4,3,1,-1,-1,-1
172,7,442,329,14,20,1,-1,-1,-1
172,8,409,330,7,8,1,-1,-1,-1
172,9,415,333,10,27,1,-1,-1,-1
173,1,422,305,17,23,1,-1,-1,-1
173,2,414,316,5,9,1,-1,-1,-1
173,3,393,318,5,5,1,-1,-1,-1
173,4,448,329,9,18,1,-1,-1,-1
173,5,407,330,9,9,1,-1,-1,-1
173,6,445,331,3,3,1,-1,-1,-1
173,7,414,333,10,27,1,-1,-1,-1
173,8,442,335,5,13,1,-1,-1,-1
174,1,217,16,3,3,1,-1,-1,-1
174,2,413,305,26,23,1,-1,-1,-1
174,3,391,318,5,6,1,-1,-1,-1
174,4,441,328,15,20,1,-1,-1,-1
174,5,407,330,8,8,1,-1,-1,-1
174,6,413,333,11,26,1,-1,-1,-1
175,1,232,0,3,3,1,-1,-1,-1
175,2,213,16,3,3,1,-1,-1,-1
175,3,420,302,19,25,1,-1,-1,-1
175,4,412,315,4,5,1,-1,-1,-1
175,5,391,318,4,5,1,-1,-1,-1
175,6,413,321,3,3,1,-1,-1,-1
175,7,406,329,18,31,1,-1,-1,-1
175,8,438,329,17,20,1,-1,-1,-1
175,9,420,357,3,3,1,-1,-1,-1
176,1,213,16,3,3,1,-1,-1,-1
176,2,419,306,15,21,1,-1,-1,-1
176,3,389,317,6,5,1,-1,-1,-1
176,4,412,316,6,8,1,-1,-1,-1
176,5,406,329,8,9,1,-1,-1,-1
176,6,443,328,12,21,1,-1,-1,-1
176,7,412,332,12,28,1,-1,-1,-1
176,8,441,338,4,9,1,-1,-1,-1
177,1,227,8,3,3,1,-1,-1,-1
177,2,222,14,3,3,1,-1,-1,-1
177,3,419,308,14,19,1,-1,-1,-1
177,4,411,315,5,9,1,-1,-1,-1
177,5,389,317,5,6,1,-1,-1,-1
177,6,405,329,8,8,1,-1,-1,-1
177,7,440,328,14,20,1,-1,-1,-1
177,8,411,332,10,27,1,-1,-1,-1
177,9,440,332,4,4,1,-1,-1,-1
178,1,420,304,19,23,1,-1,-1,-1
178,2,410,315,4,4,1,-1,-1,-1
178,3,418,314,5,4,1,-1,-1,-1
178,4,389,317,5,7,1,-1,-1,-1
178,5,412,320,4,3,1,-1,-1,-1
178,6,404,328,7,10,1,-1,-1,-1
178,7,437,328,14,20,1,-1,-1,-1
178,8,410,332,11,24,1,-1,-1,-1
179,1,419,306,13,21,1,-1,-1,-1
179,2,409,315,6,8,1,-1,-1,-1
179,3,388,317,6,5,1,-1,-1,-1
179,4,403,328,9,9,1,-1,-1,-1
179,5,439,328,13,19,1,-1,-1,-1
179,6,410,331,10,27,1,-1,-1,-1
180,1,214,22,3,3,1,-1,-1,-1
180,2,419,303,18,23,1,-1,-1,-1
180,3,409,314,5,9,1,-1,-1,-1
180,4,387,316,7,6,1,-1,-1,-1
180,5,438,327,14,21,1,-1,-1,-1
180,6,403,328,9,9,1,-1,-1,-1
180,7,409,331,10,28,1,-1,-1,-1
180,8,439,330,4,3,1,-1,-1,-1
181,1,217,20,3,3,1,-1,-1,-1
181,2,417,302,16,25,1,-1,-1,-1
181,3,408,314,4,5,1,-1,-1,-1
181,4,387,316,6,6,1,-1,-1,-1
181,5,409,320,4,3,1,-1,-1,-1
181,6,437,327,14,20,1,-1,-1,-1
181,7,402,328,8,8,1,-1,-1,-1
181,8,439,329,3,3,1,-1,-1,-1
181,9,408,331,10,29,1,-1,-1,-1
182,1,430,301,3,3,1,-1,-1,-1
182,2,415,306,14,20,1,-1,-1,-1
182,3,430,307,3,3,1,-1,-1,-1
182,4,408,314,5,9,1,-1,-1,-1
182,5,386,316,5,6,1,-1,-1,-1
182,6,436,326,13,21,1,-1,-1,-1
182,7,401,328,17,27,1,-1,-1,-1
182,8,439,329,3,3,1,-1,-1,-1
183,1,414,308,15,18,1,-1,-1,-1
183,2,407,314,5,9,1,-1,-1,-1
183,3,385,316,5,4,1,-1,-1,-1
183,4,401,328,8,7,1,-1,-1,-1
183,5,437,329,3,3,1,-1,-1,-1
183,6,441,328,8,19,1,-1,-1,-1
183,7,407,330,10,29,1,-1,-1,-1
183,8,436,336,4,11,1,-1,-1,-1
184,1,416,303,19,23,1,-1,-1,-1
184,2,406,313,5,10,1,-1,-1,-1
184,3,384,315,7,5,1,-1,-1,-1
184,4,414,314,3,3,1,-1,-1,-1
184,5,400,327,9,8,1,-1,-1,-1
184,6,435,327,13,20,1,-1,-1,-1
184,7,407,330,10,28,1,-1,-1,-1
185,1,415,307,15,18,1,-1,-1,-1
185,2,406,313,5,9,1,-1,-1,-1
185,3,385,315,6,6,1,-1,-1,-1
185,4,399,326,8,9,1,-1,-1,-1
185,5,434,326,15,20,1,-1,-1,-1
185,6,406,330,10,26,1,-1,-1,-1
186,1,414,301,18,24,1,-1,-1,-1
186,2,405,313,4,5,1,-1,-1,-1
186,3,383,315,6,5,1,-1,-1,-1
186,4,406,319,3,3,1,-1,-1,-1
186,5,398,326,9,9,1,-1,-1,-1
186,6,434,327,13,20,1,-1,-1,-1
186,7,435,328,3,3,1,-1,-1,-1
186,8,405,330,10,26,1,-1,-1,-1
187,1,412,301,19,23,1,-1,-1,-1
187,2,404,313,5,9,1,-1,-1,-1
187,3,383,315,4,5,1,-1,-1,-1
187,4,398,327,8,8,1,-1,-1,-1
187,5,438,327,9,20,1,-1,-1,-1
187,6,404,329,11,29,1,-1,-1,-1
187,7,432,332,4,3,1,-1,-1,-1
187,8,433,336,4,9,1,-1,-1,-1
188,1,411,301,18,24,1,-1,-1,-1
188,2,403,313,5,9,1,-1,-1,-1
188,3,382,314,5,6,1,-1,-1,-1
188,4,397,326,9,9,1,-1,-1,-1
188,5,437,326,10,20,1,-1,-1,-1
188,6,403,329,11,27,1,-1,-1,-1
188,7,432,329,3,4,1,-1,-1,-1
188,8,432,336,4,7,1,-1,-1,-1
189,1,412,303,16,22,1,-1,-1,-1
189,2,403,312,6,8,1,-1,-1,-1
189,3,381,314,7,6,1,-1,-1,-1
189,4,396,325,8,9,1,-1,-1,-1
189,5,439,325,3,3,1,-1,-1,-1
189,6,431,327,15,17,1,-1,-1,-1
189,7,403,329,10,29,1,-1,-1,-1
190,1,410,301,19,23,1,-1,-1,-1
190,2,402,312,5,9,1,-1,-1,-1
190,3,381,314,5,5,1,-1,-1,-1
190,4,396,326,8,8,1,-1,-1,-1
190,5,431,327,14,19,1,-1,-1,-1
190,6,402,329,11,29,1,-1,-1,-1
191,1,401,302,24,22,1,-1,-1,-1
191,2,381,313,6,6,1,-1,-1,-1
191,3,395,326,9,8,1,-1,-1,-1
191,4,429,326,15,20,1,-1,-1,-1
191,5,402,329,10,28,1,-1,-1,-1
192,1,419,303,3,3,1,-1,-1,-1
192,2,409,304,18,20,1,-1,-1,-1
192,3,401,311,7,9,1,-1,-1,-1
192,4,380,314,4,5,1,-1,-1,-1
192,5,395,325,8,8,1,-1,-1,-1
192,6,429,327,14,18,1,-1,-1,-1
192,7,400,329,11,27,1,-1,-1,-1
193,1,408,303,18,21,1,-1,-1,-1
193,2,401,311,3,4,1,-1,-1,-1
193,3,379,313,5,4,1,-1,-1,-1
193,4,401,316,5,4,1,-1,-1,-1
193,5,394,325,8,8,1,-1,-1,-1
193,6,429,325,14,21,1,-1,-1,-1
193,7,400,328,11,27,1,-1,-1,-1
194,1,245,15,3,3,1,-1,-1,-1
194,2,409,306,11,17,1,-1,-1,-1
194,3,399,310,4,6,1,-1,-1,-1
194,4,407,311,4,4,1,-1,-1,-1
194,5,378,313,5,5,1,-1,-1,-1
194,6,400,317,4,3,1,-1,-1,-1
194,7,393,325,9,8,1,-1,-1,-1
194,8,433,327,8,18,1,-1,-1,-1
194,9,399,328,11,29,1,-1,-1,-1
194,10,428,335,4,8,1,-1,-1,-1
195,1,406,304,16,19,1,-1,-1,-1
195,2,398,310,6,9,1,-1,-1,-1
195,3,378,314,4,4,1,-1,-1,-1
195,4,397,325,5,4,1,-1,-1,-1
195,5,427,324,14,19,1,-1,-1,-1
195,6,392,328,4,5,1,-1,-1,-1
195,7,399,328,10,30,1,-1,-1,-1
196,1,406,301,19,22,1,-1,-1,-1
196,2,398,311,4,4,1,-1,-1,-1
196,3,377,312,5,5,1,-1,-1,-1
196,4,400,316,3,3,1,-1,-1,-1
196,5,391,324,10,8,1,-1,-1,-1
196,6,432,324,8,20,1,-1,-1,-1
196,7,398,327,10,28,1,-1,-1,-1
196,8,426,334,5,10,1,-1,-1,-1
196,9,405,353,3,3,1,-1,-1,-1
197,1,405,301,18,21,1,-1,-1,-1
197,2,397,311,4,4,1,-1,-1,-1
197,3,376,312,5,6,1,-1,-1,-1
197,4,397,316,5,3,1,-1,-1,-1
197,5,391,324,8,8,1,-1,-1,-1
197,6,426,324,14,20,1,-1,-1,-1
197,7,397,327,11,27,1,-1,-1,-1
197,8,422,332,3,3,1,-1,-1,-1
197,9,404,354,3,3,1,-1,-1,-1
198,1,407,299,14,23,1,-1,-1,-1
198,2,397,310,5,9,1,-1,-1,-1
198,3,376,313,4,5,1,-1,-1,-1
198,4,390,323,9,9,1,-1,-1,-1
198,6,425,326,12,18,1,-1,-1,-1
198,7,425,328,3,4,1,-1,-1,-1
198,8,396,332,9,24,1,-1,-1,-1
199,1,404,299,19,23,1,-1,-1,-1
199,2,375,311,5,5,1,-1,-1,-1
199,3,396,310,6,9,1,-1,-1,-1
199,4,390,323,7,9,1,-1,-1,-1
199,5,424,325,14,19,1,-1,-1,-1
199,6,396,327,11,25,1,-1,-1,-1
200,1,405,300,17,22,1,-1,-1,-1
200,2,375,311,4,6,1,-1,-1,-1
200,3,395,310,5,9,1,-1,-1,-1
200,4,389,323,8,8,1,-1,-1,-1
200,5,423,325,16,18,1,-1,-1,-1
200,6,395,326,11,28,1,-1,-1,-1
200,7,424,332,4,10,1,-1,-1,-1
201,1,404,300,13,22,1,-1,-1,-1
201,2,395,309,6,9,1,-1,-1,-1
201,3,373,311,6,7,1,-1,-1,-1
201,4,388,323,8,9,1,-1,-1,-1
201,5,423,325,14,18,1,-1,-1,-1
201,6,395,326,10,29,1,-1,-1,-1
202,1,402,304,16,18,1,-1,-1,-1
202,2,394,309,4,5,1,-1,-1,-1
202,3,373,311,4,6,1,-1,-1,-1
202,4,395,315,3,3,1,-1,-1,-1
202,5,392,323,4,5,1,-1,-1,-1
202,6,422,324,14,19,1,-1,-1,-1
202,7,387,327,4,4,1,-1,-1,-1
202,8,394,326,10,29,1,-1,-1,-1
203,1,403,302,13,19,1,-1,-1,-1
203,2,393,309,4,4,1,-1,-1,-1
203,3,402,308,4,4,1,-1,-1,-1
203,4,373,310,5,4,1,-1,-1,-1
203,5,394,314,5,4,1,-1,-1,-1
203,6,391,322,4,6,1,-1,-1,-1
203,7,393,325,11,30,1,-1,-1,-1
203,8,426,325,9,18,1,-1,-1,-1
203,9,387,327,3,4,1,-1,-1,-1
203,10,421,331,5,11,1,-1,-1,-1
204,1,400,303,15,18,1,-1,-1,-1
204,2,393,309,3,4,1,-1,-1,-1
204,3,372,310,6,5,1,-1,-1,-1
204,4,393,314,5,3,1,-1,-1,-1
204,5,386,323,8,8,1,-1,-1,-1
204,6,423,322,12,21,1,-1,-1,-1
204,7,393,326,10,25,1,-1,-1,-1
204,8,421,332,4,9,1,-1,-1,-1
205,1,400,297,19,24,1,-1,-1,-1
205,2,392,308,5,9,1,-1,-1,-1
205,3,371,310,5,5,1,-1,-1,-1
205,4,386,321,9,9,1,-1,-1,-1
205,5,420,323,13,19,1,-1,-1,-1
205,6,392,325,10,28,1,-1,-1,-1
206,1,399,299,16,21,1,-1,-1,-1
206,2,415,299,3,3,1,-1,-1,-1
206,3,391,308,5,9,1,-1,-1,-1
206,4,370,310,5,6,1,-1,-1,-1
206,5,384,322,9,9,1,-1,-1,-1
206,6,419,322,15,20,1,-1,-1,-1
206,7,391,325,11,26,1,-1,-1,-1
207,1,409,299,6,7,1,-1,-1,-1
207,2,398,304,13,16,1,-1,-1,-1
207,3,370,309,5,6,1,-1,-1,-1
207,4,390,308,6,8,1,-1,-1,-1
207,5,384,322,9,8,1,-1,-1,-1
207,6,423,323,9,18,1,-1,-1,-1
207,7,390,325,11,25,1,-1,-1,-1
207,8,419,330,4,12,1,-1,-1,-1
208,1,398,298,17,22,1,-1,-1,-1
208,2,369,309,5,5,1,-1,-1,-1
208,3,390,308,4,4,1,-1,-1,-1
208,4,390,313,6,3,1,-1,-1,-1
208,5,383,321,8,9,1,-1,-1,-1
208,6,418,323,14,19,1,-1,-1,-1
208,7,389,324,11,28,1,-1,-1,-1
209,1,399,297,15,22,1,-1,-1,-1
209,2,389,307,4,5,1,-1,-1,-1
209,3,368,309,5,5,1,-1,-1,-1
209,4,390,313,5,3,1,-1,-1,-1
209,5,387,321,4,5,1,-1,-1,-1
209,6,417,322,14,19,1,-1,-1,-1
209,7,382,325,4,4,1,-1,-1,-1
209,8,389,324,11,27,1,-1,-1,-1
209,9,417,327,4,3,1,-1,-1,-1
210,1,396,300,18,19,1,-1,-1,-1
210,2,368,309,4,5,1,-1,-1,-1
210,3,388,308,6,8,1,-1,-1,-1
210,4,382,320,10,10,1,-1,-1,-1
210,5,417,323,13,18,1,-1,-1,-1
210,6,389,324,10,24,1,-1,-1,-1
211,1,398,301,15,18,1,-1,-1,-1
211,2,387,307,6,9,1,-1,-1,-1
211,3,367,309,4,4,1,-1,-1,-1
211,4,381,320,8,10,1,-1,-1,-1
211,5,416,323,13,6,1,-1,-1,-1
211,6,388,324,11,25,1,-1,-1,-1
211,7,416,330,10,11,1,-1,-1,-1
212,1,396,300,17,19,1,-1,-1,-1
212,2,387,307,6,9,1,-1,-1,-1
212,3,366,308,5,5,1,-1,-1,-1
212,4,385,320,4,6,1,-1,-1,-1
212,5,415,323,14,17,1,-1,-1,-1
212,6,380,324,4,5,1,-1,-1,-1
212,7,387,324,10,28,1,-1,-1,-1
213,1,394,300,18,19,1,-1,-1,-1
213,2,387,307,5,8,1,-1,-1,-1
213,3,366,308,4,5,1,-1,-1,-1
213,4,384,320,3,5,1,-1,-1,-1
213,5,421,323,7,10,1,-1,-1,-1
213,6,380,325,3,3,1,-1,-1,-1
213,7,386,324,11,25,1,-1,-1,-1
213,8,414,330,5,10,1,-1,-1,-1
213,9,420,336,4,5,1,-1,-1,-1
214,1,394,297,16,21,1,-1,-1,-1
214,2,386,307,3,4,1,-1,-1,-1
214,3,366,308,4,4,1,-1,-1,-1
214,4,387,312,3,3,1,-1,-1,-1
214,5,379,319,9,9,1,-1,-1,-1
214,6,414,320,14,20,1,-1,-1,-1
214,7,385,323,11,26,1,-1,-1,-1
214,8,414,330,4,10,1,-1,-1,-1
215,1,393,297,17,21,1,-1,-1,-1
215,2,385,306,6,9,1,-1,-1,-1
215,3,364,308,4,4,1,-1,-1,-1
215,4,383,320,5,6,1,-1,-1,-1
215,5,413,320,14,19,1,-1,-1,-1
215,6,385,323,11,26,1,-1,-1,-1
215,7,379,324,3,4,1,-1,-1,-1
215,8,391,342,3,3,1,-1,-1,-1
216,1,392,297,18,21,1,-1,-1,-1
216,2,364,307,4,6,1,-1,-1,-1
216,3,385,306,5,9,1,-1,-1,-1
216,4,378,321,17,29,1,-1,-1,-1
216,5,417,321,8,18,1,-1,-1,-1
216,6,413,330,4,8,1,-1,-1,-1
217,1,406,294,3,3,1,-1,-1,-1
217,2,395,298,14,18,1,-1,-1,-1
217,3,393,305,3,3,1,-1,-1,-1
217,4,364,307,3,5,1,-1,-1,-1
217,5,384,307,3,3,1,-1,-1,-1
217,6,385,311,4,3,1,-1,-1,-1
217,7,377,319,10,9,1,-1,-1,-1
217,8,417,321,8,18,1,-1,-1,-1
217,9,384,323,10,29,1,-1,-1,-1
217,10,411,326,5,13,1,-1,-1,-1
218,1,391,297,17,20,1,-1,-1,-1
218,2,363,307,3,4,1,-1,-1,-1
218,3,383,306,4,4,1,-1,-1,-1
218,4,384,311,4,3,1,-1,-1,-1
218,5,376,319,18,28,1,-1,-1,-1
218,6,412,319,12,20,1,-1,-1,-1
219,1,405,294,5,4,1,-1,-1,-1
219,2,390,298,17,19,1,-1,-1,-1
219,3,362,307,4,4,1,-1,-1,-1
219,4,382,306,5,8,1,-1,-1,-1
219,5,380,319,4,5,1,-1,-1,-1
219,6,416,319,9,20,1,-1,-1,-1
219,7,376,323,3,4,1,-1,-1,-1
219,8,382,322,11,29,1,-1,-1,-1
219,9,411,330,4,8,1,-1,-1,-1
220,1,391,298,17,19,1,-1,-1,-1
220,2,382,304,4,5,1,-1,-1,-1
220,3,361,306,4,5,1,-1,-1,-1
220,4,383,310,4,3,1,-1,-1,-1
220,5,379,319,6,5,1,-1,-1,-1
220,6,381,321,11,26,1,-1,-1,-1
220,7,413,320,12,18,1,-1,-1,-1
220,8,375,324,3,3,1,-1,-1,-1
220,9,409,324,5,12,1,-1,-1,-1
220,10,388,344,3,3,1,-1,-1,-1
221,1,389,298,18,18,1,-1,-1,-1
221,2,381,304,4,5,1,-1,-1,-1
221,3,361,307,4,4,1,-1,-1,-1
221,4,382,310,5,3,1,-1,-1,-1
221,5,374,317,10,9,1,-1,-1,-1
221,6,381,321,11,29,1,-1,-1,-1
221,7,409,320,15,19,1,-1,-1,-1
222,1,390,299,13,17,1,-1,-1,-1
222,2,359,305,6,5,1,-1,-1,-1
222,3,381,305,3,3,1,-1,-1,-1
222,4,382,309,3,4,1,-1,-1,-1
222,5,374,318,9,8,1,-1,-1,-1
222,6,409,319,13,20,1,-1,-1,-1
222,8,380,327,5,20,1,-1,-1,-1
223,1,387,299,16,17,1,-1,-1,-1
223,2,360,305,3,5,1,-1,-1,-1
223,3,380,304,4,9,1,-1,-1,-1
223,4,373,317,10,9,1,-1,-1,-1
223,5,379,321,12,26,1,-1,-1,-1
223,6,413,320,9,18,1,-1,-1,-1
223,7,408,328,4,8,1,-1,-1,-1
223,8,386,347,3,4,1,-1,-1,-1
224,1,387,293,19,23,1,-1,-1,-1
224,2,379,304,6,8,1,-1,-1,-1
224,3,358,306,5,5,1,-1,-1,-1
224,4,377,318,5,5,1,-1,-1,-1
224,5,411,319,11,17,1,-1,-1,-1
224,6,372,320,17,27,1,-1,-1,-1
224,7,408,326,3,12,1,-1,-1,-1
224,8,385,343,3,4,1,-1,-1,-1
225,1,386,296,18,20,1,-1,-1,-1
225,2,358,305,4,4,1,-1,-1,-1
225,3,379,304,3,3,1,-1,-1,-1
225,4,379,309,4,3,1,-1,-1,-1
225,5,372,317,8,10,1,-1,-1,-1
225,6,407,318,13,20,1,-1,-1,-1
225,7,379,320,10,29,1,-1,-1,-1
226,1,386,293,17,22,1,-1,-1,-1
226,2,378,303,4,5,1,-1,-1,-1
226,3,358,304,5,5,1,-1,-1,-1
226,4,379,309,3,3,1,-1,-1,-1
226,5,371,316,9,10,1,-1,-1,-1
226,6,408,319,10,19,1,-1,-1,-1
226,7,378,320,11,25,1,-1,-1,-1
226,8,406,327,4,10,1,-1,-1,-1
227,1,387,296,16,19,1,-1,-1,-1
227,2,377,303,6,8,1,-1,-1,-1
227,3,356,304,7,6,1,-1,-1,-1
227,4,385,304,3,3,1,-1,-1,-1
227,5,371,317,9,8,1,-1,-1,-1
227,6,409,317,10,22,1,-1,-1,-1
227,7,376,320,12,26,1,-1,-1,-1
227,8,402,325,7,11,1,-1,-1,-1
227,9,383,338,4,4,1,-1,-1,-1
228,1,395,294,5,4,1,-1,-1,-1
228,2,384,299,15,16,1,-1,-1,-1
228,3,377,302,5,10,1,-1,-1,-1
228,4,356,304,5,5,1,-1,-1,-1
228,5,374,317,3,4,1,-1,-1,-1
228,6,405,318,13,19,1,-1,-1,-1
228,7,370,320,3,5,1,-1,-1,-1
228,8,376,320,11,28,1,-1,-1,-1
229,1,384,293,20,22,1,-1,-1,-1
229,2,376,302,4,5,1,-1,-1,-1
229,3,355,304,4,5,1,-1,-1,-1
229,4,377,308,4,3,1,-1,-1,-1
229,5,369,316,9,9,1,-1,-1,-1
229,6,376,319,10,27,1,-1,-1,-1
229,7,403,319,12,18,1,-1,-1,-1
229,8,404,326,4,10,1,-1,-1,-1
230,1,385,293,14,21,1,-1,-1,-1
230,2,375,303,4,4,1,-1,-1,-1
230,3,355,304,4,5,1,-1,-1,-1
230,4,376,308,3,3,1,-1,-1,-1
230,5,373,316,5,5,1,-1,-1,-1
230,6,374,319,12,30,1,-1,-1,-1
230,7,404,318,11,18,1,-1,-1,-1
230,8,369,320,3,3,1,-1,-1,-1
231,1,399,293,3,3,1,-1,-1,-1
231,2,384,295,14,19,1,-1,-1,-1
231,3,355,303,4,5,1,-1,-1,-1
231,4,375,302,5,9,1,-1,-1,-1
231,5,368,316,8,8,1,-1,-1,-1
231,6,402,317,13,18,1,-1,-1,-1
231,7,374,319,12,27,1,-1,-1,-1
231,8,403,326,4,10,1,-1,-1,-1
232,1,397,290,3,3,1,-1,-1,-1
232,2,382,296,16,18,1,-1,-1,-1
232,3,374,301,5,9,1,-1,-1,-1
232,4,353,303,5,6,1,-1,-1,-1
232,5,367,315,9,9,1,-1,-1,-1
232,6,405,316,11,19,1,-1,-1,-1
232,7,374,318,10,29,1,-1,-1,-1
232,8,401,320,3,4,1,-1,-1,-1
232,9,402,325,4,10,1,-1,-1,-1
233,1,396,290,4,3,1,-1,-1,-1
233,2,382,295,17,19,1,-1,-1,-1
233,3,353,303,4,5,1,-1,-1,-1
233,4,374,302,3,4,1,-1,-1,-1
233,5,374,307,4,3,1,-1,-1,-1
233,6,371,315,4,5,1,-1,-1,-1
233,7,402,316,12,20,1,-1,-1,-1
233,8,367,319,3,4,1,-1,-1,-1
233,9,373,318,10,25,1,-1,-1,-1
233,10,377,341,5,7,1,-1,-1,-1
234,1,381,295,16,19,1,-1,-1,-1
234,2,373,301,4,5,1,-1,-1,-1
234,3,352,302,7,6,1,-1,-1,-1
234,4,374,307,3,3,1,-1,-1,-1
234,5,371,315,4,5,1,-1,-1,-1
234,6,366,319,4,4,1,-1,-1,-1
234,7,372,318,11,27,1,-1,-1,-1
234,8,400,318,13,17,1,-1,-1,-1
234,9,401,328,4,7,1,-1,-1,-1
235,1,381,292,16,21,1,-1,-1,-1
235,2,372,301,5,9,1,-1,-1,-1
235,3,352,303,3,4,1,-1,-1,-1
235,4,365,315,9,8,1,-1,-1,-1
235,5,403,316,11,19,1,-1,-1,-1
235,6,372,318,10,26,1,-1,-1,-1
235,7,400,324,4,9,1,-1,-1,-1
236,1,379,291,22,21,1,-1,-1,-1
236,2,371,301,7,4,1,-1,-1,-1
236,3,350,302,5,5,1,-1,-1,-1
236,4,372,306,6,3,1,-1,-1,-1
236,5,365,314,11,28,1,-1,-1,-1
236,6,403,315,8,17,1,-1,-1,-1
236,7,376,317,6,16,1,-1,-1,-1
236,8,398,321,5,12,1,-1,-1,-1
236,9,374,344,3,3,1,-1,-1,-1
237,1,378,290,17,22,1,-1,-1,-1
237,2,350,301,7,4,1,-1,-1,-1
237,3,371,301,3,4,1,-1,-1,-1
237,4,364,313,10,9,1,-1,-1,-1
237,5,398,315,13,19,1,-1,-1,-1
237,6,371,318,9,24,1,-1,-1,-1
237,7,399,324,4,10,1,-1,-1,-1
238,1,389,291,4,4,1,-1,-1,-1
238,2,380,296,13,16,1,-1,-1,-1
238,3,370,300,4,9,1,-1,-1,-1
238,4,349,302,4,5,1,-1,-1,-1
238,5,363,314,16,28,1,-1,-1,-1
238,6,401,315,11,19,1,-1,-1,-1
238,7,397,321,5,10,1,-1,-1,-1
238,8,376,344,3,3,1,-1,-1,-1
239,1,377,292,15,20,1,-1,-1,-1
239,2,348,301,6,6,1,-1,-1,-1
239,3,370,300,3,4,1,-1,-1,-1
239,4,371,305,5,3,1,-1,-1,-1
239,5,367,313,5,6,1,-1,-1,-1
239,6,374,317,6,19,1,-1,-1,-1
239,7,398,316,14,17,1,-1,-1,-1
239,8,363,318,3,3,1,-1,-1,-1
239,9,397,318,3,3,1,-1,-1,-1
239,10,369,323,8,21,1,-1,-1,-1
239,11,403,329,3,6,1,-1,-1,-1
240,1,394,290,3,3,1,-1,-1,-1
240,2,379,294,14,18,1,-1,-1,-1
240,3,347,301,6,7,1,-1,-1,-1
240,4,369,300,3,4,1,-1,-1,-1
240,5,367,314,5,5,1,-1,-1,-1
240,6,401,314,9,20,1,-1,-1,-1
240,7,362,317,4,5,1,-1,-1,-1
240,8,368,316,12,26,1,-1,-1,-1
240,9,396,318,3,4,1,-1,-1,-1
240,10,396,324,5,9,1,-1,-1,-1
240,11,375,342,3,4,1,-1,-1,-1
241,1,389,290,5,6,1,-1,-1,-1
241,2,369,293,21,17,1,-1,-1,-1
241,3,347,301,4,4,1,-1,-1,-1
241,4,369,300,3,3,1,-1,-1,-1
241,5,361,313,9,9,1,-1,-1,-1
241,6,368,316,10,26,1,-1,-1,-1
241,7,396,317,13,16,1,-1,-1,-1
241,8,374,339,3,4,1,-1,-1,-1
242,1,376,288,17,23,1,-1,-1,-1
242,2,346,300,5,6,1,-1,-1,-1
242,3,367,300,6,8,1,-1,-1,-1
242,4,365,313,5,5,1,-1,-1,-1
242,5,361,317,3,5,1,-1,-1,-1
242,6,367,316,11,28,1,-1,-1,-1
242,7,395,316,14,16,1,-1,-1,-1
243,1,387,290,3,3,1,-1,-1,-1
243,2,391,290,4,4,1,-1,-1,-1
243,3,375,293,15,19,1,-1,-1,-1
243,4,367,299,5,8,1,-1,-1,-1
243,5,345,300,6,6,1,-1,-1,-1
243,6,360,312,9,9,1,-1,-1,-1
243,7,394,315,15,19,1,-1,-1,-1
243,8,367,316,10,25,1,-1,-1,-1
244,1,374,289,20,21,1,-1,-1,-1
244,2,366,299,4,5,1,-1,-1,-1
244,3,345,300,5,5,1,-1,-1,-1
244,4,360,312,9,9,1,-1,-1,-1
244,5,394,313,13,21,1,-1,-1,-1
244,6,366,315,10,25,1,-1,-1,-1
245,1,387,288,5,6,1,-1,-1,-1
245,2,373,292,16,18,1,-1,-1,-1
245,3,366,299,3,5,1,-1,-1,-1
245,4,345,300,4,5,1,-1,-1,-1
245,5,359,313,9,7,1,-1,-1,-1
245,6,395,313,13,21,1,-1,-1,-1
245,7,369,315,7,26,1,-1,-1,-1
245,8,393,317,3,5,1,-1,-1,-1
245,9,365,322,5,15,1,-1,-1,-1
245,10,394,323,3,4,1,-1,-1,-1
246,1,390,286,3,3,1,-1,-1,-1
246,2,372,289,17,21,1,-1,-1,-1
246,3,344,299,6,8,1,-1,-1,-1
246,4,365,298,4,5,1,-1,-1,-1
246,5,367,304,3,3,1,-1,-1,-1
246,6,358,313,9,10,1,-1,-1,-1
246,7,390,313,14,19,1,-1,-1,-1
246,8,365,315,10,26,1,-1,-1,-1
246,9,405,314,3,3,1,-1,-1,-1
246,10,371,343,3,3,1,-1,-1,-1
247,1,372,290,15,21,1,-1,-1,-1
247,2,364,297,4,5,1,-1,-1,-1
247,3,343,299,6,5,1,-1,-1,-1
247,4,366,304,3,3,1,-1,-1,-1
247,5,362,311,5,6,1,-1,-1,-1
247,6,392,313,14,20,1,-1,-1,-1
247,7,357,315,17,27,1,-1,-1,-1
